2 2 2 quodigious!
3 3 3 quodigious!
4 4 4 quodigious!
5 5 5 quodigious!
6 6 6 quodigious!
7 7 7 quodigious!
8 8 8 quodigious!
9 9 9 quodigious!

22 4 4
23 5 6
24 6 8 quodigious!
25 7 10
26 8 12
27 9 14
28 10 16
29 11 18


32 5 6
33 6 9
34 7 12
35 8 15
36 9 18 quodigious!
37 10 21
38 11 24
39 12 27


42 6 8
43 7 12
44 8 16
45 9 20
46 10 24
47 11 28
48 12 32
49 13 36


52 7 10
53 8 15
54 9 20
55 10 25
56 11 30
57 12 35
58 13 40
59 14 45


62 8 12
63 9 18
64 10 24
65 11 30
66 12 36
67 13 42
68 14 48
69 15 54


72 9 14
73 10 21
74 11 28
75 12 35
76 13 42
77 14 49
78 15 56
79 16 63


82 10 16
83 11 24
84 12 32
85 13 40
86 14 48
87 15 56
88 16 64
89 17 72


92 11 18
93 12 27
94 13 36
95 14 45
96 15 54
97 16 63
98 17 72
99 18 81

222 6 8
223 7 12
224 8 16 quodigious!
225 9 20
226 10 24
227 11 28
228 12 32
229 13 36


232 7 12
233 8 18
234 9 24
235 10 30
236 11 36
237 12 42
238 13 48
239 14 54


242 8 16
243 9 24
244 10 32
245 11 40
246 12 48
247 13 56
248 14 64
249 15 72


252 9 20
253 10 30
254 11 40
255 12 50
256 13 60
257 14 70
258 15 80
259 16 90


262 10 24
263 11 36
264 12 48
265 13 60
266 14 72
267 15 84
268 16 96
269 17 108


272 11 28
273 12 42
274 13 56
275 14 70
276 15 84
277 16 98
278 17 112
279 18 126


282 12 32
283 13 48
284 14 64
285 15 80
286 16 96
287 17 112
288 18 128
289 19 144


292 13 36
293 14 54
294 15 72
295 16 90
296 17 108
297 18 126
298 19 144
299 20 162






















322 7 12
323 8 18
324 9 24
325 10 30
326 11 36
327 12 42
328 13 48
329 14 54


332 8 18
333 9 27
334 10 36
335 11 45
336 12 54
337 13 63
338 14 72
339 15 81


342 9 24
343 10 36
344 11 48
345 12 60
346 13 72
347 14 84
348 15 96
349 16 108


352 10 30
353 11 45
354 12 60
355 13 75
356 14 90
357 15 105
358 16 120
359 17 135


362 11 36
363 12 54
364 13 72
365 14 90
366 15 108
367 16 126
368 17 144
369 18 162


372 12 42
373 13 63
374 14 84
375 15 105
376 16 126
377 17 147
378 18 168
379 19 189


382 13 48
383 14 72
384 15 96
385 16 120
386 17 144
387 18 168
388 19 192
389 20 216


392 14 54
393 15 81
394 16 108
395 17 135
396 18 162
397 19 189
398 20 216
399 21 243






















422 8 16
423 9 24
424 10 32
425 11 40
426 12 48
427 13 56
428 14 64
429 15 72


432 9 24 quodigious!
433 10 36
434 11 48
435 12 60
436 13 72
437 14 84
438 15 96
439 16 108


442 10 32
443 11 48
444 12 64
445 13 80
446 14 96
447 15 112
448 16 128
449 17 144


452 11 40
453 12 60
454 13 80
455 14 100
456 15 120
457 16 140
458 17 160
459 18 180


462 12 48
463 13 72
464 14 96
465 15 120
466 16 144
467 17 168
468 18 192
469 19 216


472 13 56
473 14 84
474 15 112
475 16 140
476 17 168
477 18 196
478 19 224
479 20 252


482 14 64
483 15 96
484 16 128
485 17 160
486 18 192
487 19 224
488 20 256
489 21 288


492 15 72
493 16 108
494 17 144
495 18 180
496 19 216
497 20 252
498 21 288
499 22 324






















522 9 20
523 10 30
524 11 40
525 12 50
526 13 60
527 14 70
528 15 80
529 16 90


532 10 30
533 11 45
534 12 60
535 13 75
536 14 90
537 15 105
538 16 120
539 17 135


542 11 40
543 12 60
544 13 80
545 14 100
546 15 120
547 16 140
548 17 160
549 18 180


552 12 50
553 13 75
554 14 100
555 15 125
556 16 150
557 17 175
558 18 200
559 19 225


562 13 60
563 14 90
564 15 120
565 16 150
566 17 180
567 18 210
568 19 240
569 20 270


572 14 70
573 15 105
574 16 140
575 17 175
576 18 210
577 19 245
578 20 280
579 21 315


582 15 80
583 16 120
584 17 160
585 18 200
586 19 240
587 20 280
588 21 320
589 22 360


592 16 90
593 17 135
594 18 180
595 19 225
596 20 270
597 21 315
598 22 360
599 23 405






















622 10 24
623 11 36
624 12 48 quodigious!
625 13 60
626 14 72
627 15 84
628 16 96
629 17 108


632 11 36
633 12 54
634 13 72
635 14 90
636 15 108
637 16 126
638 17 144
639 18 162


642 12 48
643 13 72
644 14 96
645 15 120
646 16 144
647 17 168
648 18 192
649 19 216


652 13 60
653 14 90
654 15 120
655 16 150
656 17 180
657 18 210
658 19 240
659 20 270


662 14 72
663 15 108
664 16 144
665 17 180
666 18 216
667 19 252
668 20 288
669 21 324


672 15 84
673 16 126
674 17 168
675 18 210
676 19 252
677 20 294
678 21 336
679 22 378


682 16 96
683 17 144
684 18 192
685 19 240
686 20 288
687 21 336
688 22 384
689 23 432


692 17 108
693 18 162
694 19 216
695 20 270
696 21 324
697 22 378
698 23 432
699 24 486






















722 11 28
723 12 42
724 13 56
725 14 70
726 15 84
727 16 98
728 17 112
729 18 126


732 12 42
733 13 63
734 14 84
735 15 105 quodigious!
736 16 126
737 17 147
738 18 168
739 19 189


742 13 56
743 14 84
744 15 112
745 16 140
746 17 168
747 18 196
748 19 224
749 20 252


752 14 70
753 15 105
754 16 140
755 17 175
756 18 210
757 19 245
758 20 280
759 21 315


762 15 84
763 16 126
764 17 168
765 18 210
766 19 252
767 20 294
768 21 336
769 22 378


772 16 98
773 17 147
774 18 196
775 19 245
776 20 294
777 21 343
778 22 392
779 23 441


782 17 112
783 18 168
784 19 224
785 20 280
786 21 336
787 22 392
788 23 448
789 24 504


792 18 126
793 19 189
794 20 252
795 21 315
796 22 378
797 23 441
798 24 504
799 25 567






















822 12 32
823 13 48
824 14 64
825 15 80
826 16 96
827 17 112
828 18 128
829 19 144


832 13 48
833 14 72
834 15 96
835 16 120
836 17 144
837 18 168
838 19 192
839 20 216


842 14 64
843 15 96
844 16 128
845 17 160
846 18 192
847 19 224
848 20 256
849 21 288


852 15 80
853 16 120
854 17 160
855 18 200
856 19 240
857 20 280
858 21 320
859 22 360


862 16 96
863 17 144
864 18 192
865 19 240
866 20 288
867 21 336
868 22 384
869 23 432


872 17 112
873 18 168
874 19 224
875 20 280
876 21 336
877 22 392
878 23 448
879 24 504


882 18 128
883 19 192
884 20 256
885 21 320
886 22 384
887 23 448
888 24 512
889 25 576


892 19 144
893 20 216
894 21 288
895 22 360
896 23 432
897 24 504
898 25 576
899 26 648






















922 13 36
923 14 54
924 15 72
925 16 90
926 17 108
927 18 126
928 19 144
929 20 162


932 14 54
933 15 81
934 16 108
935 17 135
936 18 162
937 19 189
938 20 216
939 21 243


942 15 72
943 16 108
944 17 144
945 18 180
946 19 216
947 20 252
948 21 288
949 22 324


952 16 90
953 17 135
954 18 180
955 19 225
956 20 270
957 21 315
958 22 360
959 23 405


962 17 108
963 18 162
964 19 216
965 20 270
966 21 324
967 22 378
968 23 432
969 24 486


972 18 126
973 19 189
974 20 252
975 21 315
976 22 378
977 23 441
978 24 504
979 25 567


982 19 144
983 20 216
984 21 288
985 22 360
986 23 432
987 24 504
988 25 576
989 26 648


992 20 162
993 21 243
994 22 324
995 23 405
996 24 486
997 25 567
998 26 648
999 27 729

