2222224224288768	(3010100020009)
2222229872443392	(201010000020208)
2222233634783232	(1010100010507)
2222237898768384	(104020100010205)
2222242262286336	(1000300010209)
2222246222364672	(10300020109)
2222272226377728	(1040100000109)
2222292327284736	(101020100010208)
2222322833424384	(2000000030407)
2222342377242624	(20100030208)
2222372632338432	(1010100010507)
2222372723687424	(1030100020207)
2222374346293248	(101010100030306)
2222394673379328	(201020100010405)
2222423423926272	(100010100020209)
2222477722386432	(1030100020207)
2222478632779776	(101050200010105)
2222623228428288	(4000100010109)
2222649247924224	(200010100040008)
2222697322266624	(100010400010108)
2222723268476928	(102020200010107)
2222726292283392	(201010100000209)
2222767227469824	(101030200020007)
2222828343263232	(2000100010408)
2222843624423424	(1000100050207)
2222939236799232	(400010100000307)
2223222238347264	(1010100020308)
2223226474463232	(10200030307)
2223237343444992	(200010000040405)
2223244232884224	(2000000040208)
2223268247273472	(1030100020207)
2223268278239232	(102010100000308)
2223284372692992	(301010100010207)
2223284888272896	(105010100010106)
2223322274783232	(1020000010408)
2223427634233344	(10100040505)
2223669427273728	(101030200010206)
2223686724747264	(1030300030105)
2223694342324224	(100000100040307)
2223727692447744	(100040100040105)
2223843247374336	(1020100030504)
2223847622836224	(2010200020207)
2224226643738624	(1010300030206)
2224233332342784	(1010000030506)
2224244862222336	(1000200030208)
2224272962322432	(100010100020209)
2224344462262272	(10200040108)
2224373632782336	(1020200010505)
2224422842793984	(202010000040106)
2224432242229248	(101000000040109)
2224444246327296	(100010200050106)
2224463866232832	(2000300020306)
2224794283278336	(102020100020305)
2224942324383744	(101010000050305)
2226328266866688	(4000600000105)
2226337229297664	(200020300010206)
2226366293372928	(201010300000306)
2226369222623232	(100000300000309)
2226382232223744	(1010100020308)
2226424463327232	(10200030307)
2226672443326464	(10400040205)
2227233293236224	(100010100010408)
2227247663284224	(1020200030107)
2227342443282432	(1010000040307)
2227348326776832	(2030200010305)
2227367242727424	(40100030107)
2227473278263296	(101030200010206)
2227622392332288	(102010100000308)
2227847222329344	(101020000030207)
2227897944244224	(201020000050006)
2228232476639232	(101010200010307)
2228234232397824	(102010000020307)
2228328987623424	(103010100020206)
2228334373343232	(1010000020705)
2228723838222336	(3010100000407)
2229222473662464	(100010300030107)
2229277222674432	(100030100020108)
2229336723382272	(101020100000407)
2229664924827648	(202010300030005)
2229672282292224	(20101010001000a)
2229682733236224	(101010200010307)
2232233844277248	(2020000030306)
2232234273733632	(20100010606)
2232247394893824	(202010000030305)
2232262229262336	(100000300000309)
2232279244726272	(100030100020108)
2232323723363328	(1010100000706)
2232422222266368	(1000300010209)
2232423472398336	(101010100020505)
2232622434484224	(1000100050207)
2232624673972224	(100020200020207)
2232632477343744	(30100040404)
2232639744233472	(100020100030405)
2232642942222336	(100000200020308)
2232723846463488	(3010200030304)
2232822243262464	(1000200030208)
2232926622646272	(100010400010108)
2232943239647232	(200010100020406)
2232968426422272	(101010200020108)
2232987823374336	(102020100010504)
2233223923636224	(100000200010507)
2233242324762624	(10200030307)
2233274987446272	(101030100030205)
2233342223843328	(2000000020606)
2233432249767936	(200020200020404)
2233436294283264	(101000200030405)
2233723243239936	(200010100010605)
2233732343399424	(200010000030604)
2233732432232448	(1010000030506)
2233742344372224	(20000040406)
2234224868327424	(2010100040206)
2234327223324672	(20100020407)
2234332344287232	(1010000030506)
2234623222923264	(100000200020308)
2234946246672384	(101010300040204)
2236262224232448	(1000200030208)
2236292662689792	(301010400000106)
2236484243423232	(1000100040406)
2236724424474624	(20200060105)
2237322986422272	(101020100010208)
2237337276346368	(1030300010503)
2237767222247424	(40100030107)
2237847242932224	(101020000030207)
2237932624822272	(101020100010208)
2238268267339776	(102030300000304)
2238333244342272	(1010000030506)
2238483347767296	(102030200020303)
2238628843487232	(4010100020305)
2238822664372224	(2010200020207)
2239244923732992	(400010000020306)
2239347766247424	(100030200040204)
2239633244233728	(101010100020505)
2239732946239488	(302010100020304)
2242222974222336	(100010100020209)
2242223447998464	(201010100050105)
2242234233372672	(20100020407)
2242247824244736	(1020100050106)
2242422433972224	(100010000040208)
2242428342239232	(101000000030308)
2242463282233344	(1000100040406)
2242464237748224	(1020100050106)
2242477243367424	(30100050205)
2242643232227328	(1010100020308)
2242927392233472	(200020000020307)
2243226738622464	(1010300030206)
2243233427226624	(10200030307)
2243262397243392	(200010100020406)
2243276234293248	(101010100030306)
2243327247286272	(1030100020207)
2243388937273344	(102020000030503)
2243422923743232	(100010000030407)
2243462233227264	(10200030307)
2243462722486272	(1020200030107)
2243634743476224	(20200050304)
2243742722629632	(100020200020207)
2243796273266688	(102020400010204)
2244348343222272	(1010000040307)
2244439633379328	(201010100030503)
2244866784362496	(102010400040103)
2246429242294272	(200010100040008)
2246439693238272	(201010200020305)
2247337443262464	(20200050304)
2247346324242432	(10100050306)
2247623826997248	(202020200020105)
2247823983476736	(102030200020303)
2248283323367424	(2010100030405)
2248296477622272	(101030200020007)
2248733466427392	(101020200030304)
2248748222644224	(2010100050007)
2248942628634624	(102000300040105)
2249233272373248	(101020000020406)
2249433763282944	(201010100040304)
2249829346443264	(201000200050204)
2262222374436864	(1010300030206)
2262224333242368	(1000200020407)
2262428383444992	(202000100040205)
2262492343222272	(100010100020209)
2262622297227264	(100020300010009)
2262627277972992	(300040200000007)
2262642323226624	(400020208)
2262732436242432	(10200030307)
2263227462623232	(10300010308)
2263273228468224	(2010200020207)
2263273342267392	(100020200010406)
2263823626272768	(2020400000206)
2263932333726336	(100010300000704)
2264244339474432	(100010100060304)
2264262273294336	(100010300020306)
2264273447288832	(3020100030205)
2264328244297728	(102020100030106)
2264329284747264	(101020200040105)
2264472866783232	(2020300020205)
2266267642232832	(1010400010207)
2267433242984448	(102010100050204)
2267734432223232	(20100020407)
2267922737332224	(100030100010307)
2268228239327232	(102010100000308)
2268334272282624	(2010200020207)
2269232324222976	(200010200010208)
2272327789326336	(101030200000405)
2272362298343424	(101010100030306)
2272424293343232	(100010000030407)
2272723639732224	(100030100010307)
2272832482443264	(2010100040206)
2272963227623424	(100020200020207)
2273228249628672	(102020200010107)
2273282728722432	(2030000010208)
2273286496223232	(101010200010307)
2273443622682624	(1010300030206)
2273744832823296	(102020100020305)
2273982372329472	(201030000010306)
2274222324842496	(101010100040107)
2274242687926272	(101030200020007)
2274322347343872	(1030000030405)
2274324623327232	(20100020407)
2274343842742272	(1030000040206)
2274422237724672	(40100030107)
2274788923932672	(202030100010205)
2274863272722432	(1030100020207)
2276222626234368	(1010400010207)
2276222793449472	(200030100030106)
2276283826962432	(102010300010206)
2276376422326272	(30300010207)
2276492229236736	(200020300010206)
2276982744293376	(201030200020204)
2277232824287232	(2030000010208)
2278244372447232	(1030000040206)
2278284834373632	(3020100020404)
2278344288632832	(4010100020305)
2278438226362368	(3010300010305)
2278642922422272	(101020100020009)
2279487333924864	(202020100030303)
2282244233232384	(2000000030407)
2282323222462464	(1000200030208)
2282923938742272	(202020000010207)
2283423332622336	(1000200010606)
2283722223648768	(3020200010206)
2283766368436224	(2010400020304)
2283832298962944	(303000100020205)
2283964924428288	(204000100030105)
2284232374222848	(3010000030207)
2286263447322624	(1010300030206)
2286334792433664	(101010300030403)
2286833427873792	(103030100010304)
2287238249447424	(102020000050105)
2288632327962624	(102010300010206)
2288764762324992	(202020200020105)
2289298226282496	(303000200010007)
2289346384232448	(103000100040304)
2289362436882432	(103000200020305)
2289373634322432	(101010100020505)
2289474423226368	(102010200030205)
2289838283292672	(204010100000206)
2289862362267648	(103010400010105)
2292233472442368	(101010100030306)
2292294422347776	(200030100030106)
2292382722373632	(101020100000407)
2292628768948224	(203010200020006)
2292687628664832	(103010400010105)
2292884422262784	(103010100030007)
2292982972342272	(301020000010108)
2293228832292864	(203000100010207)
2293283332472832	(102010000010506)
2293824273334272	(101020000020406)
2294337832722432	(101020000020406)
2296324222746624	(100010300030107)
2296346486243328	(102000300030304)
2296943623323648	(201000300020404)
2297323834638336	(102010200010603)
2297662727399424	(300030200020105)
2297727422226432	(100030100020108)
2297922963743232	(300020100010306)
2298439828242432	(203000000030206)
2322233492447232	(100010000030407)
2322263744446464	(10300060204)
2322276747743232	(40100020306)
2322292728397824	(202020000010207)
2322322264424448	(1000100050207)
2322332674228224	(1010100020308)
2322333988724736	(102020100010504)
2322336622362624	(400010407)
2322347872223232	(1020000010408)
2322373273823232	(1020000000607)
2322392869343232	(201000100010506)
2322632732442624	(10200030307)
2322672362422272	(20200010209)
2322782334222336	(1010100010507)
2322882663284736	(3010300010305)
2322969232932864	(301000200010306)
2323229474377728	(101040000020305)
2323322773438464	(1020100030504)
2323323262393344	(100000100020705)
2323338392374272	(101020000010605)
2323344427794432	(100020000050404)
2323366374776832	(1030300010503)
2323437222887424	(2020000030306)
2323442332237824	(1010000030506)
2323447627382784	(2030100030304)
2323783367442432	(1020100030504)
2323827428622336	(2010200010406)
2323974243483648	(102010100040403)
2324246762299392	(300010200020206)
2324263228342272	(1010100020308)
2324279243833344	(101010000040504)
2324343239442432	(100000000050505)
2324622327422976	(100020200020207)
2324649332662272	(100010300020306)
2324943422226432	(100000100040307)
2326222393823232	(101000100000508)
2326283233247232	(1010100010507)
2326696927333632	(200010400000504)
2327233823244288	(3010000020406)
2327243967627264	(100030300020205)
2328244248379392	(202010000030305)
2329227974836224	(201020100020206)
2329332484276224	(101010100030306)
2329374622482432	(101010100030306)
2332229426233344	(100000100030506)
2332379236223232	(100010100000607)
2332489282486272	(103010100020206)
2332838427623424	(2010100030405)
2332948427292672	(201020100020206)
2333223328923648	(102000100010605)
2333333236276224	(10200010705)
2333363323237632	(10200000904)
2333726228348928	(103010100010405)
2334347822628864	(3010200030304)
2334432262772736	(30200020405)
2334462643666944	(100000500050302)
2334722237277696	(100040200010305)
2334792224636928	(201010200020305)
2334823326646272	(1010300020405)
2334846272274432	(1020100040305)
2334922246324224	(100000100040307)
2336242982879232	(202010100010306)
2336338223824896	(103000200010504)
2336339392837632	(201010200000703)
2337224442642432	(10100050306)
2337624727732224	(40100020306)
2337936223924224	(200010100020406)
2338348244926464	(102000200050303)
2338362434322432	(1000100030605)
2338824728346624	(3010200030304)
2339364737332224	(100020100020604)
2342242242772992	(200020000030108)
2342262726623232	(10300010308)
2342329696272384	(201010200020305)
2342364623327232	(10200020506)
2342489828622336	(103000200020305)
2342692493328384	(202000100030404)
2342934722322432	(100010000030407)
2343237423464448	(1010100060403)
2343278248722432	(2020000030306)
2343278323233792	(101020000010605)
2343344399327232	(200010000030604)
2343377438244864	(2020100050402)
2343444324286464	(1000200070303)
2343483229667328	(102010200020404)
2343684222222336	(1000200020407)
2343746342633472	(20200040503)
2343942342623232	(100000100030506)
2344324247322624	(10100050306)
2344368243474432	(1010100060403)
2344428292276224	(101010100040107)
2344443378794496	(201020100060301)
2344649722232832	(101010100030306)
2344832234422272	(1010000040307)
2346226226233344	(300030406)
2346227292229632	(200010200010208)
2346942862393344	(201000200040403)
2348237823934464	(102010100040403)
2349322992479232	(400010000020306)
2362242423324672	(10200030307)
2362268222226432	(1000300010209)
2362483798327296	(202020200010304)
2362732394932224	(200010100020406)
2363327623222272	(20200000408)
2363463762444288	(2010300040303)
2363662342324224	(300030406)
2364233223647232	(10200020506)
2364236296224768	(101010400020205)
2364483424223232	(1000100040406)
2366223893332992	(301000200000505)
2366262274424832	(1010300030206)
2367243864244224	(1010200050205)
2367627622327296	(100030400000206)
2368272422928384	(103010100020206)
2372273322983424	(101020000020406)
2372344723832832	(2020000020505)
2372439827423232	(101020000020406)
2372447728336896	(102030200020303)
2372723629339392	(300020100000505)
2372933822644224	(101010100030306)
2373223648223232	(1010100010507)
2373248744423424	(1020000060304)
2373429782642688	(103020200020204)
2373734699384832	(202020100020502)
2373932222226432	(100010100010408)
2374243674292224	(100020100040206)
2374447342288896	(103020100040203)
2374697623237632	(100030300010404)
2374824282292224	(102010000030108)
2376326272223232	(20200000408)
2376368337272832	(2030200000504)
2376622922268672	(101020400000107)
2376643223227392	(100020200010406)
2376682227892224	(102020200010107)
2377769432629248	(201030200020204)
2377972222746624	(100040200020106)
2378232367644672	(1030300020304)
2378243236626432	(1010300020405)
2378424386322432	(2010100030405)
2378767223734272	(1050100010305)
2382239629836288	(204000200000305)
2382339672244224	(101010100030306)
2382434427469824	(102010100050204)
2382722223243264	(1010100020308)
2382724266983424	(102010200030205)
2382983784824832	(105010000020304)
2383474282463232	(2010100030405)
2383944937242624	(201010100040304)
2383974283493376	(202020100020502)
2384249364283392	(202000100030404)
2384839872479232	(203020000020304)
2384842324967424	(102010100050204)
2386229429993472	(401010100020205)
2387332422623232	(1010100010507)
2388243894239232	(203000000020405)
2388264963342336	(102000300020503)
2388334333722624	(2010100020604)
2388367776743424	(2040200030302)
2389723222376448	(102020100020305)
2392292494393344	(400000000040404)
2392343232233472	(100010000020606)
2392442934239232	(300000000030406)
2392823629283328	(203000100000406)
2392874223796224	(201020100020206)
2392924388327424	(202010000030305)
2393232864362496	(201000300020404)
2394276322443264	(100010200040305)
2396839228342272	(202010100010306)
2397237283897344	(202030000020403)
2397282348367872	(103030100010304)
2398392322228224	(202000000010308)
2398697824223232	(202010100010306)
2399282384338944	(303000000030403)
2422243744284672	(1020100050106)
2422246634422272	(10200040108)
2422277766623232	(30300010207)
2422279334264832	(101010100030306)
2422344486223872	(2010100040206)
2422437234868224	(2010100040206)
2422722423324672	(20100030208)
2422727842332672	(1030100020207)
2422982232244224	(101000000040109)
2423242493263872	(101010100030306)
2423342822326272	(1010100020308)
2423872336822272	(2020100010307)
2423978722787328	(103040000010205)
2424284676882432	(3010200040105)
2424336823222272	(1010100020308)
2424376434622464	(10300060204)
2424643384246272	(1010200050205)
2424773626232832	(1020200020306)
2426249243787264	(101020200040105)
2426262323724288	(2010200020207)
2426272263733248	(1020200020306)
2426432437223424	(10100050306)
2426676673462272	(30500020105)
2426734223327232	(20100020407)
2426996733622272	(200020300010206)
2427368247263232	(1020200020306)
2427666726223872	(1030400010106)
2428224229343232	(101000000030308)
2428343222796288	(103010100020206)
2428623422226432	(1000200030208)
2428633322422272	(1010100020308)
2428722276728832	(3030100010107)
2429674422239232	(200010100030207)
2429787292434432	(201020000040205)
2432343676944384	(101010200050402)
2432372333432832	(1010000020705)
2432636333236224	(300020605)
2432762327826432	(1020200020306)
2433239866294272	(201010200020305)
2433467362443264	(10300050403)
2433482746232832	(2010100030405)
2434229222326272	(100010100020209)
2434239896223744	(201010100040304)
2434864229646336	(101000400040303)
2437432743223296	(100020100030405)
2437696232423424	(100010200040305)
2438837642723328	(3020100020404)
2442324443922432	(100000000060306)
2443237322932224	(100010000030407)
2444222266343424	(200060206)
2444329362972672	(200020200030205)
2444497242292224	(200010000060007)
2446466664628224	(1000600050004)
2447323744223232	(20000040406)
2462224633823232	(1000200020407)
2462728333492224	(101010100030306)
2462964393443328	(201000200040403)
2463262263263232	(400010407)
2463433423847424	(1010100060403)
2463632298344448	(102000200050303)
2463793263783936	(201020300010502)
2464222424334336	(200050405)
2464397683679232	(201020300020303)
2464748849332224	(102010100050204)
2464792729362432	(200020200030205)
2464823634296832	(102000300030304)
2466722433466368	(1010500030303)
2467293222223872	(101020100010208)
2467644373942272	(100030200040204)
2469226646863872	(102010500020104)
2472269627326464	(100020400030105)
2472923263329792	(300020100010306)
2473233232232448	(1010000030506)
2473362398932992	(401010100010404)
2474423246389248	(102010100050204)
2474622343839744	(101020100050303)
2474642434424832	(1010100070204)
2474826346266624	(1010500040104)
2476262222364672	(20400020107)
2476844223823872	(3020100030205)
2477432424628224	(1020100050106)
2478739792822272	(202040000010106)
2482344337342464	(1010100060403)
2482363727327232	(1030100010406)
2482376442642432	(1010200050205)
2482397623222272	(101020100010208)
2482827923423232	(102010000020307)
2483922847924224	(202010000040106)
2484263966736384	(102010400030302)
2484282744373248	(3020000050204)
2487394233483264	(102010100040403)
2489868273844224	(104010100040104)
2492432238772224	(101020000030207)
2494232662376448	(101010300040204)
2494846676238336	(102010400030302)
2494942323277824	(201020000040205)
2497943834394624	(301010100050302)
2498226332368896	(203000300010304)
2622323222249472	(100010100020209)
2622346234232832	(1000200020407)
2622428233334784	(2010100030405)
2622433263722496	(100010300020306)
2622462233739264	(100010300020306)
2622624229343232	(100000200020308)
2622723763387392	(101030200000405)
2623224337477632	(30200020405)
2623243223826432	(1000200020407)
2623322722664448	(1010300030206)
2623487262326784	(2020300020205)
2624829442228224	(102000100040008)
2624872249294848	(203010100040005)
2624963437264896	(201010400030203)
2626448976248832	(103010300030104)
2627236642996224	(200010400020106)
2627242492428288	(103010100030007)
2627272742879232	(101040100010107)
2627322842382336	(2010200010406)
2628283734687744	(3030200030203)
2629673933773824	(201030200010403)
2632239332222976	(200010200000407)
2632269686243328	(102000400010305)
2632274332434432	(10100040505)
2632276422623232	(10300010308)
2632279223476224	(100020200020207)
2632632277266432	(20400010306)
2632636227723264	(20400010306)
2633662826938368	(103000500000403)
2633747232743424	(30100040404)
2633866638262272	(2010500000305)
2633922249228288	(203000100010207)
2634238227382272	(2020100010307)
2634324287422464	(1010200050205)
2634628247322624	(1010300030206)
2636222364647424	(10400040205)
2636262496272384	(101010400020205)
2638224932732928	(202010100010306)
2642282622222336	(1000300010209)
2642292272922624	(200010200020009)
2642299439284224	(301000100040106)
2642382222262272	(101020001010a)
2642433848377344	(2020100050402)
2642833333223424	(1000100030605)
2643442362482688	(3000300040204)
2643963723749376	(200030300020402)
2643982226399232	(301000200010306)
2644462223327232	(10200030307)
2644637276639232	(100020400020304)
2644743646347264	(20400060202)
2647333322339328	(101010100010704)
2647743323323392	(100020100020604)
2648222484922368	(103000200030106)
2648332942442496	(201000200050204)
2648744323448832	(3010100050303)
2649722643283968	(202010300020204)
2663226433437696	(100010500020403)
2663237344223232	(10200020506)
2664622942322688	(102000400020106)
2664642243723264	(10400040205)
2669638248824832	(104000300020204)
2672243633332224	(10200020506)
2672823298424832	(103010100020206)
2672938788323328	(104020100000404)
2673626293223424	(100010300020306)
2674323329384448	(102010100040403)
2676262634422272	(20400020107)
2676323232479232	(100020200010406)
2676446292344832	(101010300040204)
2679423243743232	(100020100030405)
2679622334226432	(100010300020306)
2682292323483648	(103000200020305)
2682372674322432	(1020200020306)
2682433272379392	(201020100010405)
2684229343248384	(103000100040304)
2686346764222464	(1010500040104)
2688277973262336	(102030300000304)
2689442632433664	(101000400040303)
2692239233384448	(202000100030404)
2693732237328384	(102020100010504)
2693899473334272	(301020100020403)
2694823232274432	(101010100030306)
2696269747433472	(200030300030203)
2696377287647232	(101040300010204)
2698223272722432	(101020100010208)
2699943672287232	(301020200010205)
2722234246889472	(102020100030106)
2722327692263424	(100020200020207)
2722346838392832	(103010100010405)
2722434626322432	(10200030307)
2722439329247232	(200020000020307)
2722686842437632	(2020300020205)
2723226622373376	(30300000406)
2723236736274432	(30200020405)
2724963232223232	(100010100010408)
2726224222224384	(1010100030109)
2726446283882496	(103010300030104)
2726622972767232	(100040300000107)
2726632394293248	(201010200020305)
2726722442723328	(1030100020207)
2726866328223744	(2020300020205)
2727723268472832	(2040100010206)
2728242694324224	(101010100040107)
2728732287762432	(2040100010206)
2729222946422784	(201020100030007)
2729332249362432	(200010100020406)
2729623222222848	(102010100010109)
2732223342772224	(30000020308)
2732232386322432	(1010100010507)
2732283428732928	(103020000010306)
2732643424272384	(1020100040305)
2732732463992832	(201020100010405)
2732894432722944	(201020000040205)
2733423793938432	(201020000020603)
2733774396982272	(201040100010304)
2734273223442432	(20000040406)
2734422444343296	(100010100060304)
2734724323344384	(1020000050503)
2736822274228224	(2020100020108)
2737732474294272	(100050000030205)
2738934242279424	(201020000040205)
2739239744274432	(200030000040304)
2742222966239232	(200010200010208)
2742226399374336	(200020200020404)
2742246773489664	(101030300040103)
2742283226382336	(2010200010406)
2742364344287232	(1020100040305)
2742429372383232	(101020000020406)
2742462233247744	(30100050205)
2742969226346496	(300010400030104)
2743248726392832	(102020100020305)
2743263394292736	(200020200020404)
2743942334644224	(100010100060304)
2744236633227264	(20300030305)
2746332423733248	(1020100030504)
2746736833462272	(1030300020304)
2747384224284672	(2030100040105)
2747672262623232	(30300010207)
2748692482228224	(103010100030007)
2762263363329792	(200020300000405)
2762283323326464	(1010300020405)
2762483793334272	(101030100020404)
2762833628233728	(3020200000405)
2763234944483328	(102010100040403)
2763444632223744	(20200050304)
2764324267278336	(1030300020304)
2767323322423296	(100020200010406)
2772338232287232	(2030000000407)
2772343694647296	(200030300030203)
2772642466234368	(1020400030204)
2772764296372224	(100040200020106)
2772822984228864	(104020100020006)
2773336246926336	(100020400010503)
2774343942623232	(100020100030405)
2774398224826368	(103020200020204)
2777377332793392	(200060000000503)
2779374434844672	(101040100050202)
2783224283922432	(102010000020307)
2786244783243264	(2020200040204)
2786339724263424	(101020200030304)
2787786469343232	(102030200020303)
2792437693323264	(200020200020404)
2793262633362432	(100010300010505)
2798446432223232	(101010100030306)
2822288927883264	(105010100010106)
2822328762236928	(103010200000207)
2822392972836864	(203010200010205)
2822773333637376	(1040200000603)
2822789272633344	(102020100020305)
2822826394386432	(103000200020305)
2824284892299264	(303000100030006)
2824364773343232	(1020100030504)
2824427646222336	(1010300030206)
2824444367732736	(1030200040303)
2826247336722432	(1020200020306)
2826322736799744	(201030200020204)
2827492364648448	(103010200050103)
2828447497322496	(202020100040104)
2828672234422272	(2020100020108)
2829242366263296	(201000400010206)
2832223437324288	(3010000020406)
2832242462687232	(2010200020207)
2832262327222272	(102010000020a)
2832322683469824	(103000200020305)
2832442884882432	(5000000040205)
2832972672466944	(201020300030104)
2833332742324224	(1010000030506)
2833762763833344	(2020200020602)
2834224922492928	(302000000030107)
2834324423442432	(1000000060405)
2834368249724928	(203010100030204)
2837299363282944	(302010100020304)
2842726329483264	(102010200030205)
2844322676342784	(2020200040204)
2846823322484736	(3010200030304)
2848926283333632	(103000200010504)
2849823272927232	(202020000010207)
2862263742234624	(1010300030206)
2862422223224832	(2000100020209)
2862824247263232	(2010200020207)
2863226232373248	(2010200010406)
2863262722424832	(2010200020207)
2863323279839232	(202010100000505)
2863746382823424	(3010200030304)
2864263634878464	(3010400040202)
2867342622326784	(2020300020205)
2867422662623232	(1010400010207)
2867739326226432	(101020300010305)
2872242792824832	(103020000020107)
2872422394232832	(102010000020307)
2872644232937472	(101030100030205)
2874222223294464	(101010100040107)
2876473347342336	(1030200030502)
2877622263742464	(1030300030105)
2884347283636224	(3010200030304)
2886423426367488	(4010300030203)
2889234423742464	(102010100050204)
2892244932624384	(202000100040205)
2892284427239424	(202010000040106)
2893324282232832	(103000000010407)
2922334639644672	(200010300030304)
2922674378932224	(201020100020206)
2922948492263424	(301000100040106)
2924824932384768	(203010100030204)
2927224427323392	(200020000020307)
2927232829882368	(204010100000206)
2928279224844288	(204010000030006)
2928347234942976	(301020100030204)
2929243424292864	(301000100040106)
2933233432722432	(100010000020606)
2933487343632384	(102010100030602)
2933826236393472	(201010200010504)
2936299423924224	(400000100030206)
2937267366469632	(200020500010303)
2939242433642496	(300000200040304)
2942723386294272	(201020100020206)
2943444222738432	(101010000050305)
2943933762373632	(200020200010603)
2943964237326336	(200010300020503)
2944272222388224	(102010000030108)
2944484672274432	(101020100060104)
2944936896233472	(301010200030303)
2947289724223488	(203020000030105)
2962484449247232	(201010100050105)
2964227332276224	(100020200020207)
2964892346744832	(202010200040203)
2972379246262272	(200030200010107)
2973437749223424	(200030000040304)
2974824923922432	(301010000030206)
2982477272334336	(101030100020404)
2983764243382272	(102020100020305)
2986474242834432	(102010100050204)
2986962232246272	(201010300010107)
2992343224743936	(300010100030404)
2996227934687232	(301020200010205)
2997343938742272	(301030000020304)
3222222733723392	(100020000000508)
3222242662367232	(10300010308)
3222392224333824	(101000000020507)
3222429274423296	(200010100030207)
3222442623762432	(10200030307)
3222626922676224	(100010400010108)
3222692763623424	(100010300020306)
3222769222729728	(201030100000108)
3222826422239232	(101000100010309)
3223223427723264	(20100020407)
3223232222773248	(1020000010408)
3223239682424832	(102000100020406)
3223337228923392	(201010000000606)
3223348372242432	(1010000030506)
3223367633332224	(10200010705)
3223623942733824	(101010100020505)
3223729288249344	(202010000030305)
3223799432372736	(200030100010504)
3223872424378368	(3020100020404)
3224226762473472	(30200030206)
3224238922727424	(101020000030207)
3224247283482624	(2010100040206)
3224249327222784	(101020000030207)
3224322662989824	(202000200020206)
3224477923333632	(100020100020604)
3224844947423232	(101010000050305)
3224937438277632	(101030100020404)
3226232292323328	(101000100000508)
3226232832786432	(2010200010406)
3226236229343232	(100000200010507)
3226264222777344	(30200030206)
3226337342226432	(10200020506)
3226443842322432	(1000100040406)
3227263379472384	(101030100020404)
3227267476242432	(30200030206)
3227343376223232	(20100010606)
3227649646362624	(100010500030204)
3228343923474432	(101010000040504)
3228473747423232	(1030000030405)
3229294326349824	(301000100030305)
3229636443973632	(200010300020503)
3229668768743424	(102020300030203)
3229763422943232	(200010100020406)
3232227494264832	(101010100030306)
3232233466232832	(1000200010606)
3232237327732224	(30000010507)
3232264344293376	(100010200030504)
3232347233342976	(100020100020604)
3232373734324224	(20000030605)
3232432332767232	(20100010606)
3232722346463232	(10200020506)
3232862493622272	(101010200010307)
3232897922322432	(201010000010407)
3233228276662272	(1020300000307)
3233444262838272	(2010100030405)
3233466976223232	(100010300010505)
3233644224233472	(10100040505)
3233743243444224	(10000060504)
3234244432232448	(1000000060405)
3234384234676224	(1010200040404)
3234393393622272	(200010100010605)
3234464623337472	(20200040503)
3234773344223232	(20000030605)
3234777367836672	(1050300010402)
3234922249273344	(200010000040405)
3236472333287424	(1020100030504)
3237246622826496	(101010400020205)
3238228844347392	(103010000030404)
3238468742283264	(3010200030304)
3238922274932736	(201020100010405)
3239244222234624	(100000100040307)
3242222323236864	(1000200020407)
3242224234266624	(300040207)
3242234872332288	(3010000020406)
3242267832287232	(2020100010307)
3242343822262272	(1010100020308)
3242428726247424	(1020100050106)
3242446232223744	(10100050306)
3242722332229632	(100010100010408)
3242847492734976	(201030100040203)
3242882626486272	(3010300020106)
3243222932447232	(100010000030407)
3243226346422272	(10200030307)
3243248864722944	(102010100050204)
3243264736223232	(10200020506)
3243266223243264	(300030406)
3243492232372224	(100010000030407)
3243642222772224	(20100030208)
3244232344338432	(1000000050604)
3244266647322624	(10400040205)
3244494394294272	(300010000060204)
3244926239244288	(202000100040205)
3246224327442432	(10100050306)
3246773222633472	(30200020405)
3247322422837248	(2020000030306)
3247644392423424	(100010100060304)
3247722244472832	(1030000040206)
3248392847228928	(204010000020205)
3248727723343872	(2040000020404)
3249234942492672	(300010100040205)
3249339347423232	(200010000030604)
3262226743222272	(20200010209)
3262243274293248	(101010100030306)
3262324222328832	(2000100010408)
3262373242232832	(1010100010507)
3262427322384384	(2010100030405)
3262844422324224	(1000100050207)
3263423227674624	(20300030305)
3263772623634432	(20300020504)
3264274268946432	(101010300040204)
3264382624333824	(2000200030504)
3264693644427264	(100010400050203)
3266233838862336	(3000400000603)
3266724492767232	(100030300020205)
3266842692943872	(202010300020204)
3267229273362432	(100020200010406)
3268262976233472	(101020300010305)
3268973682229248	(203010200010205)
3272262343483392	(101010100020505)
3272323483828224	(3010000020406)
3272474423328768	(2030100030304)
3272673344274432	(30100040404)
3272842222239744	(101020000030207)
3272946462277632	(100030300020205)
3273486232633344	(1010200030603)
3273724263333888	(3020100010603)
3276334323892224	(101010100020505)
3276342294478848	(103020100040203)
3277624973672448	(101040200030203)
3277994268229632	(301020200010205)
3278224467689472	(102030200030104)
3282323243323392	(101000000010706)
3282622224924672	(101010200020108)
3282723334324224	(1010000030506)
3283226428833792	(103010100010405)
3283262324342784	(2010100030405)
3283722723262464	(1020200020306)
3283842449276928	(203010100030204)
3284738722234368	(3020100020404)
3286346662674432	(1010500030303)
3289676333432832	(102010200010603)
3292226447376384	(101020200030304)
3292229739423744	(300020000030305)
3292277327797248	(201050000010205)
3292384322322432	(101000000020507)
3292393683382272	(202010100000505)
3292482342223872	(102010000020307)
3292699642232832	(301000200010306)
3293263348236288	(103000200010504)
3293422333968384	(202000100020603)
3293429267423232	(200010100020406)
3296339222298624	(301000200010306)
3296466926862336	(201000600010303)
3296963233234944	(300000200030503)
3297283324747776	(101050100020303)
3322272493338624	(101010100020505)
3322372432232448	(1010000030506)
3322422986932224	(201000100020307)
3322479338422272	(101020000020406)
3322486624223232	(1000200020407)
3322493342687232	(101010100020505)
3322924632244224	(100000100040307)
3322932772223232	(100020000000508)
3322964262223872	(101010200010307)
3323422264393728	(101010100020505)
3323472428924928	(202010000030305)
3323628942262272	(101010200010307)
3323676222332928	(101010200000506)
3323744822329344	(101010000040504)
3323747776462848	(2040200030302)
3323927922868224	(202010100010306)
3324233424863232	(1000100030605)
3324272333727744	(40000030504)
3324398322843648	(103000100030503)
3324632232886272	(2010200010406)
3324734642847744	(1030100060302)
3326267439839232	(201010200010504)
3326462234984448	(102000200050303)
3326642827296768	(102020400010204)
3326649223274496	(200010300030304)
3328232439393792	(301010000010604)
3328232782823424	(3010000020406)
3328238728249344	(103010000030404)
3328267489247232	(102020100020305)
3328362244472832	(2010100030405)
3328629342732288	(103010100010405)
3328633272287232	(2020100000506)
3329222632372224	(100010100010408)
3329299334836224	(301000100020504)
3329374348726272	(101030100020404)
3329664362422272	(100010300020306)
3332246874292224	(101010100030306)
3332282323894272	(102010000010506)
3332322643636224	(300020605)
3332722392244224	(100010000030407)
3332824996626432	(201000300020404)
3332924629767936	(300020300010403)
3334367287222272	(1030100010406)
3334922232348672	(101010100020505)
3336362267922432	(100010300010505)
3336382342692864	(102000300020503)
3336622433722368	(1010300010604)
3336628244447232	(1010200040404)
3336836322742272	(1020200010505)
3337472346292224	(100020100030405)
3338662248972288	(104010200010304)
3338736492478464	(102020200040401)
3338923433739264	(201010100020702)
3339243632374272	(100020100020604)
3339282784223232	(102010000010506)
3342246473373696	(100020300030502)
3342343232692224	(100000100030506)
3342786442297344	(101020100050303)
3343227332788224	(2020000020505)
3343263244222464	(200050405)
3343383734648832	(3010100030701)
3343429384372224	(101010000040504)
3343874232287232	(2020000020505)
3346233223348224	(1000100030605)
3346262223224832	(1000200020407)
3349227223222272	(100020000010309)
3349428226228224	(102000100030207)
3362422773233664	(20300020504)
3362442243342336	(200040604)
3363263669624832	(101000500010503)
3363324982327296	(201010200010504)
3363626239932672	(200010400000504)
3363662746386432	(1010500020502)
3364637443227648	(1020300040402)
3366392794232832	(201010200010504)
3366933724643328	(101010300020602)
3367272233332224	(20100010606)
3368432222797824	(102020100020305)
3369322622324736	(100010300010505)
3369639223222272	(200010200000407)
3372328223244288	(3010000020406)
3372339642642432	(100010200030504)
3372473393823744	(101030000030602)
3373222224863232	(1010100010507)
3373326269236224	(100010300010505)
3373342494326784	(101020100040502)
3374669847822336	(102020300020402)
3374837742237696	(101040200020402)
3376797662633472	(100040400010402)
3377226232332288	(2020100000506)
3379742234394624	(200020100040403)
3383222398746624	(102010200020404)
3383234223243264	(1000100030605)
3383268299292672	(302010200000305)
3383336272232448	(2010100020604)
3383947276222464	(101020200030304)
3384272286646272	(2020300020205)
3384382489362432	(103000100030503)
3384722736267264	(1030300020304)
3387743226298368	(103020200010403)
3388264937422848	(104010100030303)
3389234743222272	(101020000020406)
3389363289833472	(203010100010602)
3393274743742464	(100030100050402)
3394929322266624	(300000300020305)
3397322422222848	(102010000020307)
3398783436324864	(103010200030501)
3422232344788992	(202010000030305)
3422242972237824	(101020000030207)
3422297224249344	(200010000050206)
3422332227944448	(101010000050305)
3423377322344448	(1020000050503)
3423423322423296	(100000100030506)
3423674324238336	(1010200030603)
3423736277434368	(1030200030502)
3424232237432832	(1010000030506)
3424248727732224	(1030000040206)
3424434233278464	(1010100060403)
3424489228468224	(103000100050105)
3426263378399232	(201010200010504)
3426322426232832	(1000200020407)
3426373928484864	(103010200040302)
3426628222844928	(103000200030106)
3427237333223424	(20000030605)
3427323292237824	(101020000020406)
3429228337339392	(301010000010604)
3429649672372224	(200020200030205)
3432334424334336	(100050802)
3432737222627328	(1030100010406)
3432742222823424	(1010000040307)
3432743486226432	(1010200040404)
3433238442934272	(101010000040504)
3433244964323328	(101000100040603)
3433324663222272	(10200020506)
3433364284243968	(102000200040502)
3433723392863232	(101010100010704)
3434222773223424	(20000040406)
3434233492242432	(100000000050505)
3434429237428224	(101010000050305)
3438243334324224	(1000000050604)
3438297222377472	(101040000020305)
3439238747922432	(201020000030404)
3439284272234496	(201010100040304)
3439724382388224	(103010000030404)
3439763623723392	(200020200010603)
3442222724677632	(30200030206)
3442229227487232	(101020000030207)
3442232943378432	(101010000040504)
3442423648223232	(1000100040406)
3442462266949632	(200000400040204)
3442843947368448	(103010100060301)
3442964342243328	(101000100050404)
3443673334284288	(3010100040502)
3443792224223232	(100010000030407)
3444284722249728	(102020000050105)
3448244326367232	(1010200040404)
3448462242742272	(1020100050106)
3449349283774464	(201020100060301)
3462432229343232	(100000100030506)
3463234333323264	(200030803)
3463387744223232	(1020100030504)
3463428222222336	(1000200020407)
3466234664976384	(101010500040301)
3467329422262272	(100020200020207)
3472392862826496	(202010300020204)
3472633276342272	(30200020405)
3473377736274432	(50100030502)
3473393739282432	(201020000020603)
3473462872276992	(201030200020204)
3474338243346432	(1010100050602)
3477333222623232	(20100010606)
3478222278623232	(2020100010307)
3482282632937472	(102020100020305)
3482429782228992	(303010000020106)
3482442267623424	(1010200050205)
3482686624628736	(3010500020203)
3483272843624448	(3010100050303)
3483339336843264	(102000200030701)
3483946423222272	(101010100030306)
3486442944724992	(301010100060103)
3492922482229248	(302000000030107)
3493724326428672	(101020200030304)
3622264729767936	(200030400010204)
3622332326473728	(1020200010505)
3622392837439488	(203010100020403)
3622762828726272	(2030300000107)
3622774338699264	(201020300020303)
3623783927323392	(201020100000604)
3624238223327232	(1010100010507)
3624392897298432	(302010100020304)
3624422223642624	(300040207)
3624463629287424	(101010300040204)
3626336772882432	(2020300010404)
3626844772368384	(3020300030302)
3627222333622272	(20200000408)
3627423336628224	(1010300020405)
3627747232284672	(1040200020205)
3628428633833472	(3010200020503)
3629279424282624	(201010200030106)
3632226626322432	(400010407)
3632282464223232	(1000200020407)
3632332294324224	(100000100030506)
3632439789748224	(202020100030303)
3632926333772736	(100030300000603)
3632927232227328	(101020100000407)
3633242422247424	(10100050306)
3633682436849664	(102000500030401)
3634432324927488	(102010100040403)
3636393732623232	(100010300000704)
3636433889722368	(103010300010502)
3637272222646272	(30300010207)
3637422242463744	(20200050304)
3637683362783232	(2020300000603)
3642229326348288	(103000200020305)
3642348932923392	(301000100020504)
3644743393492992	(400010100040402)
3644828422373376	(2020200030403)
3646223426322432	(300030406)
3649384293433344	(201000100050601)
3663284622262272	(1010400010207)
3663843287924736	(102020300020402)
3666299343372288	(202010300010403)
3666323422347264	(10400030404)
3666628924342272	(101010400020205)
3666742923239424	(200010300030304)
3666887773323264	(2030400010402)
3667242826727424	(1030300030105)
3668768943243264	(102010400030302)
3672822237364224	(1020200020306)
3674226844237824	(2020200040204)
3676222263877632	(1030400000305)
3678932277264384	(102030200020303)
3683794223628288	(104010200010304)
3686328643239936	(202000400010502)
3688228322279424	(103010100020206)
3688674229223424	(102010200030205)
3693892236263424	(201000300020404)
3696238323892224	(202000200010405)
3696347646738432	(101020400030401)
3697334273332224	(100020100020604)
3722294832463872	(102020100020305)
3722332246843392	(101010100020505)
3722664273334272	(30200020405)
3722882426339328	(103010100010405)
3722977676242944	(200040200030104)
3723222249234432	(100010000030407)
3723223294328832	(102010000010506)
3723297663246336	(100020400010503)
3723374326799232	(200030100010504)
3723722392223232	(100020000000508)
3724828364242944	(102010100050204)
3726682222362624	(1010400010207)
3726684228943872	(103020200020204)
3727279284793344	(201040000030303)
3727283267764224	(1040200020205)
3727738464436224	(1030200040303)
3728444322742272	(1030000040206)
3729223348494336	(201010100030503)
3729238272442368	(102020100020305)
3732223744843776	(1040100030403)
3732238278623232	(2020100000506)
3732272223289344	(101020000020406)
3732329724383232	(101020000010605)
3733322276662272	(30300000406)
3733327626239232	(100020200000605)
3733724272223232	(30000010507)
3733876986642432	(102020300020402)
3733923263422464	(100010200030504)
3738389286223872	(104020100000404)
3742242737393664	(100030200030403)
3742272243892224	(101020000030207)
3744837472223232	(1030000030405)
3748228222943232	(102010000020307)
3749422222393344	(200010000040405)
3762248874983424	(103020100040203)
3762723222429696	(200020300010206)
3763647629328384	(102020300020402)
3764662332383232	(1010300010604)
3764743222689792	(201030200020204)
3766222323892224	(101010200010307)
3772372336693632	(100030300000603)
3773997826228224	(202030100010205)
3776222372364288	(2030200010305)
3776234662674432	(30400030303)
3777734232244224	(40000040305)
3782228627423232	(2020100010307)
3782626822324224	(2010200020207)
3782933383348224	(103010000020603)
3783292373274624	(101030100020404)
3783733672223232	(1030100000605)
3792943723387392	(301030000010503)
3793627646226432	(100020400020304)
3794242224439296	(300010100040205)
3794339222263296	(300010200010405)
3822383343992832	(203000000010604)
3822424248287232	(3010000030207)
3822724223926272	(101020100010208)
3823282324242432	(2000000030407)
3823642234847232	(2010100030405)
3823924828372992	(303010000010305)
3824262838222848	(5000100020206)
3824337222623232	(1010100010507)
3824823633444864	(3000200050402)
3827283343736832	(3020100010603)
3827343262482432	(2010100030405)
3827722283384832	(4020000010405)
3828622272233472	(2020100010307)
3829728864632832	(104010200010304)
3829774326239232	(201020100010405)
3833228342329344	(102000000030604)
3833269226422272	(101010200010307)
3833297639926272	(301020200000404)
3833963463223296	(201000300010603)
3834623632932864	(102000300020503)
3834638682292224	(103000200020305)
3836283362279424	(102010200020404)
3843232323342336	(1000100020804)
3843242233823232	(2000000020606)
3843436322783232	(2010100020604)
3843622934839296	(302000200020403)
3843863222943744	(102010100040403)
3844232433893376	(102010100030602)
3844736234422272	(1020100040305)
3846642337972224	(101020200030304)
3846727828242432	(3020100030205)
3846826423222272	(2010200020207)
3846972922232832	(202010100010306)
3847773826842624	(3030200030203)
3847948622364672	(102020300030203)
3849622684434432	(102000200050303)
3862228792246272	(102020200010107)
3862336478773248	(3030200020402)
3862343262928896	(203000300010304)
3862343836237824	(3010200020503)
3863624299333632	(201000300010603)
3864284274622464	(2010300050104)
3873442822373376	(2030100020503)
3873622829432832	(103010100010405)
3874282994663424	(202010200040203)
3877826366324736	(2030400010402)
3882323222396928	(203000100000406)
3882342762676224	(2020300020205)
3884283328462848	(6000100030303)
3892222722834432	(102010000020307)
3892467637223424	(101020200030304)
3922232224333824	(101000000020507)
3922326282829824	(203000100010207)
3922444384468992	(302000100050203)
3924246867738624	(102020300030203)
3924272284434432	(101010000050305)
3926343243497472	(200020100040403)
3927286838329344	(203010100020403)
3928239462776832	(202020200010304)
3929492644429824	(401000100050104)
3932229222623232	(200000100000409)
3932242722422784	(101020000030207)
3932663974428672	(201020300020303)
3933264373323264	(100010200020703)
3934368636862464	(102000500030401)
3934723228434432	(101010000040504)
3937783278772224	(102050000010304)
3939634273333248	(201010100020702)
3939942832229376	(401010100010404)
3943339882463232	(202000100020603)
3943843767263232	(101020200020503)
3946923242422272	(200010100030207)
3948243286228992	(303000100020205)
3962223424438272	(101010100030306)
3962422362636288	(102000400010305)
3967232227467264	(100030300020205)
3968866283323392	(203000300000503)
3969987326226432	(301010300010304)
3973232344338432	(101010000030703)
3974227462324224	(100020100040206)
3976644222222336	(100010300020306)
3977373269624832	(201030200010403)
3978324232372224	(101020000020406)
3982243336372224	(101010100020505)
3983489423327232	(202010000020504)
3988248783224832	(105010000020304)
3992894332342272	(301010000020405)
3993224477663232	(200020200020404)
3994397763342336	(300020200020601)
3997428892434432	(302010000040303)
4222222272479232	(10002000002010a)
4222237879222272	(101030000010109)
4222243293364224	(100000100040307)
4222286263222272	(101020001010a)
4222322338332672	(1010100010507)
4222328723472384	(2020000030306)
4222343622426624	(300040207)
4222349928824832	(203000000030206)
4222387682279424	(102020100030106)
4222422277226496	(100020200030008)
4222929433669632	(300000300020305)
4223432646623232	(300030406)
4223493972762624	(200020200030205)
4223667792863232	(101020300010305)
4223732222932992	(300010000010308)
4223743729422336	(100020100030405)
4223822483423232	(2000000030407)
4224383264489472	(102010100050204)
4226477372393472	(100040100030304)
4226626622324736	(10500020206)
4226722269364224	(100010300030107)
4226724693983232	(201010200020305)
4227237323237376	(40100010505)
4227927372942336	(200030100020305)
4228974322384896	(203010100030204)
4232283843723264	(2010100030405)
4232422924222464	(100000100050108)
4232423227963392	(200010100020406)
4232462262239232	(100000200020308)
4232763249426432	(100010200040305)
4233222362382336	(1000200010606)
4233222923747328	(101020000020406)
4233233293323264	(100000100020705)
4233967292233728	(201020100010405)
4233993232223232	(200000000010607)
4234222222442496	(100000100050108)
4234282398646272	(102010200030205)
4234377822732288	(3030000020305)
4234388227227648	(3020100030205)
4234464328679424	(101010200060203)
4236697277374464	(100040300040202)
4236944224223232	(100000100040307)
4237224492662784	(101020200040105)
4237232247263232	(20100020407)
4237238343647232	(1020100030504)
4239798824927232	(302020000020205)
4242272382222336	(1010100020308)
4242398924242944	(301000000060105)
4242444279349248	(201010000070104)
4242664222949376	(200010300040105)
4243224226332672	(10200030307)
4243228282847232	(3010000030207)
4243334727647232	(30100040404)
4244363462836224	(1000300050304)
4244822223224832	(2000000040208)
4246664342667264	(10600050103)
4247422328733696	(101020200030304)
4247764246462464	(20400070003)
4248223233343488	(3000000040504)
4248287443943424	(102010000070203)
4262232689934336	(201000300020404)
4262233263243264	(300030406)
4262234422247424	(10100060107)
4262238286774272	(2030200020106)
4262272274792448	(101030100040006)
4262348376244224	(1010200050205)
4262642674827264	(1020400040005)
4262799262482432	(201010200030106)
4262833374363648	(2010300030502)
4263229423337472	(100020100030405)
4263233687322624	(1010300020405)
4263272439422976	(200020200030205)
4264362389274624	(101010300040204)
4266844243623936	(101000400040303)
4267238224822272	(2020100020108)
4267244843237376	(1030200040303)
4267673248333824	(2020200030403)
4268277229289472	(202030100020006)
4268628232372224	(2010200020207)
4272232646836224	(1010300030206)
4272292844273664	(101020200040105)
4272693338382336	(102010200010603)
4272797332242432	(100030000030306)
4273423796662272	(100030300020205)
4274242349432832	(101010000050305)
4276327382433792	(101030100020404)
4276662732324864	(1020400030204)
4282334334222336	(1000100030605)
4282437227249664	(101020200040105)
4283343393767424	(101020100040502)
4283443639222272	(101010100030306)
4283722637623296	(101020300010305)
4283726344224768	(2020200040204)
4284363322294272	(101010100030306)
4284468248444928	(104000100070003)
4284937427484672	(102030100050103)
4286237246226432	(1010300030206)
4286483238223872	(4010100020305)
4288327732297728	(103040000010205)
4289332286324736	(102010200020404)
4293779622838272	(202030100010205)
4294283382226944	(202000100040205)
4322222283423744	(1010000040307)
4322269266444288	(102000300040105)
4322324247478272	(1030000040206)
4322329296666624	(200000500020205)
4322432627638272	(1020200020306)
4322449333223424	(100000000050505)
4322493643732992	(300010100030404)
4322622723342336	(10200020506)
4322686933942272	(201010200020305)
4322844472246272	(1020100050106)
4323242227433472	(20000040406)
4323246232633344	(200040604)
4323247369733376	(100030200020602)
4323343838478336	(3010100030701)
4323369798623232	(201010200010504)
4323473262968832	(102010200020404)
4323722622492672	(100020200020207)
4323797242232832	(101020000020406)
4324243232784384	(2010000050404)
4324494469496832	(301000200060202)
4324638943346688	(103000300040401)
4326392623693824	(201000300020404)
4326726934462464	(100010400050203)
4326822342623232	(1000200020407)
4327229332242432	(100010000030407)
4327334364229632	(100010200030504)
4327446293839872	(202020100030303)
4328373334376448	(2020100040601)
4328422997262336	(201010200020305)
4328464633823232	(2000200030504)
4329244692283392	(301000100030305)
4329267266322432	(100010300020306)
4332233223327744	(20000030605)
4332272623386624	(1010300020405)
4332432439222272	(100010000030407)
4332693682962432	(201000300020404)
4332766242373632	(20300020504)
4332924762292224	(200010100030207)
4333324322783232	(1010000020705)
4333422227226624	(10200030307)
4336423738343424	(1010100050602)
4336896288227328	(104010200010304)
4337243426783232	(1020100030504)
4337376864436224	(1020300040402)
4338826428284928	(105000100030204)
4339687442743296	(201020200040302)
4339944222437376	(200020100040403)
4342274223243264	(10100050306)
4342422986293248	(202000100040205)
4342427262222336	(10200030307)
4342742462693376	(100020300040303)
4342769363423232	(100010200030504)
4342938964328448	(203000100050302)
4343362384822272	(2010100030405)
4343632222224384	(1000100040406)
4344243433242624	(100070404)
4344922362396672	(200010300030304)
4346649276383232	(101010300030403)
4362226223284224	(1000200030208)
4362323267764224	(20300030305)
4362396424372224	(100010200040305)
4362672329293824	(201010200020305)
4364229436342272	(100010200040305)
4364338293374976	(201020200030501)
4366938822672384	(103010300020303)
4368232844623872	(3010200030304)
4369324424822784	(102010100050204)
4373263362972672	(100030300010404)
4373328446226432	(1010200040404)
4373627426832384	(2020200030403)
4374629233422336	(100010200030504)
4376242336628736	(1020400020403)
4377722327322624	(40100020306)
4377744333236736	(40200030601)
4379866222362624	(101010400020205)
4382844323364864	(3000200050402)
4383937497332736	(201030100020601)
4384274346934272	(101020100050303)
4387493237686272	(102030200020303)
4393338838843392	(204000000020701)
4393726729362432	(200020200020404)
4393936244662272	(200010300030304)
4394867423772672	(101040200030203)
4399342243282944	(301000000050304)
4422244236263424	(200060206)
4422448787226624	(2020200050005)
4423226293223424	(100000100040307)
4423266424848384	(3000200060203)
4423362422243328	(1000100040406)
4423392946962432	(300000200040304)
4423679422267392	(200020200030205)
4423823426322432	(1000100040406)
4424322364342272	(10100050306)
4426222763999232	(300010200020206)
4426278632423424	(1010200050205)
4426823233437696	(101010300030403)
4427222933274624	(100020100040206)
4427262632927232	(100020200020207)
4429324436963328	(201000200040403)
4429397238239232	(301010000020405)
4432323272638464	(1010200040404)
4433274642972672	(100030200040204)
4433964369444864	(201000300070300)
4434646224863232	(1000300050304)
4434824332836864	(3000200050402)
4434929893343232	(301000000040503)
4436232343732224	(10100040505)
4438269282484224	(103000100050105)
4438332983476224	(102010100040403)
4439367626932224	(200010300030304)
4439938248474624	(202010100060202)
4442222282932224	(101000000040109)
4442772234829824	(102020000050105)
4443948777332736	(101040100040401)
4444224433422336	(100070404)
4444248682266624	(2000400060004)
4444846622244864	(2000300080003)
4447322467467264	(30300060103)
4447783733428224	(2030000050303)
4448424749432832	(102010000070203)
4462642492342272	(100010200050106)
4463722423222272	(20100030208)
4464648627683328	(3010400040202)
4468287228346368	(4010300030203)
4472422792298496	(301020100040005)
4472436838367232	(2020200030403)
4472932742627328	(101030100030205)
4473462424338432	(1010100060403)
4473484224233472	(1020000060304)
4473723874443264	(1030100060302)
4473863392223232	(101010100020505)
4474332472393728	(101030000040403)
4477748622262272	(1040200030006)
4478333663333376	(1020300020800)
4482342342623232	(1000100040406)
4482344333279232	(101010000040504)
4482739727327232	(101040000020305)
4487222666723328	(2020300020205)
4487842923282432	(103010000040205)
4487962426343424	(101010200060203)
4488232943222784	(103010000040205)
4492338684493824	(203000100050302)
4493223922747392	(300020000030305)
4493439222644736	(200010200050303)
4496724832223232	(101010100030306)
4497439342362624	(200010200050303)
4498482262966272	(202010300030005)
4499433382477824	(202020000050302)
4622423244668928	(102000300040105)
4622729773842432	(101030100030205)
4622789822644224	(102010200040006)
4622898326667264	(102010500020104)
4623237773328384	(2030100020503)
4623279232223232	(100010100010408)
4623296382222336	(101000300010406)
4623322342367232	(10200020506)
4632344642322432	(200050405)
4632424332263424	(200050405)
4632724429627392	(200020200030205)
4633363274932224	(100010200030504)
4634822232244224	(1000100050207)
4634982962233344	(201000200040403)
4638924222234624	(101000200040206)
4642996244447232	(200010200060104)
4643227224244224	(10100060107)
4643464446738432	(1010300070301)
4644338424348672	(2010200060302)
4644363227922432	(100010200040305)
4648243677364224	(1020300050203)
4648942222442496	(201000200060005)
4664472934367232	(100020300040303)
4664742234292224	(100010200050106)
4666222422392832	(101000300020207)
4669232294264832	(201000300030205)
4672372222328832	(2020100010307)
4672422238224384	(2010100040206)
4673692422733824	(101020200030304)
4676223223332864	(1010300020405)
4676238272692224	(101020300020106)
4683236224794624	(101010300040204)
4687373732622336	(1030300010503)
4692336823222272	(101010200010307)
4692446432722944	(200010200060104)
4697837224722432	(101030100030205)
4722239482232832	(102010000020307)
4722323684327424	(1020100040305)
4722623432884224	(2010100040206)
4722624374243328	(1020100040305)
4723624246247424	(20200060105)
4728387424223232	(2020000030306)
4729876697677824	(202050300020002)
4733923282292736	(201020100010405)
4734229223227392	(200020000020307)
4734428274229248	(102020000050105)
4734462262247424	(20200060105)
4734622262329344	(100010200040305)
4736437382283264	(2020200030403)
4736692223327232	(100020200010406)
4737296972427264	(200040200030104)
4737982449844224	(202020000060103)
4738222273462272	(1030100020207)
4742232834834432	(2010000050404)
4743433662234624	(10300050403)
4744223363432448	(1010100060403)
4744272747626496	(100040300050003)
4744733926883328	(103020100030402)
4746324774223872	(1040100040204)
4748334922727424	(101030000050204)
4766288622649344	(102010400040103)
4768339223273472	(101030100020404)
4768434326863872	(3020300030302)
4773432386322432	(1020100030504)
4774492344287232	(101030000050204)
4783762229428224	(102020100030106)
4784879932342272	(202030000030204)
4788332924239872	(203020000020304)
4789269328822272	(203020100010106)
4793232222277632	(100030100010307)
4793238262923264	(201010200020305)
4793472224722944	(200030000050105)
4822392634343424	(101000100050404)
4822679324639232	(201010200020305)
4822764223463424	(1010200050205)
4824223639732224	(101010100030306)
4824274733236224	(1020100040305)
4824472938872832	(104020000030204)
4824828343222272	(3010000030207)
4828247227367424	(2030100040105)
4828289222836224	(104000100020107)
4829237222326272	(101020100010208)
4832223226232832	(2000100010408)
4832683386273792	(103020200010403)
4832987383332864	(104010100020502)
4833238492643328	(103000100030503)
4833378666676224	(2020500020302)
4834428224274432	(2010000060205)
4834877434232832	(3020000040403)
4837242722844672	(2030100040105)
4838473227829248	(104020000030204)
4842242739339264	(201010100040304)
4843247272722432	(1030000040206)
4843622263947264	(101010300040204)
4848434364284928	(104000100060202)
4863327226232832	(2010200010406)
4863443846823936	(103000300040401)
4863477224374272	(1040100040204)
4864292726243328	(102010200030205)
4872437662482432	(2020200040204)
4873673326362624	(1020400020403)
4874664224489472	(102020200060003)
4878368224837632	(4020200020303)
4882222223327232	(2010000010309)
4882638229733376	(103020200010403)
4882742428827648	(5020100040004)
4892726428434432	(102010100050204)
4922234363999232	(400000100020405)
4922766287437824	(102030200030104)
4922882223243264	(102000100030207)
4923264727793664	(200030300030203)
4923433322422272	(100010000030407)
4924384292634624	(201000200050204)
4927732767627264	(100050300020104)
4932238624948224	(202000100040205)
4932432327223296	(200010100020406)
4932747726262272	(100040200020106)
4932793229672448	(301020100030204)
4933233423433728	(101010000030703)
4933433364922368	(201000200030602)
4937232226332672	(100020200010406)
4938934873227264	(202020100030303)
4942242292432896	(301000100040106)
4942723298623488	(203010100030204)
4942829647429632	(301010200040104)
4943842822324224	(102000000050206)
4944622432223232	(100000100040307)
4962422278324224	(101010100040107)
4963772224438272	(101030100030205)
4964222383423488	(103000100040304)
4972242784223232	(101020000030207)
4982282322444288	(104000000040106)
4983327473467392	(201030100030402)
4986269623222272	(201010300010107)
6222222339637248	(101010200010307)
6222238392287232	(102010100000308)
6222282927243264	(101010200020108)
6222428367224832	(2010200020207)
6222464634322944	(100000300050205)
6222627836264448	(2010400030105)
6222722232287232	(102010000020a)
6222822846234624	(2000300030107)
6222833343627264	(1010300020405)
6222962266472448	(101010400030006)
6223222339333632	(100000200000706)
6223229643423744	(100010200040305)
6223242232332288	(2000100010408)
6223287332634624	(1010300020405)
6223743328223232	(1010100010507)
6223922666422272	(100010400010108)
6224222647222272	(2020002000a)
6224337443487744	(1030100060302)
6224642276622336	(10500020206)
6224774432292864	(101020200040105)
6224784836788224	(4020200030104)
6224982224928768	(203010200020006)
6226223337234432	(10200020506)
6226473226272768	(1030400010106)
6227346646499328	(201010400030203)
6227662432223232	(10300010308)
6229274469433344	(200010200050303)
6229733474893824	(202020100030303)
6232222267342848	(2010200020207)
6232276393362432	(100010300010505)
6232333332344832	(1000100020804)
6232432326672384	(1010300020405)
6232448379322368	(102010200020404)
6232627842932736	(101020300010305)
6232669322729472	(200020300010206)
6232937734324224	(100020100030405)
6233224496283648	(102000300030304)
6233233633394688	(102000300010702)
6233426428428288	(4000200030205)
6234233233342464	(200040604)
6234822722322432	(1010100020308)
6236344443469824	(101000300060302)
6236363362664448	(1000600030402)
6237333742332672	(30200010604)
6238224323444736	(1010200040404)
6238236362932224	(101000300010406)
6238823622377472	(2030200010305)
6242647274422272	(30200040007)
6242922733436928	(201010200020305)
6243322823442432	(1000100040406)
6243383243833344	(2000100040702)
6244266426236928	(101000500030105)
6246236727779328	(101040300010204)
6246262687924224	(101010400030006)
6247337222633472	(30200020405)
6247823362228224	(2010200020207)
6248337232822272	(2020100010307)
6262292262223872	(101010300000109)
6262422833332224	(1000200020407)
6262788222222336	(2010300000208)
6263326278623232	(1010400000406)
6264222828724224	(2010200030008)
6264364726222848	(2010400030105)
6264428936822784	(103010300030104)
6266872283922432	(102010300010206)
6268732384739328	(103020200010403)
6269223746322432	(100010300020306)
6272424723382272	(1030100020207)
6272724242792448	(101030100040006)
6274372832372736	(1040200010404)
6274626466332672	(20600020204)
6277824873234432	(2030100030304)
6278368322322432	(2010200010406)
6282343264223232	(1000200020407)
6282383443623936	(102000300020503)
6283337223647232	(1020200010505)
6286882262482944	(104000300030005)
6286946624372736	(101020500020203)
6292243622633472	(100010300020306)
6292262434332672	(100010300020306)
6292623242723328	(101010200010307)
6293223443423232	(100000100030506)
6293922324922368	(301000200010306)
6297328424927232	(201020100020206)
6297422483423232	(101010100030306)
6299232222633984	(301000200010306)
6322472643723264	(20300030305)
6322488696373248	(103010300020303)
6323373222469632	(100010300010505)
6324444444229632	(100000200070204)
6324626374262784	(1020400030204)
6324632262623232	(400010407)
6324749277364224	(100030200040204)
6324937728786432	(102030200020303)
6326233478627328	(2020300010404)
6326262323232768	(1010400000406)
6326272293433344	(100010200030504)
6326643322847232	(1010300020405)
6327284722827264	(2030200020106)
6327462342426624	(10400040205)
6327636329742336	(100020400010503)
6328323834642432	(2000200030504)
6329363243728896	(202010300010403)
6329392482484224	(202000100040205)
6329422342324224	(100000100040307)
6329829272223744	(201020100020206)
6329839233466368	(202000400010502)
6332227262226432	(10300010308)
6332233228222464	(1000200020407)
6332246223224832	(1000200020407)
6332448473874432	(2020100050402)
6332824373428224	(2010100030405)
6333328248274944	(102010100040403)
6334242622267392	(100010300020306)
6336336928739328	(202010300000602)
6337332232229376	(100020200000605)
6337432877432832	(2030100020503)
6338726286262272	(2020400000206)
6339264862224384	(102000300030304)
6342223422947328	(101010100030306)
6343272237883392	(102020100010504)
6343686722322432	(1010300020405)
6344376484626432	(1010400050302)
6346233432244224	(200050405)
6347394382823424	(102010100040403)
6348326774243328	(2020200030403)
6362423622623232	(400010407)
6363662238646272	(1010600010304)
6364632922324992	(300000300020305)
6366226326994944	(300000500030203)
6367429427724288	(102030200030104)
6372442337974272	(100040100030304)
6372442462224384	(1010200050205)
6372476648423424	(1020300050203)
6372763422326784	(1030300020304)
6372882423742464	(2020200040204)
6376223827427328	(2030200010305)
6377349372323328	(101030100010603)
6378446227636224	(1020400030204)
6379442373733632	(100030200020602)
6379874244624384	(102020200050202)
6382242344927232	(101010100030306)
6383246829944832	(203000200030303)
6383689424437248	(103010200040302)
6384223963348992	(302000200020403)
6384696728223744	(102020300030203)
6386244662329344	(101000400040303)
6387622323683328	(3010300000504)
6394373372233728	(101030100010603)
6398344992227328	(302010100020304)
6399848423227392	(302010100020304)
6422244322443264	(200060206)
6422333838262272	(2010200010406)
6422422462267392	(100010300030107)
6422886428442624	(3000300050005)
6424337242423296	(100010200040305)
6424772243226624	(20300040106)
6424874337337344	(1030100050501)
6426694473744384	(101020300060201)
6427282327732224	(1030100020207)
6427377463836672	(1040400020302)
6427448948293632	(202010200040203)
6432264743288832	(3010200030304)
6432362647732224	(20300030305)
6432676343267328	(1020400020403)
6432833274642432	(1010200040404)
6432874743988224	(103020100040203)
6433266242322432	(300030406)
6433637244862464	(1010400050302)
6433829876662272	(102020400010204)
6434432233242624	(200050405)
6434823994343424	(201000100060402)
6436438432284672	(2010300040303)
6436743432634368	(1010400040501)
6437626328383488	(4010300020402)
6438332644982784	(103010200040302)
6442233376223232	(10200020506)
6442233438928896	(203000200030303)
6443624222687232	(1010300030206)
6444423733837824	(2020100050402)
6446227873333248	(2020200030403)
6447327722422272	(40100030107)
6463832279482368	(103010300020303)
6468424823734272	(2020200040204)
6472364262948864	(102010400040103)
6483328222887936	(104010200010304)
6484646833422336	(2000400040402)
6486844262842368	(4000400040103)
6492626274484224	(101010300050005)
6494623268732928	(202010300020204)
6494677446426624	(100020500060002)
6622237822943232	(101010200010307)
6622387424722944	(101020200040105)
6623929944244224	(300000200050105)
6624238432223232	(1000200020407)
6627786333622272	(1030400000305)
6628427234279424	(101020200040105)
6633372342288384	(3010200020503)
6633477323327232	(30200010604)
6634292234379264	(200010300030304)
6637384724447232	(1030200040303)
6637428423327744	(1030200040303)
6642239424823296	(201000300030205)
6644363964383232	(101000400030502)
6644464723427328	(1020300050203)
6648632392679424	(201010400030203)
6649294376374272	(200030300030203)
6669842434228224	(102000300040105)
6672827247722496	(101040300020005)
6676967326482432	(101020500020203)
6678722272223232	(1030200000208)
6682627223322624	(1010400010207)
6684838327222272	(3020200010206)
6693244337332224	(100010200030504)
6694346422222848	(102000300040105)
6722222422228992	(20101010001000a)
6722229482422272	(101020100020009)
6722483742277632	(1040200020205)
6722724346232832	(1020200020306)
6723349922322432	(200010100020406)
6723628366823424	(2010400020304)
6723927332732736	(100040200000504)
6724222983733248	(102020100020305)
6724932644634624	(100010400050203)
6728824834228224	(4010100030106)
6729898933223424	(302010100020304)
6732227682238464	(2020300020205)
6733226848223232	(2010200010406)
6733348246388736	(3020300020501)
6733722222968832	(102020200000306)
6739927732242432	(200030100020305)
6742226272223232	(20200010209)
6746666929422336	(200010600020203)
6748764977332224	(101040200030203)
6749866423222272	(101020300020106)
6762233422393344	(100010200030504)
6766333432233984	(101010300020602)
6766774378463232	(1040400020302)
6784263684882432	(4010300030203)
6784697747423232	(101040200030203)
6787266422243328	(2020300020205)
6792992243638272	(301020200010205)
6822344732442624	(1010200050205)
6822879226232832	(103010200000207)
6823478227894272	(103030100020105)
6824449328283648	(104000200040203)
6824622722383872	(3020200010206)
6826923442962432	(201000300030205)
6827223846223872	(3020200010206)
6829663286329344	(202000400020303)
6829992222326784	(302010200010106)
6837736288223232	(3020200000405)
6842324336246784	(2010300040303)
6843333479399424	(301010100040501)
6843764392722432	(101020200030304)
6844446343692288	(103000300050202)
6849842327322624	(102010200030205)
6862222933622784	(102010300010206)
6866242784722944	(102020300040004)
6866724364222464	(1010500040104)
6872424442232832	(2010100040206)
6873623262277632	(1030400000305)
6923442294226944	(300000200050105)
6924724372242432	(100020100040206)
6924863383732224	(102010200020404)
6926496239222784	(301010300020105)
6927232293983232	(301010100000406)
6928927463227392	(301020200010205)
6932222332342272	(100010100010408)
6932232678776832	(102030300000304)
6933267322232832	(101010200000506)
6936827624423424	(101010300040204)
6942382287224832	(103010100020206)
6943822232223744	(101010100030306)
6943926622224384	(201000300030205)
6946237236363264	(100010500020403)
6946694844383232	(202000300040302)
6949468226322432	(201000300030205)
6964979332276224	(300020300020204)
6966936622393344	(300000500020402)
6973936746239232	(300020300010403)
6978664843444224	(102010300060102)
6983329284882432	(204000100020304)
7222243239493632	(200010100020406)
7222272238927872	(102040000000108)
7222322332237824	(1020000010408)
7222442392682496	(201010200030106)
7223263962292224	(200010200010208)
7223264296722432	(100020200020207)
7223322273334272	(30000010507)
7223333722343424	(20000030605)
7223437238943744	(101030000040403)
7224282929332224	(201010000020208)
7224293463883776	(102030200020303)
7224327262236672	(30300010207)
7224439693492224	(300010100040205)
7226234622222336	(10300010308)
7226422223634432	(10200030307)
7226932243636224	(100010300020306)
7227224222367744	(40100030107)
7228622662926336	(101010500000206)
7229389333727232	(201030000000505)
7232242238226432	(1010100020308)
7232324742623232	(20100020407)
7232398923423744	(201020000030404)
7232486223642624	(1010300030206)
7232666237669376	(100030600000303)
7232928284639232	(202010100010306)
7232982462332928	(202010100010306)
7233223992793344	(300020000020504)
7233249839284224	(202010000030305)
7233446233423872	(1020100030504)
7233737884434432	(2030000040502)
7233842742239232	(101020000020406)
7234244872372224	(1030000040206)
7234274366226432	(20300030305)
7236323287732224	(1030100010406)
7238423223779328	(102030000010405)
7238722287992832	(203030000000206)
7239229263286272	(201020200000207)
7242227432423424	(20000050207)
7242383776223232	(1030100010406)
7242636626362368	(1010600010304)
7243236343332864	(1010200030603)
7243272263227392	(100030100010307)
7243623864336384	(2010300030502)
7244327839924224	(201020000040205)
7244832327892992	(302020000020205)
7246223278866432	(2020300020205)
7246376224948224	(101020200040105)
7247239472922624	(200030100030106)
7247243266228224	(1020200030107)
7262366336483328	(2010400010503)
7262498882322432	(103010100020206)
7262688392773632	(102030300000304)
7262932944863232	(201010200020305)
7263224224284672	(1020200030107)
7263249232232448	(101010100030306)
7263474972622848	(102030200030104)
7263623334223872	(1020200010505)
7264932642422784	(101020200040105)
7266224992223232	(200010200010208)
7266274822324224	(1020200030107)
7268222283743232	(2020100010307)
7272332262623232	(20200000408)
7272336286236672	(1030400000305)
7272343244242944	(100020000060205)
7272748239224832	(102030000020206)
7272848382492672	(103030100020105)
7273234324242432	(20000040406)
7274236732342272	(40100020306)
7276243239272448	(101030100030205)
7276422326648832	(2020300020205)
7276742362423296	(100030300020205)
7276822249439232	(201020100020206)
7282624446332928	(102010200030205)
7283728233234432	(2020000020505)
7284332344246272	(1020100040305)
7284942632927232	(201020100020206)
7287322827423744	(2040000030205)
7287383722622976	(102040200000205)
7292722399248384	(302020000020205)
7293464332664832	(101010300030403)
7296394442932224	(300010100040205)
7299638332342272	(201020100010405)
7322227922386944	(201020100020206)
7322382624227328	(2020100010307)
7322434349432832	(101010000040504)
7323444272922624	(100020100040206)
7323763723444224	(30100040404)
7323882432233472	(2020000020505)
7323922229428224	(201010000020208)
7324428222332928	(102010000020307)
7326422429663232	(100010300020306)
7326847323242496	(101020200030304)
7327238662324224	(1020200020306)
7327322792423424	(100030000030306)
7329332364383232	(101010100010704)
7332836466622464	(1010500030303)
7332933276329472	(200030100010504)
7332972232223232	(100020000000508)
7333322396327424	(100020100020604)
7333944663822336	(101010300020602)
7334236433276928	(101020200020503)
7334323343327232	(20000020804)
7334383624372224	(1020100030504)
7336463362228224	(1010300020405)
7337334274228224	(1030000030405)
7338442222927872	(102030000020206)
7342326676242432	(20300030305)
7342364383248384	(3010100040502)
7344244326924288	(102010100050204)
7344629646262272	(100020400030105)
7344828762292224	(102020100030106)
7362227273232384	(1030100010406)
7363272727222272	(50100000208)
7372283624423424	(1020100040305)
7374332692242432	(100020100030405)
7377223329294336	(200030100010504)
7377328764223488	(3040100020303)
7383272722366464	(1030300020304)
7384324226678784	(3030200030203)
7394229826486272	(202020200020105)
7422273973223424	(100030000030306)
7422292422623232	(100010100020209)
7422329363226624	(100010300020306)
7422376392474624	(100030200040204)
7422484282343424	(2010000060205)
7422963693723648	(201020300020303)
7423223922229248	(201010000020208)
7423227328462848	(3020100030205)
7423249772639232	(200030100020305)
7426398222286848	(104010200020105)
7426894962622464	(201010400040004)
7428326224822272	(2020100020108)
7428373722427392	(101040000020305)
7432263682228224	(2010200020207)
7432322743222272	(30000020308)
7432633283346432	(1010200030603)
7432826342473728	(2030100030304)
7432927623733248	(101030100020404)
7433682223693824	(102010200020404)
7433773734772224	(60000030403)
7434242394292224	(200010000050206)
7434337936822272	(101030100020404)
7436233278222336	(1020200010505)
7436276733247488	(2040200030302)
7436772442423296	(100030200040204)
7437646224949248	(201020200050103)
7437729322727424	(100050000030205)
7438633462923264	(101010300030403)
7439292624863232	(201010200020305)
7442222642233344	(10100050306)
7442422334226432	(10100050306)
7443293246226432	(100010200040305)
7443634922422272	(100020100040206)
7446242864922624	(101010300050005)
7462648227299328	(202020200020105)
7463324222226432	(10200030307)
7464372382236672	(1030300020304)
7472246374268928	(102030200030104)
7472334227226624	(30200030206)
7472942239924224	(300020000040106)
7473863232847872	(3040100020303)
7474234673332224	(30100040404)
7482333792632832	(102020100010504)
7483223962238976	(202020200010304)
7484666443333632	(1010400040501)
7487763232223232	(1030100010406)
7489222327222272	(101030000010109)
7489228294324224	(202010000040106)
7493477372946432	(200040100040302)
7494963732329472	(300030100030303)
7622232637243392	(100020200010406)
7622442993844224	(201010100050105)
7622487222239232	(101020100010208)
7622922232332288	(102010100000308)
7624224837992448	(202020100040104)
7624242228363264	(1010300030206)
7624467327762432	(40300030204)
7624726692323328	(101020300010305)
7626326439223296	(200010400010305)
7626644273332224	(20300030305)
7626686244323328	(2010400020304)
7627338383228928	(104020100000404)
7627864232927232	(101030200010206)
7632622826422272	(1020300010108)
7633978662223872	(102030300000304)
7634249926926336	(300010400020303)
7634273629667328	(101030400010303)
7636622834663424	(1010500030303)
7643422323339264	(100010200030504)
7644323424632832	(1010200040404)
7647822233468928	(103020200020204)
7662272224223232	(20200010209)
7662388824244224	(3010200040105)
7663296366222336	(100010600000404)
7663322326367232	(20400000505)
7663433926772736	(100040400010402)
7664246769844224	(101020400050003)
7666283742437376	(1040400020302)
7672249322422272	(100030100020108)
7672262978322432	(101030200010206)
7678237434642432	(1030200040303)
7683233334239232	(101010100010704)
7692448674742272	(101040200040004)
7723448348442624	(2020100060203)
7724223483346944	(101020100050303)
7724232782364672	(1040200020205)
7724496796434432	(200030200050202)
7729332448223232	(101020000020406)
7732329276663936	(200030400000403)
7732877422362624	(1040200020205)
7736876723423232	(1040200010404)
7742234242842624	(1020100050106)
7762222434484224	(1020100050106)
7772422633242624	(30200030206)
7776442272743424	(50100050104)
7822634922934272	(201020100020206)
7822792724447232	(101040000030106)
7829234234228736	(102020100020305)
7842322829279232	(202020000010207)
7843422237622272	(1030100020207)
7847223736762368	(2040300010303)
7862234432274432	(1020100040305)
7874394686226432	(102020300030203)
7884826233274368	(4020200020303)
7893236233322496	(201010200010504)
7922822333239296	(301010100000406)
7924634464223232	(100010200040305)
7933343732278272	(101040000010504)
7934432224223232	(100010000030407)
7934886422249472	(202020100040104)
7936722287327232	(101040100000306)
7938743238623232	(102020100010504)
7942932478623744	(201030100040203)
7963632872423424	(101020200030304)
7966396436447232	(200020400030302)
7973333438644224	(101020100040502)
7973422323922944	(300020000030305)
7974979462324224	(300030100040104)
7978223226322944	(201020100020206)
7992222474829824	(302020000030006)
7993223424442368	(201010100040304)
7993834428432384	(203010000040402)
8222293736423424	(101010100030306)
8222382722727936	(102030100000207)
8222437442322432	(1010000040307)
8223322443743232	(1010000030506)
8223934833229824	(203000000020405)
8224982332342272	(102010000020307)
8226733297434624	(101020200030304)
8227342294843392	(202010000030305)
8227622448267264	(2020300030006)
8228624224223232	(2000100020209)
8229422822326272	(102010100010109)
8232222622482432	(2000100020209)
8232232333344768	(2010100020604)
8232264438644736	(2010300040303)
8232328649244672	(102010200030205)
8232332829622272	(102010100000308)
8232342323724288	(3010000020406)
8232347823243264	(2010100030405)
8232994722742272	(201030000020107)
8233329933287424	(202010000020504)
8237292722233344	(101020000020406)
8238639347269632	(202010300010403)
8239334484344832	(103000000050502)
8239737323446272	(101030100020404)
8242742434332672	(1020100040305)
8244234364649472	(101010200060203)
8247626824679424	(102020300040004)
8247932326674432	(101020200030304)
8248862623924224	(103000200030106)
8249229393334272	(301010000020405)
8262239322636288	(103000300000306)
8262486822223872	(4010200010107)
8262926433386496	(202000400020303)
8268487243333632	(3010200020503)
8272263629242368	(102010300010206)
8272372876443648	(3030200030203)
8273962423222272	(101020100010208)
8282273794228224	(103020000020107)
8282622262247424	(2010200030008)
8283224467832832	(4010100020305)
8283332278222848	(5010000010306)
8283333436342272	(2010100020604)
8284222242422784	(3010000040008)
8284836867342336	(4010300020402)
8286724837343232	(3020100020404)
8288229327372288	(105020000000206)
8292223427346432	(101010100030306)
8292322293276672	(201020200000207)
8292432446226432	(101000200040206)
8296493384466432	(202000300040302)
8298237262823424	(103010100020206)
8322424869224448	(103000100050105)
8322663822262272	(2010300000208)
8322727642693632	(101020300010305)
8322938333724672	(102020100010504)
8323243724242944	(101010000050305)
8323263328223232	(2000100000607)
8323438724923392	(202010000020504)
8323444382367744	(2020100050402)
8324722623393792	(201020100010405)
8324842449272832	(103010000040205)
8326286338424832	(4000200020404)
8326473428238336	(3010200020503)
8327424296927232	(201020100020206)
8327728433332224	(2020000020505)
8329223322427392	(201010000010407)
8329374944722944	(301020000050203)
8332224433422336	(1000100030605)
8332322236342272	(1010100010507)
8332332227444736	(1020100030504)
8332884232372224	(3010000020406)
8333283263348736	(3010200010702)
8334233236242432	(1000100030605)
8334236222226432	(1000200020407)
8334338223439872	(103010000020603)
8337233226373632	(1020200000704)
8337662626922496	(201010500010204)
8337896226422784	(103020200020204)
8338249384722432	(103010000030404)
8339262373822464	(102010200020404)
8342224326623232	(1000200020407)
8342429762322432	(101010100030306)
8342672224223232	(1010100020308)
8343223783243776	(2030100020503)
8343362249293824	(202000100030404)
8343426364342272	(1010200040404)
8343722743824384	(3020000040403)
8346233738723328	(3020100010603)
8346693747474432	(101030200050301)
8349343772442624	(101020100050303)
8349962468327424	(202010200040203)
8362243223322624	(1000200020407)
8366392283922432	(202000200010405)
8372283232223232	(2010000000508)
8374424328732672	(2030100030304)
8382323846283264	(4000200020404)
8382822242844672	(4010100030106)
8389283434463232	(103000100030503)
8392232272822272	(102020000000209)
8393299732242432	(301010000020405)
8394267782283264	(103020200020204)
8422363646263296	(101000500020304)
8422422346727424	(1020100050106)
8422642327486464	(2010300050104)
8422686323638272	(3010300010305)
8422933228683264	(103000200020305)
8423329976377344	(201030100030402)
8424233224372224	(1010000040307)
8426346327834624	(2010300040303)
8426962443829248	(203000200040104)
8427463324729344	(101020100050303)
8428698423263232	(103000200020305)
8429222427623424	(101010100040107)
8432383294734336	(102010100030602)
8433227229364224	(101010100030306)
8433733222268928	(103010100010405)
8434832828792832	(105010000020304)
8434874446774272	(2040100060102)
8437324333842432	(2010000040603)
8442422722363392	(101010100030306)
8442923364384768	(103010200040302)
8446266328743936	(102010400030302)
8447822263222272	(2020100020108)
8447928223924224	(202010000040106)
8449344424378368	(103010100060301)
8462342484393984	(203000100050302)
8472623442296832	(102010200030205)
8478469282332672	(103020200020204)
8484222274633728	(3020100030205)
8492222724636672	(101020300020106)
8493223228342272	(102010000020307)
8493432247222272	(101020000030207)
8622234976223232	(101010200010307)
8622322429722624	(101010200020108)
8622327384244224	(2010100040206)
8624322322366464	(1000400030305)
8628249424822272	(103010100030007)
8632236427444224	(1010200050205)
8632436363624448	(2000400040402)
8632932992483328	(303000100010404)
8633484372344832	(3010100040502)
8633969322273792	(301020200000404)
8634426892222464	(102000300040105)
8636226222292992	(301000300000108)
8639232224329728	(202010100010306)
8639443472744448	(102020100070201)
8642239946293248	(302000200030204)
8642422322233344	(1000100040406)
8642624349929472	(301010200040104)
8643262442766336	(1010500030303)
8643327322226688	(3010300010305)
8662864233332736	(2010400010503)
8663934242783232	(102010200020404)
8692292879327232	(302020100000206)
8722324642332672	(1020200020306)
8722446374928384	(103020100040203)
8722822237323264	(2020100010307)
8723323473887232	(3030000010504)
8726222773223424	(1030100020207)
8727346892242944	(202020100040104)
8732333246644224	(1010200040404)
8732476926222336	(101020300010305)
8742823232274432	(2020000030306)
8743386332233728	(3020100010603)
8746462922932224	(201010200030106)
8766363944927232	(201020300020303)
8768642334326784	(3020300030302)
8779226632372224	(101030200010206)
8787932268724224	(103030100020105)
8822222248476672	(3020200020007)
8822229647228928	(204010100010007)
8822322247237632	(2020100010307)
8822742473244672	(2030100040105)
8823286223732736	(3020200000405)
8826262684434432	(3000300040204)
8826338329362432	(103000200010504)
8832363328438272	(4010100010504)
8832622432223232	(2000100010408)
8842329348636672	(103010300020303)
8846372238262272	(3020200010206)
8862629262262272	(102010400000008)
8862824222687232	(4010200010107)
8882648424382464	(5000200050103)
8922282247323648	(103010100020206)
8924696642322432	(201000300030205)
8928222492229632	(302000100010108)
8932743224229888	(204010000020205)
8939262272274432	(201020100020206)
8963694262222848	(203000300020105)
8968392242233344	(202000100030404)
8998222222393344	(302000000020306)
9222322272436224	(100010100020209)
9222636222277632	(100020300000208)
9222723226386432	(101010200010307)
9222834293793792	(401020000010305)
9223227742224384	(101020000030207)
9223633732223232	(100010100000607)
9224374837837824	(103030000030303)
9224393884434432	(202000000050403)
9224889223348224	(203000000030206)
9227344633823232	(101010100020505)
9227932499423232	(400010000020306)
9228327733223424	(101020000020406)
9229284926226432	(301000200020107)
9229432732434432	(200010000040405)
9232384664272896	(202010300020204)
9232626242322432	(100000200020308)
9232634483638272	(102010200020404)
9232672422887424	(102020100030106)
9232744288223232	(102010000020307)
9232823729332224	(201010000010407)
9233222349238272	(201010000010407)
9233223289823232	(202000000000507)
9236733427482624	(101020200030304)
9237866644242432	(101010300040204)
9239477239222272	(300030000010207)
9242423339433984	(301000000040503)
9242722236432384	(101010100030306)
9243238262243328	(102000100020406)
9243722334292992	(400010000020306)
9244476322873344	(101020100050303)
9246243834298368	(203000200030303)
9246392339226624	(300000300020305)
9246442772496384	(201020200050103)
9247498234232832	(202010000030305)
9249246826463232	(201000300030205)
9262247233462272	(100020200020207)
9262432322666496	(200000500020205)
9262696438923264	(301000400020204)
9263383334682624	(102000300020503)
9263632636726272	(100020500000305)
9263643339239424	(300000200030503)
9263672282382336	(102010300000405)
9266292483342336	(201000300020404)
9267434622222336	(100010300020306)
9272377343279232	(200040000010405)
9274223388229632	(202010100010306)
9276426447224832	(101020200040105)
9276924277942272	(300040100020006)
9277692422326272	(200030200010107)
9282227766239232	(201020200000207)
9282276323937792	(301030100000305)
9286233278644224	(102010200030205)
9292424334262272	(200010100030207)
9293633722727424	(200030100020305)
9294222444724224	(200010000060007)
9294462268342272	(201010200030106)
9297244393242624	(300010100040205)
9322234499432448	(301000000050304)
9322247398883328	(204010000010404)
9322473233332224	(100010000020606)
9322943243636736	(200010300020503)
9323294834294784	(302010000040303)
9323343422226432	(100000100030506)
9324222627299328	(301010100010207)
9324372442742784	(101030000050204)
9328723326332928	(202010100000505)
9332362624223232	(100000200010507)
9332384647348224	(102010100040403)
9332448284639232	(202000100030404)
9333632333297664	(200010300010702)
9333732329236224	(200010100010605)
9337422232276992	(300020100010306)
9338262349326336	(201000300010603)
9338777824223232	(102030000010405)
9339223942923264	(400000100020405)
9342472232927232	(200020000020307)
9342624983924736	(301010200030303)
9343422223736832	(101010100020505)
9344484332273664	(101010200050402)
9346347442962432	(200010200050303)
9348324928782336	(203010100020403)
9367863323922432	(201010200010504)
9372239336662272	(200020300000405)
9376286262239232	(201010300000306)
9377743228342272	(101040000020305)
9382444836323328	(103000100030503)
9392228236726272	(201020200000207)
9392624222994432	(400000100030206)
9392829324263424	(301000100030305)
9394224722362368	(201010200020305)
9422229322727424	(200020000030108)
9422328664424448	(102000200060104)
9422423626678272	(101020300020106)
9422872246222848	(103010100030007)
9423362324496384	(201000200040403)
9423742786633728	(102030200020303)
9424262992822272	(301010100020008)
9424622923333632	(200000200020505)
9432262228967424	(201010200030106)
9432263429332992	(400000100020405)
9432763874279424	(201030100040203)
9433492263272448	(201010100040304)
9433668842422272	(102010200030205)
9436288864223232	(103000200020305)
9436336733279232	(200020200010603)
9442323227344896	(201010100040304)
9442734827323392	(201020000030404)
9442797376223232	(200030100020305)
9444642333622272	(100010200040305)
9446624222773248	(101020200040105)
9448272294838272	(203020000030105)
9463372672223232	(100020200010406)
9466274282766336	(101020500020203)
9467628223463424	(101010300040204)
9468623487762432	(102020300030203)
9469229224476672	(300020300030005)
9469343223373824	(201010100030503)
9472729329229824	(401020000020106)
9476244483342336	(101010200050402)
9478969922322432	(401010100020205)
9484372642332672	(101020200030304)
9484836664246272	(102010400040103)
9492937232744448	(301020000050203)
9493626923384832	(302000200020403)
9494729423327232	(300020000030305)
9496422664372224	(200010300040105)
9622227282296832	(202010200000108)
9623442267242496	(200010300040105)
9623847262224384	(102010200030205)
9626328232722432	(101010200010307)
9626773442936832	(201020300020303)
9626942748229632	(301010300020105)
9634833342332928	(202000100020603)
9648428774326272	(102030200030104)
9662467262644224	(100010500040005)
9663633623826432	(101000500010503)
9666736264249344	(200010500040202)
9669438376722432	(201020300020303)
9672249346228224	(201010200030106)
9672433282842624	(102010200030205)
9677242723663872	(101040300010204)
9684224372293632	(201010200020305)
9684427287822336	(103020200020204)
9686372668342272	(102020400010204)
9693328482238464	(203000200030303)
9722246662324224	(100010300030107)
9722432828473344	(102020000040304)
9732367837237248	(102040100010403)
9733264673239296	(300020300010403)
9733924646433792	(300020200030402)
9736262423322624	(100010300020306)
9737386234232832	(102020100010504)
9742442233724928	(201020000040205)
9744282268729344	(202020100040104)
9744449933223936	(400010100040402)
9744744228323328	(102020000040304)
9766722326667264	(100030600010104)
9774434496282624	(201020200050103)
9792222243342336	(200010100020406)
9793322233938432	(301010000010604)
9793438827282432	(203020000020304)
9822283432722432	(102010000020307)
9822937327386624	(202020200010304)
9822992633782272	(302020100000206)
9822993762484224	(302010100030105)
9824322342223872	(102010000020307)
9826229374746624	(201020300030104)
9833323642748928	(203010100020403)
9834423249272832	(202010000030305)
9838386247237632	(103020200010403)
9842382688223232	(104000100010306)
9847867343634432	(102020200040401)
9848823622926336	(203000300010304)
9864333922664448	(202000300040302)
9874263223222272	(101020100010208)
9892443922292736	(401010100020205)
9922272247222272	(20003000001000a)
9923332826437632	(201010200010504)
9927222333364224	(200010100020406)
9927624433434624	(200010200050303)
9927628948242432	(302010100030105)
9929938272436224	(401010100020205)
9933324378292224	(301010000020405)
9933642672242688	(202010300020204)
9934238626873344	(202010200030402)
9943268242489344	(302000100050203)
9943827744227328	(202030000030204)
9944329222324224	(300000000040207)
9962296222482432	(301000200020107)
9963424924434432	(300000100060303)
9964839349223424	(401000100040303)
9993728744423424	(301020000050203)
9994484222263296	(401000200030105)

