16677181699666569
14824161510814728
12971141321962887
11118121133111046
7412080755407364
5559060566555523
3706040377703682
4941387170271576
9882774340543152
6588516227028768
3294258113514384
11529903397300344
13177032454057536
4392344151352512
8784688302705024
5856458868470016
2928229434235008
10248803019822528
11712917736940032
2251799813685248
1970324836974592
1688849860263936
1125899906842624
844424930131968
562949953421312
2533274790395904
2216615441596416
1899956092796928
1266637395197952
949978046398464
633318697598976
2849934139195392
2493692371795968
2137450604396544
1424967069597696
1068725302198272
712483534798848
3206175906594816
2805403918270464
2404631929946112
1603087953297408
1202315964973056
801543976648704
3606947894919168
3156079408054272
2705210921189376
1803473947459584
1352605460594688
901736973729792
4565043429507072
4057816381784064
3550589334061056
3043362286338048
2028908190892032
1521681143169024
1014454095446016
4323713773987629
8647427547975258
5764951698650172
2882475849325086
10088665472637801
3843301132433448
7686602264866896
5124401509911264
2562200754955632
8967702642344712
3416267673274176
6832535346548352
4555023564365568
2277511782182784
7971291237639744
9110047128731136
7085592211235328
3994413000818688
985162418487296
492581209243648
1477743627730944
1108307720798208
738871813865472
554153860399104
1662461581197312
1246846185897984
831230790598656
623423092948992
1870269278846976
1402701959135232
935134639423488
701350979567616
2104052938702848
1578039704027136
1052026469351424
789019852013568
2367059556040704
1775294667030528
1183529778020352
887647333515264
2662942000545792
1331471000272896
1724034232352768
1939538511396864
2181980825321472
2454728428486656
2761569482047488
3495111375716352
3106765667303424
3362888490879267
6725776981758534
4483851321172356
2241925660586178
7846739812051623
2989234214114904
5978468428229808
3985645618819872
1992822809409936
6974879832934776
2657097079213248
5314194158426496
3542796105617664
1771398052808832
6199893184830912
5511016164294144
862017116176384
431008558088192
1293025674264576
969769255698432
646512837132288
484884627849216
1454653883547648
1090990412660736
727326941773824
545495206330368
1636485618991104
1227364214243328
818242809495552
613682107121664
1841046321364992
1380784741023744
920523160682496
690392370511872
2071177111535616
1553382833651712
1035588555767808
776691416825856
2330074250477568
1165037125238784
1508529953308672
1697096197472256
1909233222156288
2147887374925824
2416373296791552
3058222453751808
2718419958890496
754264976654336
377132488327168
1131397464981504
848548098736128
565698732490752
424274049368064
1272822148104192
954616611078144
636411074052096
477308305539072
1431924916617216
1073943687462912
715962458308608
536971843731456
1610915531194368
1208186648395776
805457765597184
604093324197888
1812279972593664
1359209979445248
906139986296832
679604989722624
2038814969167872
1019407484583936
1319963709145088
1484959172788224
1670579069386752
1879401453060096
2114326634692608
2675944647032832
2378617464029184
4286345905562112
4822139143757376
6103019853817929
5424906536727048
4746793219636167
4219371750787704
3750552667366848
3333824593214976
659981854572544
329990927286272
989972781858816
742479586394112
494986390929408
371239793197056
1113719379591168
835289534693376
556859689795584
417644767346688
1252934302040064
939700726530048
626467151020032
469850363265024
1409551089795072
1057163317346304
704775544897536
528581658673152
1585744976019456
1189308732014592
792872488009728
594654366007296
1783963098021888
891981549010944
1154968245501952
1299339276189696
1461756685713408
1644476271427584
1850035805356032
2341451566153728
2081290281025536
3691950281939241
3281733583945992
2871516885952743
2552459454180216
2917096519063104
2233402022407689
1985246242140168
2268852848160192
1764663326346816
1737090461872647
1544080410553464
1351070359234281
1200951430430472
1372515920491968
1067512382604864
232630513987207
199397583417606
132931722278404
99698791708803
66465861139202
265863444556808
227882952477264
151921968318176
113941476238632
75960984159088
303843936636352
299096375126409
256368321536922
170912214357948
128184160768461
85456107178974
341824428715896
292992367470768
195328244980512
146496183735384
97664122490256
390656489961024
384552482305383
439488551206152
502272629949888
494424620106921
565056708693624
645779095649856
635688797280327
830287408692672
726501482606088
1050832501626663
934073334779256
817314167931849
2470693585135788
2196172075676256
1952152956156672
2361864070411776
3904305912313344
3036682376243712
4723728140823552
7808611824626688
6073364752487424
422212465065984
474989023199232
534362651099136
601157982486528
676302730297344
1921650566216724
1708133836637088
1518341188121856
369435906932736
415615395299328
467567319711744
526013234675712
591764889010176
1494617107057452
1701639636120144
1914344590635162
2187822389297328
2857563937041408
2461300187959494
2812914500525136
3674010776196096
3214759429171584
3164528813090778
4133262123220608
3616604357818032
5231159874701082
4649919888623184
4068679902545286
1328548539606624
1180932035205888
323256418566144
363663470886912
409121404747776
460261580341248
517794277883904
1134426424080096
1276229727090108
1458548259531552
1640866791972996
1875276333683424
2143172952781056
2109685875393852
2755508082147072
2411069571878688
3487439916467388
3099946592415456
2712453268363524
282849366245376
318205537026048
357981229154304
402728882798592
453069993148416
2500368444911232
2222549728809984
247493195464704
278429844897792
313233575510016
352387772448768
396436244004864
866226184126464
974504457142272
1096317514285056
1233357203570688
1387526854017024
1560967710769152
1944731012708736
329616413404614
376704472462416
423792531520218
484334321737392
544876111954566
622715556519504
700555001084442
800634286953648
900713572822854
1029386940368976
1488934681605126
1323497494760112
1158060307915098
1512568565440128
109872137801538
219744275603076
125568157487472
251136314974944
282528354346812
322889547824928
363250741303044
415143704346336
467036667389628
533756191302432
600475715215236
686257960245984
992623121070084
882331663173408
772040205276732
130218829987008
167424209983296
260437659974016
334848419966592
430519397099904
553524939128448
711674921736576
1176442217564544
915010613661312
56970738119316
65109414993504
73248091867692
83712104991648
1574576046941184
2602870608208896
2024454917495808
1905042624694272
2449340517464064
3149152093882368
5205741216417792
4048909834991616
445990774505472
509703742291968
582518562619392
760840571584512
665735500136448
1337972323516416
1529111226875904
1747555687858176
2282521714753536
1997206500409344
281474976710656
316659348799488
356241767399424
400771988324352
450868486864896
507227047723008
246290604621824
277076930199552
311711546474496
350675489783808
394509926006784
443823666757632
215504279044096
242442313924608
272747603165184
306841053560832
345196185255936
388345708412928
188566244163584
212137024684032
238654152769536
268485921865728
302046662098944
339802494861312
1666912296607488
1481699819206656
164995463643136
185619896598528
208822383673344
234925181632512
264290829336576
297327183003648
577484122750976
649669638094848
730878342856704
822238135713792
925017902678016
1170725783076864
1040645140512768
37980492079544
1301435304104448
1464114717117504
1853020188851841
1647129056757192
1235346792567894
1098086037838128
976076478078336
867623536069632
1049717364627456
1735247072139264
1349636611663872
211106232532992
237494511599616
267181325549568
300578991243264
338151365148672
1012227458747904
1138755891091392
1441237924662543
1281100377477816
960825283108362
854066918318544
759170594060928
674818305831936
184717953466368
207807697649664
233783659855872
263006617337856
295882444505088
787288023470592
885699026404416
1120962830293089
996411404704968
747308553528726
567213212040048
378142141360032
756284282720064
638114863545054
425409909030036
850819818060072
729274129765776
486182753177184
972365506354368
952521312347136
635014208231424
957172295317581
820433395986498
546955597324332
1093911194648664
937638166841712
625092111227808
1250184222455616
1071586476390528
714390984260352
1428781968520704
1224670258732032
816446839154688
1230650093979747
1054842937696926
703228625131284
1406457250262568
1205534785939344
803689857292896
1837005388098048
1607379714585792
1377754041073536
918502694049024
1582264406545389
1356226634181762
904151089454508
2066631061610304
1808302178909016
1549973296207728
1033315530805152
2615579937350541
2324959944311592
2034339951272643
1743719958233694
1162479972155796
664274269803312
590466017602944
524858682313728
161628209283072
181831735443456
204560702373888
230130790170624
258897138941952
612335129366016
688877020536768
871859979116847
774986648103864
581239986077898
516657765402576
459251347024512
408223419577344
141424683122688
159102768513024
178990614577152
201364441399296
226534996574208
476260656173568
535793238195264
678113317090881
602767392969672
452075544727254
401844928646448
357195492130176
317507104115712
1111274864404992
123746597732352
139214922448896
156616787755008
176193886224384
198218122002432
433113092063232
487252228571136
548158757142528
616678601785344
693763427008512
780483855384576
527421468848463
468819083420856
351614312565642
312546055613904
410216697993249
364637064882888
273477798662166
243091376588592
319057431772527
283606606020024
212704954515018
164808206702307
141264177173406
94176118115604
188352236231208
161444773912464
107629849274976
215259698549952
211896265760109
181625370651522
121083580434348
242167160868696
207571852173168
138381234782112
276762469564224
272438055977283
233518333694814
155678889129876
311357778259752
266878095651216
177918730434144
355837460868288
350277500542221
300237857607618
200158571738412
400317143476824
343128980122992
228752653415328
457505306830656
450356786411427
386020102638366
257346735092244
588221108782272
514693470184488
441165831586704
294110554391136
744467340802563
661748747380056
579030153957549
496311560535042
330874373690028
189071070680016
248155780267521
220582915793352
165437186845014
147055277195568
28485369059658
32554707496752
42728053589487
36624045933846
48832061245128
41856052495824
54936068900769
47088059057802
62784078743736
53814924637488
70632088586703
60541790217174
80722386956232
69190617391056
90812685325761
77839444564938
103785926086584
88959365217072
116759166847407
100079285869206
133439047825608
114376326707664
193010051319183
171564490061496
150118928803809
128673367546122
617673396283947
411782264189298
823564528378596
480412641554181
320275094369454
640550188738908
373654276764363
249102851176242
498205702352484
290619993038949
193746662025966
387493324051932
226037772363627
150691848242418
301383696484836
175807156282821
117204770855214
234409541710428
136738899331083
91159266220722
182318532441444
106352477257509
70901651505006
141803303010012
12208015311282
18312022966923
15696019685934
23544029528901
20180596739058
30270895108587
25946481521646
38919722282469
33359761956402
50039642934603
42891122515374
82718593422507
64336683773061
55145728948338
110291457896676
205891132094649
137260754729766
274521509459532
549043018919064
160137547184727
106758364789818
213516729579636
427033459159272
124551425588121
83034283725414
166068567450828
332137134901656
96873331012983
64582220675322
129164441350644
258328882701288
75345924121209
50230616080806
100461232161612
200922464323224
58602385427607
39068256951738
78136513903476
156273027806952
45579633110361
30386422073574
60772844147148
121545688294296
5232006561978
7848009842967
6726865579686
10090298369529
8648827173882
12973240760823
11119920652134
16679880978201
14297040838458
21445561257687
18381909649446
35450825752503
27572864474169
23633883835002
47267767670004
94535535340008
416728074151872
833456148303744
68630377364883
45753584909922
91507169819844
183014339639688
324121835451456
648243670902912
1296487341805824
53379182394909
35586121596606
71172243193212
142344486386424
252094760906688
504189521813376
1008379043626752
41517141862707
27678094575138
55356189150276
110712378300552
43406276662336
55808069994432
71753232849984
92254156521408
118612486956096
196073702927424
152501768943552
86812553324672
111616139988864
143506465699968
184508313042816
237224973912192
392147405854848
305003537887104
173625106649344
223232279977728
287012931399936
369016626085632
474449947824384
784294811709696
610007075774208
32291110337661
21527406891774
43054813783548
86109627567096
25115308040403
16743538693602
33487077387204
66974154774408
19534128475869
13022752317246
26045504634492
52091009268984
2242288526562
3363432789843
2882942391294
4324413586941
3706640217378
5559960326067
4765680279486
7148520419229
6127303216482
9190954824723
7877961278334
15193211036787
11816941917501
10128807357858
20257614715716
40515229431432
960980797098
1441471195647
1235546739126
1853320108689
1588560093162
2382840139743
411848913042
617773369563
529520031054
794280046581
680811468498
1021217202747
176506677018
264760015527
226937156166
340405734249
75645718722
113468578083
32419593738
48629390607
97258781214
145888171821
732057358558752
650717652052224
578415690713088
334493080879104
668986161758208
382277806718976
764555613437952
436888921964544
873777843929088
499301625102336
1141260857376768
998603250204672
570630428688384
222995387252736
254851871145984
291259281309696
380420285792256
332867750068224
140737488355328
158329674399744
178120883699712
200385994162176
225434243432448
285315214344192
253613523861504
569377945545696
506113729373952
449878870554624
31511845113336
740849909603328
250869810659328
878044337307648
286708355039232
1756088674615296
1003479242637312
501739621318656
327666691473408
2006958485274624
1146833420156928
573416710078464
374476218826752
2293666840313856
1310666765893632
655333382946816
427972821516288
2621333531787264
1497904875307008
748952437653504
3423782572130304
2995809750614016
1711891286065152
855945643032576
291776343642
437664515463
288742061375488
216556546031616
324834819047424
243626114285568
365439171428352
411119067856896
462508951339008
585362891538432
520322570256384
1010597214814208
131072
262144
524288
1048576
196608
393216
786432
458752
917504
757947911110656
144371030687744
108278273015808
162417409523712
121813057142784
182719585714176
505298607407104
378973955555328
41682334806
62523502209
125047004418
187570506627
80387359983
53591573322
274079378571264
205559533928448
308339300892672
231254475669504
346881713504256
260161285128192
390241927692288
292681445769216
439022168653824
329266626490368
555637432202496
493899939735552
370424954801664
123145302310912
107752139522048
138538465099776
347250213298688
148821519985152
446464559955456
191341954266624
37205379996288
74410759992576
1572864
1835008
2097152
3670016
7340032
13894111602
129140163
86093442
301327047
200884698
703096443
468730962
1640558367
1093705578
3827969523
2551979682
20841167403
17863857774
8931928887
5954619258
387420489
258280326
903981141
602654094
2109289329
1406192886
4921675101
3281116734
26795786661
22967817138
11483908569
7655939046
1162261467
774840978
2711943423
1807962282
6327867987
4218578658
34451725707
14765025303
9843350202
3486784401
2324522934
294912
589824
1179648
2359296
442368
663552
995328
884736
1327104
1990656
13505076477144
17363669756328
22324718258136
28703209189032
36904126100184
61004779879896
47448162128808
95670977133312
123005542028544
158149982608128
203335691924736
261431603903232
432162447268608
336126347875584
1605632
5619712
19668992
68841472
240945152
2951578112
843308032
3211264
6422528
11239424
22478848
39337984
78675968
137682944
275365888
481890304
963780608
3373232128
1686616064
2529924096
2168506368
49607173328384
63780651422208
82003694685696
99214346656768
42520434281472
198428693313536
1769472
2654208
3981312
3538944
12845056
25690112
44957696
89915392
157351936
314703872
550731776
1101463552
1927561216
2891341824
3855122432
3717439488
688128
1032192
1548288
2322432
1376256
2064384
2408448
3612672
5419008
4816896
7225344
8429568
12644352
18966528
16859136
25288704
29503488
44255232
66382848
59006976
88510464
103262208
232339968
154893312
206524416
309786624
1264962048
1084253184
722835456
542126592
361417728
2752512
4128768
5505024
8257536
9633792
14450688
19267584
28901376
33718272
50577408
67436544
101154816
118013952
177020928
236027904
354041856
1445670912
1239146496
826097664
619573248
413048832
3096576
4644864
6193152
9289728
10838016
21676032
37933056
75866112
132765696
265531392
929359872
464679936
12386304
43352064
151732224
1858719744
531062784
3145728
4718592
7077888
11010048
16515072
24772608
38535168
57802752
86704128
134873088
202309632
303464448
472055808
1062125568
708083712
2478292992
1652195328
4194304
14680064
51380224
179830784
629407744
2202927104
6291456
9437184
14155776
22020096
33030144
49545216
77070336
115605504
173408256
269746176
404619264
606928896
944111616
2124251136
1416167424
9913171968
4956585984
3304390656
4248502272
8388608
12582912
18874368
28311552
16777216
25165824
29360128
44040192
66060288
99090432
58720256
88080384
102760448
154140672
231211008
346816512
205520896
308281344
359661568
539492352
1213857792
809238528
719323136
1078984704
1258815488
2832334848
1888223232
2517630976
3776446464
6608781312
4405854208
33554432
50331648
67108864
100663296
134217728
201326592
268435456
402653184
37748736
56623104
75497472
113246208
297643039970304
127561302844416
85040868562944
5308416
7962624
10616832
15925248
18579456
37158912
21233664
31850496
42467328
63700992
74317824
84934656
127401984
536870912
805306368
1073741824
1610612736
2147483648
3221225472
4294967296
6442450944
423342805487616
282228536991744
376304715988992
564457073983488
1975599758942208
1317066505961472
987799879471104
658533252980736
322546899419136
430062532558848
645093798838272
2634133011922944
2257828295933952
1505218863955968
1128914147966976
752609431977984
368625027907584
491500037210112
737250055815168
3010437727911936
2580375195353088
1720250130235392
1290187597676544
860125065117696
421285746180096
561714328240128
842571492360192
3440500260470784
2949000223260672
1966000148840448
1474500111630336
983000074420224
320979616137216
481469424205824
641959232274432
962938848411648
3932000297680896
3370285969440768
2246857312960512
1685142984720384
1123428656480256
5135673858195456
4493714625921024
3851755393646592
2567836929097728
1925877696823296
1283918464548864
544297892769792
362865261846528
483820349128704
725730523693056
2963399638413312
2540056832925696
1693371221950464
1270028416462848
846685610975232
414703156396032
552937541861376
829406312792064
3386742443900928
2902922094772224
1935281396514816
1451461047386112
967640698257408
473946464452608
631928619270144
947892928905216
3870562793029632
3317625251168256
2211750167445504
1658812625584128
1105875083722752
361102068154368
541653102231552
722204136308736
1083306204463104
4423500334891008
3791571715620864
2527714477080576
1895785857810432
1263857238540288
5777633090469888
5055428954161152
4333224817852416
2888816545234944
2166612408926208
1444408272617472
699811576418304
466541050945536
622054734594048
933082101891072
3810085249388544
3265787356618752
2177191571079168
1632893678309376
1088595785539584
533189772509184
710919696678912
1066379545018368
4354383142158336
3732328407564288
2488218938376192
1866164203782144
1244109469188096
406239826673664
609359740010496
812479653347328
1218719480020992
4976437876752384
4265518180073472
2843678786715648
2132759090036736
1421839393357824
6499837226778624
5687357573431296
4874877920083968
3249918613389312
2437438960041984
1624959306694656
899757741109248
599838494072832
799784658763776
1199676988145664
4898681034928128
4198869458509824
2799246305673216
2099434729254912
1399623152836608
457019805007872
685529707511808
914039610015744
1371059415023616
5598492611346432
4798707952582656
3199138635055104
2399353976291328
1599569317527552
7312316880125952
6398277270110208
5484237660094464
3656158440062976
2742118830047232
1828079220031488
514147280633856
1156831381426176
771220920950784
1028294561267712
1542441841901568
6298304187764736
5398546446655488
3599030964436992
2699273223327744
1799515482218496
8226356490141696
7198061928873984
6169767367606272
4113178245070848
3084883683803136
2056589122535424
10411482432835584
9254651051409408
8097819669983232
6940988288557056
4627325525704704
3470494144278528
2313662762852352
10330523392
36156831872
126548911552
442921190432
1550224166512
18990246039772
5425784582792
24416030622564
31392039371868
40361193478116
51892963043292
85782245030748
66719523912804
117440512
176160768
234881024
352321536
411041792
616562688
822083584
1233125376
1438646272
2157969408
2877292544
4315938816
5035261952
7552892928
469762048
704643072
939524096
1409286144
1644167168
2466250752
3288334336
4932501504
5754585088
8631877632
1879048192
2818572288
3758096384
5637144576
6576668672
13153337344
7516192768
11274289152
15032385536
22548578304
26306674688
52613349376
132120576
198180864
264241152
396361728
462422016
693633024
924844032
1387266048
1618477056
2427715584
3236954112
4855431168
5664669696
8497004544
11329339392
16994009088
148635648
297271296
4337012736
150994944
226492416
301989888
452984832
528482304
792723456
1056964608
1585446912
1849688064
2774532096
3699376128
5549064192
6473908224
9710862336
12947816448
19421724672
603979776
905969664
1207959552
1811939328
2113929216
3170893824
4227858432
6341787648
7398752256
2415919104
3623878656
4831838208
7247757312
8455716864
16911433728
169869312
254803968
339738624
509607936
594542592
1189085184
679477248
1019215872
1358954496
2038431744
2378170368
4756340736
2717908992
4076863488
5435817984
8153726976
9172942848
34828517376
1492992
2239488
3359232
2985984
4478976
5971968
8957952
11943936
17915904
23887872
35831808
47775744
71663616
95551488
143327232
191102976
286654464
382205952
573308928
764411904
1146617856
6115295232
4586471424
3057647616
2293235712
1528823808
6718464
13436928
26873856
53747712
107495424
214990848
429981696
859963392
6879707136
3439853568
1719926784
3483648
5225472
7838208
6967296
10450944
13934592
20901888
27869184
41803776
55738368
83607552
111476736
167215104
222953472
334430208
445906944
668860416
891813888
1337720832
1783627776
2675441664
7134511104
5350883328
3567255552
15676416
31352832
62705664
125411328
250822656
501645312
1003290624
2006581248
8026324992
4013162496
8128512
12192768
18289152
16257024
24385536
28449792
42674688
56899584
85349376
99574272
199148544
32514048
48771072
65028096
97542144
113799168
170698752
227598336
341397504
398297088
796594176
130056192
195084288
260112384
390168576
455196672
682795008
910393344
1365590016
1593188352
520224768
780337152
1040449536
1560674304
1820786688
2731180032
3641573376
5462360064
2080899072
3121348608
4161798144
6242697216
21849440256
14566293504
10924720128
7283146752
36578304
73156608
146313216
292626432
585252864
1170505728
2341011456
4682022912
137039689285632
154169650446336
173440856752128
195120963846144
219511084326912
277818716101248
246949969867776
2042434405494
3186376704
6372753408
12745506816
25491013632
396857386627072
340163474251776
226775649501184
170081737125888
453551299002368
388758256287744
259172170858496
194379128143872
518344341716992
444295150043136
296196766695424
222147575021568
592393533390848
507765885763584
338510590509056
253882942881792
677021181018112
580303869444096
386869246296064
290151934722048
884272562962432
773738492592128
663204422221824
442136281481216
331602211110912
8323596288
29132587008
9364045824
9512681472
10701766656
56693912375296
113387824750592
97189564071936
64793042714624
48594782035968
129586085429248
111073787510784
74049191673856
55536893755392
148098383347712
126941471440896
84627647627264
63470735720448
169255295254528
145075967361024
96717311574016
72537983680512
193434623148032
165801105555456
110534070370304
82900552777728
252649303703552
221068140740608
189486977777664
126324651851776
94743488888832
255122605688832
72892173053952
8589934592
30064771072
105226698752
9663676416
33822867456
10871635968
211671402743808
238130328086784
272148946384896
267896619097632
349905788209152
306167564683008
442849513202208
393644011735296
344438510268384
12230590464
13759414272
5038848
7558272
11337408
17006112
25509168
57395628
38263752
10077696
15116544
20155392
30233088
40310784
60466176
80621568
120932352
161243136
241864704
322486272
483729408
644972544
967458816
1289945088
1934917632
2579890176
3869835264
15479341056
10319560704
7739670528
5159780352
22674816
34012224
51018336
76527504
172186884
114791256
45349632
68024448
90699264
136048896
181398528
272097792
362797056
544195584
725594112
1088391168
1451188224
2176782336
2902376448
4353564672
23219011584
17414258688
11609505792
8707129344
5804752896
102036672
153055008
229582512
516560652
344373768
204073344
306110016
459165024
688747536
1549681956
1033121304
11757312
17635968
26453952
39680928
59521392
133923132
89282088
23514624
35271936
47029248
70543872
94058496
141087744
188116992
282175488
376233984
564350976
752467968
1128701952
1504935936
2257403904
3009871872
4514807808
6019743744
9029615616
12039487488
52907904
79361856
119042784
178564176
401769396
267846264
105815808
158723712
211631616
423263232
846526464
1693052928
3386105856
6772211712
13544423424
238085568
357128352
535692528
1205308188
803538792
9865003008
19730006016
39460012032
78920024064
12683575296
25367150592
27433728
41150592
61725888
92588832
138883248
312487308
208324872
54867456
82301184
109734912
164602368
219469824
329204736
438939648
658409472
877879296
1316818944
1755758592
2633637888
3511517184
5267275776
7023034368
10534551552
123451776
185177664
277766496
416649744
937461924
624974616
246903552
370355328
493807104
740710656
987614208
1481421312
1975228416
2962842624
3950456832
5925685248
7900913664
11851370496
15801827328
23702740992
555532992
833299488
1249949232
2812385772
1874923848
94283122081792
121221156962304
106068512342016
155855773237248
64012032
96018048
144027072
216040608
324060912
729137052
486091368
128024064
192036096
256048128
384072192
512096256
768144384
1024192512
1536288768
2048385024
3072577536
4096770048
6145155072
8193540096
12290310144
16387080192
24580620288
32774160384
288054144
432081216
648121824
972182736
2187411156
1458274104
576108288
864162432
1152216576
1728324864
2304433152
3456649728
4608866304
6913299456
9217732608
13826598912
18435465216
27653197824
36870930432
55306395648
1296243648
1944365472
2916548208
6562233468
4374822312
2592487296
5184974592
10369949184
20739898368
41479796736
82959593472
149361408
224042112
336063168
504094752
756142128
1701319788
1134213192
298722816
448084224
597445632
896168448
1194891264
1792336896
2389782528
3584673792
4779565056
7169347584
9559130112
14338695168
19118260224
28677390336
38236520448
57354780672
672126336
1008189504
1512284256
2268426384
5103959364
3402639576
1344252672
2016379008
2688505344
4032758016
5377010688
8065516032
3024568512
4536852768
6805279152
15311878092
10207918728
6049137024
9073705536
12098274048
18147411072
317447424
634894848
1111065984
2222131968
3888730944
7777461888
13610558304
27221116608
1269789696
2539579392
4444263936
8888527872
15554923776
31109847552
5079158784
10158317568
17777055744
35554111488
62219695104
124439390208
20316635136
408146688
348509952
522764928
784147392
1176221088
1764331632
3969746172
2646497448
697019904
1045529856
1394039808
2091059712
2788079616
4182119424
5576159232
1568294784
2352442176
3528663264
5292994896
11909238516
7939492344
3136589568
4704884352
6273179136
9409768704
7057326528
10585989792
15878984688
35727715548
23818477032
14114653056
21171979584
31757969376
47636954064
813189888
1219784832
1829677248
2744515872
4116773808
9262741068
6175160712
1626379776
2439569664
3252759552
4879139328
3659354496
5489031744
8233547616
12350321424
27788223204
18525482136
7318708992
10978063488
16467095232
24700642848
37050964272
83364669612
55576446408
166729339224
1897443072
2846164608
4269246912
6403870368
9605805552
21613062492
14408708328
3794886144
5692329216
8538493824
12807740736
19211611104
28817416656
64839187476
43226124984
194517562428
129678374952
583552687284
389035124856
1167105374568
15755922556668
10503948371112
83305340633088
510245211377664
291568692215808
145784346107904
95206103580672
583137384431616
333221362532352
166610681266176
108806975520768
666442725064704
380824414322688
190412207161344
124350829166592
761648828645376
435227902083072
217613951041536
142115233333248
870455804166144
497403316666368
248701658333184
1136921866665984
994806633332736
568460933332992
284230466666496
30502389939948
4427367168
6641050752
9961576128
14942364192
22413546288
50430479148
33620319432
15495785088
23243677632
34865516448
52298274672
117671118012
78447412008
54235247808
81352871712
122029307568
274565942028
183043961352
189823367328
284735050992
640653864732
427102576488
664381785648
1494859017708
996572678472
8138676874188
3488004374652
2325336249768
151291437444
353013354036
823697826084
1921961594196
10464013123956
4484577053124
453874312332
1059040062108
2471093478252
13453731159372
5765884782588
1361622936996
3177120186324
17297654347764
7413280434756
4084868810988
22239841304268
9531360558972
36763819298892
28594081676916
12254606432964
5059848192
476171136
714256704
1071385056
1607077584
2410616376
3615924564
8135830269
5423886846
5782683648
6505519104
816293376
1632586752
3265173504
6530347008
13060694016
26121388032
52242776064
7434878976
14869757952
612220032
918330048
1377495072
2066242608
3099363912
4649045868
10460353203
6973568802
8364238848
10754021376
16131032064
24196548096
36294822144
54442233216
21508042752
32262064128
43016085504
64524128256
86032171008
129048256512
48393096192
72589644288
108884466432
96786192384
145179288576
193572384768
290358577152
217768932864
435537865728
11098128384
12485394432
43698880512
14046068736
21069103104
31603654656
47405481984
71108222976
49161240576
73741860864
110612791296
165919186944
248878780416
172064342016
258096513024
387144769536
871075731456
580717154304
14269022208
16052649984
18059231232
27088846848
40633270272
382683908533248
218676519161856
109338259580928
437353038323712
249916021899264
124958010949632
499832043798528
285618310742016
142809155371008
571236621484032
326420926562304
163210463281152
652841853124608
373052487499776
186526243749888
852691399999488
746104974999552
426345699999744
213172849999872
12884901888
45097156608
157840048128
14495514624
50734301184
16307453952
18345885696
20639121408
30958682112
46438023168
69657034752
104485552128
5903156224
20661046784
72313663744
253097823104
885842380864
10851569165584
3100448333024
6746464256
7589772288
11384658432
17076987648
25615481472
38423222208
86452249968
57634833312
952342272
7710244864
8674025472
9758278656
14637417984
21956126976
32934190464
49401285696
111152892816
74101928544
259356749904
8811708416
13217562624
19826343936
29739515904
1224440064
2448880128
4897760256
9795520512
19591041024
39182082048
78364164096
156728328192
11152318464
22304636928
44609273856
12546358272
18819537408
28229306112
42343959168
63515938752
95273908128
333458678448
778070249712
2334210749136
7002632247408
9003384318096
21007896742224
10070523904
15105785856
22658678784
33988018176
50982027264
114709561344
76473040896
11509170176
17263755264
25895632896
38843449344
23018340352
34527510528
46036680704
69055021056
92073361408
138110042112
184146722816
276220084224
368293445632
552440168448
14797504512
29595009024
51791265792
103582531584
59190018048
118380036096
207165063168
414330126336
16647192576
58265174016
18728091648
65548320768
19025362944
38050725888
21403533312
24078974976
105433321738752
93718508212224
140577762318336
574025862799872
492022168114176
328014778742784
246011084057088
164007389371392
107106866528256
160660299792384
656029557485568
562311049273344
374874032848896
281155524636672
187437016424448
122407847460864
183611771191296
749748065697792
642641199169536
428427466113024
321320599584768
214213733056512
139894682812416
209842024218624
856854932226048
734447084765184
489631389843456
367223542382592
244815694921728
159879637499904
239819456249856
979262779686912
839368096874496
559578731249664
419684048437248
279789365624832
1279037099999232
1119157462499328
959277824999424
639518549999616
479638912499712
319759274999808
135557127949824
120495224844288
180742837266432
738033252171264
632599930432512
421733286955008
316299965216256
210866643477504
137708828393472
206563242590208
843466573910016
722971349065728
481980899377152
361485674532864
240990449688576
157381518163968
236072277245952
963961798754304
826252970360832
550835313573888
413126485180416
275417656786944
179864592187392
269796888281088
1101670627147776
944289108983808
629526072655872
472144554491904
314763036327936
1438916737499136
1259052145311744
1079187553124352
719458368749568
539593776562176
359729184374784
174287735935488
154922431942656
232383647913984
948899895648768
813342767698944
542228511799296
406671383849472
271114255899648
177054207934464
265581311901696
1084457023598592
929534591655936
619689727770624
464767295827968
309844863885312
202347666210816
303521499316224
1239379455541248
1062325247606784
708216831737856
531162623803392
354108415868928
1618781329686528
1416433663475712
1214085997264896
809390664843264
607042998632448
404695332421632
224084231917056
199185983926272
298778975889408
1220014151548416
1045726415612928
697150943741952
522863207806464
348575471870976
227641124487168
341461686730752
1394301887483904
1195115903557632
796743935705088
597557951778816
398371967852544
1821128995897344
1593487871410176
1365846746923008
910564497948672
682923373461504
455282248974336
288108298179072
256096265048064
384144397572096
1568589623419392
1344505391502336
896336927668224
672252695751168
448168463834112
2048770120384512
1792673855336448
1536577590288384
1024385060192256
768288795144192
512192530096128
2592974683611648
2304866385432576
2016758087253504
1728649789074432
1152433192716288
864324894537216
576216596358144
11575779837552
63023690226672
27010152954288
17179869184
34359738368
60129542144
120259084288
210453397504
420906795008
736586891264
1473173782528
68719476736
137438953472
240518168576
481036337152
841813590016
1683627180032
2946347565056
5892695130112
274877906944
549755813888
962072674304
1924145348608
3367254360064
6734508720128
23570780520448
11785390260224
1099511627776
2199023255552
3848290697216
7696581394432
47141561040896
26938034880512
13469017440256
4398046511104
8796093022208
53876069761024
30786325577728
15393162788864
70368744177664
61572651155456
35184372088832
17592186044416
19327352832
67645734912
236760072192
828660252672
21743271936
76101451776
24461180928
27518828544
14883145505424
81030458862864
34727339512656
19135472792688
104182018537968
89298873032544
44649436516272
29766291010848
24602750733456
133948309548816
114812836756128
57406418378064
38270945585376
31632108085872
172219255134192
147616504400736
73808252200368
49205501466912
40669853253264
27113235502176
221424756601104
189792648515232
94896324257616
63264216171744
366028679279376
284688972772848
244019119519584
122009559759792
81339706506528
8854734336
13282101504
19923152256
29884728384
44827092576
100860958296
67240638864
30991570176
46487355264
69731032896
104596549344
235342236024
156894824016
108470495616
162705743424
244058615136
549131884056
366087922704
379646734656
569470101984
1281307729464
854205152976
1328763571296
2989718035416
1993145356944
16277353748376
13952017498608
6976008749304
4650672499536
302582874888
201721916592
706026708072
470684472048
1647395652168
1098263768112
3843923188392
2562615458928
20928026247912
17938308212496
8969154106248
5979436070832
907748624664
605165749776
2118080124216
1412053416144
4942186956504
3294791304336
26907462318744
23063539130352
11531769565176
7687846376784
2723245873992
1815497249328
6354240372648
4236160248432
34595308695528
29653121739024
14826560869512
9884373913008
8169737621976
5446491747984
44479682608536
38125442235888
19062721117944
12708480745296
73527638597784
57188163353832
49018425731856
24509212865928
16339475243952
10119696384
13011038208
11565367296
16728477696
33456955392
66913910784
22196256768
44392513536
77686898688
155373797376
88785027072
177570054144
310747594752
621495189504
24970788864
87397761024
28092137472
42138206208
63207309312
94810963968
142216445952
98322481152
147483721728
221225582592
331838373888
497757560832
344128684032
516193026048
774289539072
1742151462912
1161434308608
28538044416
57076088832
32105299968
36118462464
54177693696
81266540544
3484302925824
10452908777472
11759522374656
15679363166208
23519044749312
13439454142464
94076178997248
47038089498624
31358726332416
25769803776
38654705664
51539607552
77309411328
90194313216
135291469824
180388626432
270582939648
315680096256
473520144384
631360192512
947040288768
1104880336896
1657320505344
2209760673792
3314641010688
103079215104
154618822656
206158430208
309237645312
360777252864
541165879296
721554505728
1082331758592
1262720385024
1894080577536
2525440770048
3788161155072
4419521347584
6629282021376
8839042695168
13258564042752
412316860416
618475290624
824633720832
1236950581248
1443109011456
2164663517184
2886218022912
4329327034368
5050881540096
7576322310144
10101763080192
15152644620288
53034256171008
35356170780672
26517128085504
17678085390336
1649267441664
2473901162496
3298534883328
4947802324992
5772436045824
8658654068736
11544872091648
17317308137472
70712341561344
60610578481152
40407052320768
30305289240576
20203526160384
6597069766656
9895604649984
13194139533312
19791209299968
80814104641536
69269232549888
46179488366592
34634616274944
23089744183296
105553116266496
92358976733184
79164837199872
52776558133248
39582418599936
26388279066624
28991029248
43486543872
57982058496
86973087744
101468602368
152202903552
202937204736
304405807104
355140108288
710280216576
1242990379008
2485980758016
115964116992
173946175488
231928233984
347892350976
405874409472
608811614208
811748818944
1217623228416
1420560433152
2841120866304
4971961516032
9943923032064
463856467968
695784701952
927712935936
1391569403904
1623497637888
2435246456832
3246995275776
4870492913664
5682241732608
11364483465216
39775692128256
19887846064128
1855425871872
2783138807808
3710851743744
5566277615616
6493990551552
9740985827328
12987981103104
19481971654656
79551384256512
45457933860864
22728966930432
7421703487488
11132555231232
14843406974976
22265110462464
90915867721728
77927886618624
51951924412416
38963943309312
25975962206208
118747255799808
103903848824832
89060441849856
59373627899904
44530220924928
29686813949952
32614907904
48922361856
65229815808
97844723712
114152177664
228304355328
130459631616
195689447424
260919263232
391378894848
456608710656
913217421312
521838526464
782757789696
1043677052928
1565515579392
1826434842624
3652869685248
2087354105856
3131031158784
4174708211712
6262062317568
7305739370496
14611478740992
8349416423424
12524124635136
16698832846848
25048249270272
58445914963968
29222957481984
133590662774784
116891829927936
100192997081088
66795331387392
50096498540544
33397665693696
36691771392
55037657088
73383542784
110075314176
146767085568
220150628352
293534171136
440301256704
587068342272
880602513408
1174136684544
1761205026816
2348273369088
3522410053632
4696546738176
7044820107264
9393093476352
14089640214528
18786186952704
28179280429056
150289495621632
112717121716224
75144747810816
56358560858112
37572373905408
41278242816
61917364224
92876046336
139314069504
208971104256
313456656384
82556485632
123834728448
165112971264
247669456896
330225942528
495338913792
660451885056
990677827584
1320903770112
1981355655168
2641807540224
3962711310336
5283615080448
7925422620672
10567230160896
15850845241344
21134460321792
31701690482688
169075682574336
126806761930752
84537841287168
63403380965376
42268920643584
185752092672
278628139008
417942208512
626913312768
371504185344
557256278016
743008370688
1114512556032
1486016741376
2229025112064
2972033482752
4458050224128
5944066965504
8916100448256
11888133931008
17832200896512
23776267862016
35664401793024
190210142896128
142657607172096
95105071448064
71328803586048
47552535724032
835884417024
1253826625536
1671768834048
2507653251072
3343537668096
5015306502144
6687075336192
10030613004288
13374150672384
20061226008576
26748301344768
40122452017152
213986410758144
160489808068608
106993205379072
80244904034304
53496602689536
19844194007232
13229462671488
17639283561984
26458925342976
15119385910272
20159181213696
30238771820544
105835701371904
70557134247936
52917850685952
35278567123968
17279298183168
141114268495872
120955087282176
60477543641088
40318362427392
15045919506432
22568879259648
30091839012864
45137758519296
240734712102912
180551034077184
120367356051456
90275517038592
60183678025728
25513963723584
17009309149056
22679078865408
34018618298112
119065164043392
79376776028928
59532582021696
39688388014464
19439210456064
25918947274752
38878420912128
158753552057856
136074473192448
90716315461632
68037236596224
45358157730816
22216240521216
181432630923264
155513683648512
77756841824256
51837894549504
16926659444736
25389989167104
33853318889472
50779978334208
270826551115776
203119913336832
135413275557888
101559956668416
67706637778944
32803667644608
21869111763072
29158815684096
43738223526144
178597746065088
153083782341504
102055854894336
76541891170752
51027927447168
24993270586368
33324360781824
49986541172736
204111709788672
174952894104576
116635262736384
87476447052288
58317631368192
19042491875328
28563737812992
38084983750656
57127475625984
233270525472768
199946164690944
99973082345472
66648721563648
304679870005248
228509902503936
152339935002624
114254951251968
76169967501312
42176144114496
28117429409664
37489905879552
56234858819328
229625673512256
196822005867648
131214670578432
98411002933824
65607335289216
21422803359744
32134205039616
42845606719488
64268410079232
262429341156864
224939435277312
149959623518208
112469717638656
74979811759104
342764853755904
299919247036416
257073640316928
171382426877952
128536820158464
85691213438976
24100653779712
54226471004352
36150980669568
48201307559424
72301961339136
295233008801472
253056864686976
168704576457984
126528432343488
84352288228992
385610460475392
337409152915968
289207845356544
192805230237696
144603922678272
96402615118848
488038239039168
433811768034816
379585297030464
325358826026112
216905884017408
162679413013056
108452942008704
11806312448
17709468672
26564203008
39846304512
59769456768
134481277728
89654185152
23612624896
35418937344
41322093568
61983140352
92974710528
139462065792
313789648032
209193098688
82644187136
123966280704
144627327488
216940991232
325411486848
732175845408
488117230272
289254654976
433881982464
506195646208
759293469312
1708410305952
1138940203968
1012391292416
1518586938624
1771684761728
3986290713888
2657527142592
3543369523456
5315054285184
21703138331168
18602689998144
12401793332096
9301344999072
6200896666048
1666598976
2499898464
3749847696
5624771544
8437157316
18983603961
12655735974
3333197952
5833096416
8749644624
13124466936
19686700404
44295075909
29530050606
11666192832
20415837456
30623756184
45935634276
103355177121
68903451414
40831674912
71455431096
107183146644
241162079949
160774719966
142910862192
250094008836
562711519881
375141013254
500188017672
3063651608241
1750658061852
1312993546389
875329030926
13492928512
20239392768
26985857024
40478785536
47225249792
70837874688
94450499584
141675749376
165288374272
247932561408
330576748544
495865122816
578509309952
867763964928
1157018619904
1735527929856
2024782584832
3037173877248
4049565169664
6074347754496
24803586664192
21260217140736
14173478093824
10630108570368
7086739046912
15179544576
22769316864
34153975296
51230962944
76846444416
172904499936
115269666624
30359089152
45538633728
53128406016
79692609024
119538913536
179308370304
403443833184
268962555456
106256812032
159385218048
185949421056
278924131584
418386197376
941368944096
627579296064
371898842112
557848263168
650822973696
976234460544
2196527536224
1464351690816
1301645947392
1952468921088
2277880407936
5125230917856
3416820611904
4555760815872
6833641223808
27904034997216
23917744283328
15945162855552
11958872141664
7972581427776
1904684544
3809369088
6666395904
13332791808
23332385664
46664771328
81663349824
163326699648
3501316123704
1000376035344
7618738176
15237476352
26665583616
53331167232
93329542656
186659085312
326653399296
653306798592
30474952704
60949905408
106662334464
213324668928
373318170624
746636341248
2613227194368
1306613597184
121899810816
5226454388736
1493272682496
15420489728
23130734592
30840979456
46261469184
53971714048
80957571072
107943428096
161915142144
188900999168
283351498752
377801998336
566702997504
661153497088
991730245632
1322306994176
1983460491264
2314037239808
3471055859712
4628074479616
6942111719424
28346956187648
24297391017984
16198260678656
12148695508992
8099130339328
17348050944
34696101888
60718178304
121436356608
212513624064
425027248128
743797684224
1487595368448
2603291894784
5206583789568
31890325711104
18223043263488
9111521631744
69392203776
242872713216
850054496256
2975190736896
36446086526976
20826335158272
10413167579136
1428513408
4999796928
17499289248
61247512368
214366293288
2625987092778
750282026508
2142770112
3214155168
4821232752
7231849128
10847773692
24407490807
16271660538
7499695392
11249543088
16874314632
25311471948
56950811883
37967207922
26248933872
39373400808
59060101212
132885227727
88590151818
91871268552
137806902828
310065531363
206710354242
321549439932
723486239847
482324159898
3938980639167
1688134559643
1125423039762
19516557312
29274835968
43912253952
65868380928
98802571392
222305785632
148203857088
68307950592
102461925888
153692888832
230539333248
518713499808
345808999872
239077827072
358616740608
537925110912
1210331499552
806887666368
836772394752
1255158592128
2824106832288
1882737888192
2928703381632
6589582608672
4393055072448
35876616424992
30751385507136
15375692753568
10250461835712
17623416832
26435125248
39652687872
59479031808
89218547712
133827821568
35246833664
52870250496
61681958912
92522938368
138784407552
123363917824
185045876736
215886856192
323830284288
485745426432
431773712384
647660568576
755603996672
1133405995008
1700108992512
1511207993344
2266811990016
2644613988352
5950381473792
3966920982528
5289227976704
7933841965056
32396521357312
27768446877696
18512297918464
13884223438848
9256148959232
79305375744
118958063616
178437095424
267655643136
277568815104
971490852864
3400217985024
41652670316544
23801525895168
11900762947584
1836660096
3673320192
3376269119286
7346640384
14693280768
29386561536
58773123072
117546246144
235092492288
470184984576
940369969152
7522959753216
3761479876608
1880739938304
2754990144
4132485216
6198727824
9298091736
13947137604
31381059609
20920706406
5509980288
8264970432
73222472421
48814981614
170852435649
113901623766
398655683181
265770455454
930196594089
620131062726
5064403678929
4340917439082
2170458719541
1446972479694
11019960576
16529940864
22039921152
33059881728
44079842304
66119763456
88159684608
132239526912
176319369216
264479053824
352638738432
528958107648
705277476864
1057916215296
1410554953728
2115832430592
11284439629824
8463329722368
5642219814912
4231664861184
2821109907456
12397455648
18596183472
27894275208
41841412812
94143178827
62762119218
24794911296
37192366944
219667417263
146444944842
512557306947
341704871298
1195967049543
797311366362
6511376158623
5581179564534
2790589782267
1860393188178
49589822592
74384733888
99179645184
148769467776
198359290368
297538935552
396718580736
595077871104
793437161472
1190155742208
1586874322944
2380311484416
12694994583552
9521245937664
6347497291776
4760622968832
3173748645888
55788550416
83682825624
125524238436
282429536481
188286357654
111577100832
167365651248
659002251789
439334834526
1537671920841
1025114613894
8371769346801
7175802297258
3587901148629
2391934099086
223154201664
334731302496
446308403328
669462604992
892616806656
1338925209984
1785233613312
2677850419968
14281868906496
10711401679872
7140934453248
5355700839936
3570467226624
251048476872
376572715308
847288609443
564859072962
502096953744
753145430616
1977006755367
1318004503578
10763703445887
9226031525046
4613015762523
3075343841682
1004193907488
1506290861232
2008387814976
3012581722464
16067102519808
12050326889856
8033551259904
6025163444928
4016775629952
1129718145924
2541865828329
1694577218886
2259436291848
3389154437772
13839047287569
11862040532202
5931020266101
3954013510734
18075490334784
13556617751088
9037745167392
6778308875544
4518872583696
22876792454961
20334926626632
17793060798303
15251194969974
10167463313316
7625597484987
5083731656658
25092716544
37639074816
56458612224
84687918336
127031877504
285821724384
190547816256
50185433088
75278149632
666917356896
444611571264
1556140499424
1037426999616
3630994498656
2420662999104
8472320496864
5648213664576
46127078260704
39537495652032
19768747826016
13179165217344
100370866176
150556299264
200741732352
301112598528
401483464704
602225197056
802966929408
1204450394112
112917224448
169375836672
254063755008
381095632512
571643448768
225834448896
338751673344
2000752070688
1333834713792
4668421498272
3112280998848
10892983495968
7261988997312
59306243478048
50833922981184
25416961490592
16944640993728
451668897792
677503346688
903337795584
1355006693376
1806675591168
2710013386752
508127510016
762191265024
1143286897536
1016255020032
1524382530048
4001504141376
14005264494816
9336842996544
76250884471776
65357900975808
32678950487904
21785966991936
2032510040064
3048765060096
4065020080128
6097530120192
8130040160256
12195060240384
24390120480768
2286573795072
4573147590144
18006768636192
12004512424128
98036851463712
84031586968896
42015793484448
28010528989632
9146295180288
13719442770432
18292590360576
27438885540864
109755542163456
73170361442304
54877771081728
36585180721152
10289582077824
23151559675104
15434373116736
20579164155648
30868746233472
126047380453344
108040611817152
54020305908576
36013537272384
164633313245184
123474984933888
82316656622592
61737492466944
41158328311296
208364037075936
185212477400832
162060917725728
138909358050624
92606238700416
69454679025312
46303119350208
20141047808
30211571712
45317357568
67976036352
101964054528
229419122688
152946081792
40282095616
60423143424
70493667328
105740500992
158610751488
237916127232
535311286272
356874190848
140987334656
211481001984
246727835648
370091753472
555137630208
493455671296
740183506944
863547424768
1295321137152
1942981705728
1727094849536
2590642274304
3022415986688
6800435970048
4533623980032
6044831973376
9067247960064
37024595836928
31735367860224
21156911906816
15867683930112
10578455953408
80564191232
120846286848
161128382464
241692573696
281974669312
422962003968
563949338624
845924007936
986911342592
1480367013888
1973822685184
2960734027776
3454189699072
5181284548608
6908379398144
10362569097216
42313823813632
36268991840256
24179327893504
18134495920128
12089663946752
322256764928
483385147392
644513529856
966770294784
1127898677248
1691848015872
2255797354496
3383696031744
3947645370368
5921468055552
7895290740736
11842936111104
48358655787008
41450276388864
27633517592576
20725138194432
13816758796288
1289027059712
1933540589568
2578054119424
3867081179136
4511594708992
6767392063488
9023189417984
13534784126976
55267035185152
47371744444416
31581162962944
23685872222208
15790581481472
5156108238848
7734162358272
10312216477696
15468324716544
63162325925888
54139136507904
36092757671936
27069568253952
18046378835968
82497731821568
72185515343872
61873298866176
41248865910784
30936649433088
20624432955392
90634715136
135952072704
203928109056
305892163584
181269430272
271904145408
317221502976
475832254464
713748381696
1070622572544
634443005952
951664508928
1110275260416
2220550520832
3885963411456
7771926822912
47603051790336
27201743880192
13600871940096
362538860544
543808290816
725077721088
1087616581632
1268886011904
1903329017856
2537772023808
3806658035712
4441101041664
8882202083328
54403487760384
31087707291648
15543853645824
1450155442176
2175233163264
2900310884352
4350466326528
5075544047616
7613316071424
10151088095232
15226632142848
62175414583296
35528808333312
17764404166656
5800621768704
8700932653056
11601243537408
17401865306112
71057616666624
60906528571392
40604352380928
30453264285696
20302176190464
92809948299264
81208704761856
69607461224448
46404974149632
34803730612224
23202487074816
33294385152
49941577728
66588770304
99883155456
116530348032
174795522048
233060696064
349591044096
407856218112
611784327168
815712436224
1223568654336
1427496763392
2141245145088
2854993526784
4282490290176
133177540608
199766310912
266355081216
399532621824
466121392128
699182088192
932242784256
1398364176384
1631424872448
2447137308672
3262849744896
4894274617344
5709987053568
8564980580352
11419974107136
17129961160704
532710162432
799065243648
1065420324864
1598130487296
1864485568512
2796728352768
3728971137024
5593456705536
6525699489792
9788549234688
13051398979584
19577098469376
68519844642816
45679896428544
34259922321408
22839948214272
2130840649728
3196260974592
4261681299456
6392521949184
7457942274048
11186913411072
14915884548096
22373826822144
91359792857088
78308393877504
52205595918336
39154196938752
26102797959168
8523362598912
12785043898368
17046725197824
25570087796736
104411191836672
89495307288576
59663538192384
44747653644288
29831769096192
136373801582592
119327076384768
102280351186944
68186900791296
51140175593472
34093450395648
37456183296
56184274944
84276412416
126414618624
189621927936
426649337856
284432891904
74912366592
112368549888
131096641536
196644962304
294967443456
442451165184
995515121664
663676747776
262193283072
393289924608
458838245376
688257368064
1032386052096
2322868617216
1548579078144
917676490752
1376514736128
1605933858816
2408900788224
5420026773504
3613351182336
3211867717632
4817801576448
42807066624
64210599936
85614133248
128421199872
149824733184
224737099776
299649466368
449474199552
524386566144
786579849216
1048773132288
1573159698432
1835352981504
2753029472256
3670705963008
5506058944512
6423735435264
9635603152896
12847470870528
19271206305792
171228266496
256842399744
342456532992
513684799488
599298932736
898948399104
1198597865472
1797896798208
2097546264576
3146319396864
4195092529152
6292638793728
7341411926016
11012117889024
14682823852032
22024235778048
77084825223168
51389883482112
38542412611584
25694941741056
684913065984
1027369598976
1369826131968
2054739197952
2397195730944
3595793596416
4794391461888
7191587192832
8390185058304
12585277587456
16780370116608
25170555174912
102779766964224
88096943112192
58731295408128
44048471556096
29365647704064
2739652263936
4109478395904
5479304527872
8218956791808
9588782923776
14383174385664
19177565847552
28766348771328
117462590816256
100682220699648
67121480466432
50341110349824
33560740233216
10958609055744
16437913583616
21917218111488
32875827167232
134242960932864
115065395085312
76710263390208
57532697542656
38355131695104
175337744891904
153420526780416
131503308668928
87668872445952
65751654334464
43834436222976
48157949952
72236924928
108355387392
162533081088
243799621632
96315899904
144473849856
168552824832
252829237248
379243855872
568865783808
853298675712
337105649664
505658474496
589934886912
884902330368
1327353495552
2986545364992
1991030243328
1179869773824
1769804660736
2064772104192
3097158156288
6968605851648
4645737234432
4129544208384
6194316312576
7226702364672
16260080320512
10840053547008
14453404729344
21680107094016
192631799808
288947699712
385263599616
577895399424
674211299328
1011316948992
1348422598656
2022633897984
2359739547648
3539609321472
4719479095296
7079218642944
8259088416768
12388632625152
16518176833536
24777265250304
86720428376064
57813618917376
43360214188032
28906809458688
770527199232
1155790798848
1541054398464
2311581597696
2696845197312
4045267795968
5393690394624
8090535591936
9438958190592
14158437285888
18877916381184
28316874571776
115627237834752
99109061001216
66072707334144
49554530500608
33036353667072
3082108796928
4623163195392
6164217593856
9246326390784
10787380789248
16181071183872
21574761578496
32362142367744
132145414668288
113267498287104
75511665524736
56633749143552
37755832762368
12328435187712
18492652781568
24656870375424
36985305563136
151023331049472
129448569470976
86299046313984
64724284735488
43149523156992
197254963003392
172598092627968
147941222252544
98627481501696
73970611126272
49313740750848
216710774784
325066162176
487599243264
433421549568
650132324352
758487711744
1137731567616
1706597351424
1516975423488
2275463135232
2654706991104
3982060486656
5973090729984
5309413982208
7964120973312
9291474468864
20905817554944
13937211703296
18582948937728
27874423406592
97560481923072
65040321282048
48780240961536
32520160641024
866843099136
1300264648704
1733686198272
2600529297408
3033950846976
4550926270464
6067901693952
9101852540928
10618827964416
15928241946624
21237655928832
31856483893248
130080642564096
111497693626368
74331795750912
55748846813184
37165897875456
3467372396544
5201058594816
6934744793088
10402117189632
12135803387904
18203705081856
24271606775808
36407410163712
148663591501824
127425935572992
84950623715328
63712967786496
42475311857664
13869489586176
20804234379264
27738979172352
41608468758528
169901247430656
145629640654848
97086427103232
72814820327424
48543213551616
221911833378816
194172854206464
166433875034112
110955916689408
83216937517056
55477958344704
975198486528
1950396973056
3413194702848
6826389405696
11946181459968
26878908284928
17919272189952
23892362919936
35838544379904
146340722884608
125434905329664
83623270219776
62717452664832
41811635109888
3900793946112
7801587892224
13652778811392
20479168217088
27305557622784
40958336434176
167246540439552
143354177519616
95569451679744
71677088759808
47784725839872
15603175784448
23404763676672
31206351568896
46809527353344
191138903359488
163833345736704
109222230491136
81916672868352
54611115245568
249650812551168
218444460982272
187238109413376
124825406275584
93619054706688
62412703137792
15359376162816
34558596366336
23039064244224
30718752325632
46078128488448
188152357994496
161273449709568
107515633139712
80636724854784
53757816569856
17553572757504
26330359136256
35107145515008
52660718272512
215031266279424
184312513953792
122875009302528
92156256976896
61437504651264
280857164120064
245750018605056
210642873090048
140428582060032
105321436545024
70214291030016
19747769352192
44432481042432
29621654028288
39495538704384
59243308056576
241910174564352
207351578198016
138234385465344
103675789099008
69117192732672
315964309635072
276468770930688
236973232226304
157982154817536
118486616113152
78991077408768
399892329381888
355459848339456
311027367297024
266594886254592
177729924169728
133297443127296
88864962084864
26022076416
39033114624
58549671936
87824507904
131736761856
296407714176
197605142784
52044152832
78066229248
91077267456
136615901184
204923851776
307385777664
691617999744
461078666496
182154534912
273231802368
318770436096
478155654144
717233481216
1613775332736
1075850221824
637540872192
956311308288
1115696526336
1673544789504
3765475776384
2510317184256
2231393052672
3347089579008
3904937842176
8786110144896
5857406763264
7809875684352
11714813526528
47835488566656
41001847342848
27334564895232
20500923671424
13667282447616
104088305664
156132458496
208176611328
312264916992
364309069824
546463604736
728618139648
1092927209472
1275081744384
1912622616576
2550163488768
3825245233152
4462786105344
6694179158016
8925572210688
13388358316032
54669129790464
46859254106112
31239502737408
23429627053056
15619751368704
416353222656
624529833984
832706445312
1249059667968
1457236279296
2185854418944
2914472558592
4371708837888
5100326977536
7650490466304
10200653955072
15300980932608
62479005474816
53553433264128
35702288842752
26776716632064
17851144421376
1665412890624
2498119335936
3330825781248
4996238671872
5828945117184
8743417675776
11657890234368
17486835351552
71404577685504
61203923730432
40802615820288
30601961865216
20401307910144
6661651562496
9992477343744
13323303124992
19984954687488
81605231640576
69947341406208
46631560937472
34973670703104
23315780468736
106586424999936
93263121874944
79939818749952
53293212499968
39969909374976
26646606249984
117099343872
175649015808
263473523712
395210285568
889223142528
592815428352
234198687744
351298031616
409847703552
614771555328
922157332992
2074853999232
1383235999488
819695407104
1229543110656
1434466962432
2151700443648
4841325998208
3227550665472
2868933924864
4303400887296
5020634368512
11296427329152
7530951552768
10041268737024
15061903105536
61502771014272
52716660869376
35144440579584
26358330434688
17572220289792
468397375488
702596063232
936794750976
1405192126464
1639390814208
2459086221312
3278781628416
4918172442624
5737867849728
8606801774592
11475735699456
17213603549184
70288881159168
60247612422144
40165074948096
30123806211072
20082537474048
1873589501952
2810384252928
3747179003904
5620768505856
6557563256832
9836344885248
13115126513664
19672689770496
80330149896192
68854414196736
45902942797824
34427207098368
22951471398912
7494358007808
11241537011712
14988716015616
22483074023424
91805885595648
78690759081984
52460506054656
39345379540992
26230253027328
119909728124928
104921012109312
89932296093696
59954864062464
44966148046848
29977432031232
526947047424
790420571136
1185630856704
2667669427584
1778446285056
1053894094848
1580841142272
1844314665984
2766471998976
6224561997696
4149707998464
3688629331968
5532943997952
6455101330944
14523977994624
9682651996416
12910202661888
19365303992832
79074991304064
67778563974912
45185709316608
33889281987456
22592854658304
2107788189696
3161682284544
4215576379392
6323364569088
7377258663936
11065887995904
14754517327872
22131775991808
90371418633216
77461215971328
51640810647552
38730607985664
25820405323776
8431152758784
12646729138176
16862305517568
25293458276352
103281621295104
88527103967232
59018069311488
44263551983616
29509034655744
134898444140544
118036138622976
101173833105408
67449222070272
50586916552704
33724611035136
2371261713408
3556892570112
8003008282752
5335338855168
4742523426816
7113785140224
8299415996928
18673685993088
12449123995392
16598831993856
24898247990784
101667845962368
87143867967744
58095911978496
43571933983872
29047955989248
9485046853632
14227570280448
18970093707264
28455140560896
116191823956992
99592991963136
66395327975424
49796495981568
33197663987712
151760749658112
132790655950848
113820562243584
75880374829056
56910281121792
37940187414528
10670677710336
24009024848256
16006016565504
21341355420672
32012033131008
130715801951616
112042115958528
74694743972352
56021057979264
37347371986176
170730843365376
149389487944704
128048132524032
85365421682688
64024066262016
42682710841344
216081223634304
192072198786048
168063173937792
144054149089536
96036099393024
72027074544768
48018049696512
2857026816
4285540224
6428310336
9642465504
14463698256
32543321076
21695547384
5714053632
8571080448
9999593856
14999390784
22499086176
33748629264
75934415844
50622943896
19999187712
29998781568
34998578496
52497867744
78746801616
177180303636
118120202424
69997156992
104995735488
122495024736
183742537104
413420708484
275613805656
244990049472
367485074208
428732586576
964648319796
643098879864
857465173152
1286197759728
5251974185556
4501692159048
3001128106032
2250846079524
1500564053016
11428107264
17142160896
22856214528
34284321792
39998375424
59997563136
79996750848
119995126272
139994313984
209991470976
279988627968
419982941952
489980098944
734970148416
979960197888
1469940296832
6002256212064
5144791038912
3429860692608
2572395519456
1714930346304
45712429056
68568643584
91424858112
137137287168
159993501696
239990252544
319987003392
479980505088
559977255936
839965883904
1119954511872
1679931767808
6859721385216
5879761187328
3919840791552
2939880593664
1959920395776
182849716224
274274574336
365699432448
548549148672
639974006784
959961010176
1279948013568
1919922020352
7839681583104
6719727071232
4479818047488
3359863535616
2239909023744
731398864896
1097098297344
1462797729792
2194196594688
8959636094976
7679688081408
5119792054272
3839844040704
2559896027136
11702381838336
10239584108544
8776786378752
5851190919168
4388393189376
2925595459584
12856620672
19284931008
28927396512
43391094768
97629963228
65086642152
25713241344
38569862016
44998172352
67497258528
101245887792
227803247532
151868831688
89996344704
134994517056
157493603232
236240404848
531540910908
354360607272
314987206464
472480809696
551227611312
1240262125452
826841416968
1102455222624
1653682833936
6752538238572
5787889918776
3858593279184
2893944959388
1929296639592
51426482688
77139724032
102852965376
154279448064
179992689408
269989034112
359985378816
539978068224
629974412928
944961619392
1259948825856
1889923238784
7717186558368
6614731335744
4409820890496
3307365667872
2204910445248
205705930752
308558896128
411411861504
617117792256
719970757632
1079956136448
1439941515264
2159912272896
8819641780992
7559692955136
5039795303424
3779846477568
2519897651712
822823723008
1234235584512
1645647446016
2468471169024
10079590606848
8639649091584
5759766061056
4319824545792
2879883030528
13165179568128
11519532122112
9873884676096
6582589784064
4936942338048
3291294892032
57854793024
86782189536
130173284304
292889889684
195259926456
115709586048
173564379072
202491775584
303737663376
683409742596
455606495064
404983551168
607475326752
708721214544
1594622732724
1063081821816
1417442429088
2126163643632
8681834878164
7441572752712
4961048501808
3720786376356
2480524250904
231419172096
347128758144
462838344192
694257516288
809967102336
1214950653504
1619934204672
2429901307008
9922097003616
8504654574528
5669769716352
4252327287264
2834884858176
925676688384
1388515032576
1851353376768
2777030065152
11339539432704
9719605228032
6479736818688
4859802614016
3239868409344
14810827014144
12959473637376
11108120260608
7405413507072
5554060130304
3702706753536
260346568608
390519852912
878669669052
585779779368
520693137216
781039705824
911212990128
2050229227788
1366819485192
1822425980256
2733638970384
11162359129068
9567736396344
6378490930896
4783868198172
3189245465448
1041386274432
1562079411648
2082772548864
3124158823296
12756981861792
10934555881536
7289703921024
5467277940768
3644851960512
16662180390912
14579407842048
12496635293184
8331090195456
6248317646592
4165545097728
1171559558736
2636009007156
1757339338104
2343119117472
3514678676208
14351604594516
12301375366728
8200916911152
6150687683364
4100458455576
18744952939776
16401833822304
14058714704832
9372476469888
7029357352416
4686238234944
23724081064404
21088072057248
18452063050092
15816054042936
10544036028624
7908027021468
5272018014312
