1853020188851841
1647129056757192
1441237924662543
1235346792567894
823564528378596
617673396283947
411782264189298
549043018919064
1098086037838128
732057358558752
366028679279376
1281100377477816
1464114717117504
488038239039168
976076478078336
650717652052224
325358826026112
1138755891091392
1301435304104448
570630428688384
190210142896128
380420285792256
253613523861504
126806761930752
443823666757632
281474976710656
246290604621824
211106232532992
140737488355328
105553116266496
70368744177664
316659348799488
277076930199552
237494511599616
158329674399744
118747255799808
79164837199872
356241767399424
311711546474496
267181325549568
178120883699712
133590662774784
89060441849856
400771988324352
350675489783808
300578991243264
200385994162176
150289495621632
100192997081088
507227047723008
450868486864896
394509926006784
338151365148672
225434243432448
169075682574336
112717121716224
480412641554181
960825283108362
640550188738908
320275094369454
1120962830293089
427033459159272
854066918318544
569377945545696
284688972772848
996411404704968
379585297030464
759170594060928
506113729373952
253056864686976
885699026404416
1012227458747904
787288023470592
499301625102336
436888921964544
166433875034112
123145302310912
61572651155456
184717953466368
138538465099776
92358976733184
69269232549888
207807697649664
155855773237248
103903848824832
77927886618624
233783659855872
175337744891904
116891829927936
87668872445952
263006617337856
197254963003392
131503308668928
98627481501696
332867750068224
295882444505088
221911833378816
147941222252544
110955916689408
215504279044096
242442313924608
272747603165184
306841053560832
388345708412928
345196185255936
373654276764363
747308553528726
498205702352484
249102851176242
871859979116847
332137134901656
664274269803312
442849513202208
221424756601104
774986648103864
295233008801472
590466017602944
393644011735296
196822005867648
688877020536768
612335129366016
382277806718976
145629640654848
107752139522048
53876069761024
161628209283072
121221156962304
80814104641536
60610578481152
181831735443456
136373801582592
90915867721728
68186900791296
204560702373888
153420526780416
102280351186944
76710263390208
230130790170624
172598092627968
115065395085312
86299046313984
291259281309696
258897138941952
194172854206464
129448569470976
97086427103232
188566244163584
212137024684032
238654152769536
268485921865728
339802494861312
302046662098944
334493080879104
127425935572992
94283122081792
47141561040896
141424683122688
106068512342016
70712341561344
53034256171008
159102768513024
119327076384768
79551384256512
59663538192384
178990614577152
134242960932864
89495307288576
67121480466432
201364441399296
151023331049472
100682220699648
75511665524736
254851871145984
226534996574208
169901247430656
113267498287104
84950623715328
164995463643136
185619896598528
208822383673344
234925181632512
297327183003648
264290829336576
476260656173568
535793238195264
678113317090881
602767392969672
527421468848463
468819083420856
416728074151872
370424954801664
292681445769216
111497693626368
82497731821568
41248865910784
123746597732352
92809948299264
61873298866176
46404974149632
139214922448896
104411191836672
69607461224448
52205595918336
156616787755008
117462590816256
78308393877504
58731295408128
176193886224384
132145414668288
88096943112192
66072707334144
222995387252736
198218122002432
148663591501824
99109061001216
74331795750912
144371030687744
162417409523712
182719585714176
205559533928448
260161285128192
231254475669504
410216697993249
364637064882888
319057431772527
283606606020024
324121835451456
248155780267521
220582915793352
252094760906688
196073702927424
193010051319183
171564490061496
150118928803809
133439047825608
152501768943552
118612486956096
33232930569601
28485369059658
18990246039772
14242684529829
9495123019886
37980492079544
32554707496752
21703138331168
16277353748376
10851569165584
43406276662336
42728053589487
36624045933846
24416030622564
18312022966923
12208015311282
48832061245128
41856052495824
27904034997216
20928026247912
13952017498608
55808069994432
54936068900769
62784078743736
71753232849984
70632088586703
92254156521408
80722386956232
116759166847407
103785926086584
90812685325761
274521509459532
244019119519584
216905884017408
262429341156864
433811768034816
337409152915968
524858682313728
867623536069632
674818305831936
52776558133248
59373627899904
66795331387392
75144747810816
84537841287168
213516729579636
189792648515232
168704576457984
46179488366592
51951924412416
58445914963968
65751654334464
73970611126272
166068567450828
189071070680016
212704954515018
243091376588592
317507104115712
273477798662166
312546055613904
408223419577344
357195492130176
351614312565642
459251347024512
401844928646448
581239986077898
516657765402576
452075544727254
147616504400736
131214670578432
40407052320768
45457933860864
51140175593472
57532697542656
64724284735488
63023690226672
126047380453344
141803303010012
162060917725728
182318532441444
208364037075936
238130328086784
234409541710428
306167564683008
267896619097632
387493324051932
344438510268384
301383696484836
35356170780672
39775692128256
44747653644288
50341110349824
56633749143552
277818716101248
246949969867776
30936649433088
34803730612224
39154196938752
44048471556096
49554530500608
108278273015808
121813057142784
137039689285632
154169650446336
195120963846144
173440856752128
216081223634304
47088059057802
53814924637488
60541790217174
69190617391056
77839444564938
88959365217072
100079285869206
114376326707664
165437186845014
147055277195568
128673367546122
42015793484448
84031586968896
168063173937792
15696019685934
31392039371868
17938308212496
35876616424992
40361193478116
46127078260704
51892963043292
59306243478048
66719523912804
76250884471776
110291457896676
98036851463712
85782245030748
18602689998144
23917744283328
37205379996288
47835488566656
61502771014272
79074991304064
130715801951616
101667845962368
8138676874188
9301344999072
10464013123956
11958872141664
174952894104576
289207845356544
224939435277312
211671402743808
272148946384896
349905788209152
578415690713088
449878870554624
55748846813184
63712967786496
72814820327424
95105071448064
83216937517056
167246540439552
191138903359488
218444460982272
285315214344192
249650812551168
35184372088832
39582418599936
44530220924928
50096498540544
63403380965376
56358560858112
30786325577728
34634616274944
38963943309312
43834436222976
55477958344704
49313740750848
26938034880512
30305289240576
34093450395648
38355131695104
48543213551616
43149523156992
23570780520448
26517128085504
29831769096192
33560740233216
42475311857664
37755832762368
185212477400832
164633313245184
146340722884608
20624432955392
23202487074816
26102797959168
29365647704064
37165897875456
33036353667072
72185515343872
81208704761856
91359792857088
102779766964224
130080642564096
115627237834752
5425784582792
144603922678272
162679413013056
205891132094649
183014339639688
137260754729766
122009559759792
108452942008704
96402615118848
116635262736384
192805230237696
149959623518208
26388279066624
29686813949952
33397665693696
37572373905408
42268920643584
112469717638656
126528432343488
160137547184727
142344486386424
106758364789818
94896324257616
84352288228992
74979811759104
23089744183296
25975962206208
29222957481984
32875827167232
36985305563136
87476447052288
98411002933824
124551425588121
110712378300552
83034283725414
70901651505006
47267767670004
94535535340008
81030458862864
54020305908576
108040611817152
105835701371904
70557134247936
106352477257509
91159266220722
60772844147148
121545688294296
104182018537968
69454679025312
138909358050624
119065164043392
79376776028928
158753552057856
136074473192448
90716315461632
136738899331083
117204770855214
78136513903476
156273027806952
133948309548816
89298873032544
204111709788672
178597746065088
153083782341504
102055854894336
175807156282821
150691848242418
100461232161612
229625673512256
200922464323224
172219255134192
114812836756128
290619993038949
258328882701288
226037772363627
193746662025966
129164441350644
73808252200368
65607335289216
58317631368192
20203526160384
22728966930432
25570087796736
28766348771328
32362142367744
68037236596224
76541891170752
96873331012983
86109627567096
64582220675322
57406418378064
51027927447168
45358157730816
17678085390336
19887846064128
22373826822144
25170555174912
28316874571776
52917850685952
59532582021696
75345924121209
66974154774408
50230616080806
44649436516272
39688388014464
35278567123968
123474984933888
109755542163456
15468324716544
17401865306112
19577098469376
22024235778048
24777265250304
54139136507904
60906528571392
68519844642816
77084825223168
97560481923072
86720428376064
58602385427607
52091009268984
39068256951738
34727339512656
45579633110361
40515229431432
30386422073574
27010152954288
35450825752503
31511845113336
23633883835002
23544029528901
20180596739058
13453731159372
26907462318744
23063539130352
15375692753568
30751385507136
30270895108587
25946481521646
17297654347764
34595308695528
29653121739024
19768747826016
39537495652032
38919722282469
33359761956402
22239841304268
44479682608536
38125442235888
25416961490592
50833922981184
50039642934603
42891122515374
28594081676916
65357900975808
57188163353832
49018425731856
32678950487904
82718593422507
73527638597784
64336683773061
55145728948338
36763819298892
21007896742224
27572864474169
24509212865928
18381909649446
16339475243952
4069338437094
4650672499536
6104007655641
5232006561978
6976008749304
5979436070832
7848009842967
6726865579686
8969154106248
7687846376784
10090298369529
8648827173882
11531769565176
9884373913008
12973240760823
11119920652134
14826560869512
12708480745296
21445561257687
19062721117944
16679880978201
14297040838458
68630377364883
45753584909922
91507169819844
53379182394909
35586121596606
71172243193212
41517141862707
27678094575138
55356189150276
32291110337661
21527406891774
43054813783548
25115308040403
16743538693602
33487077387204
19534128475869
13022752317246
26045504634492
15193211036787
10128807357858
20257614715716
11816941917501
7877961278334
15755922556668
1744002187326
2616003280989
2242288526562
3363432789843
2882942391294
4324413586941
3706640217378
5559960326067
4765680279486
9190954824723
7148520419229
6127303216482
12254606432964
22876792454961
15251194969974
30502389939948
61004779879896
17793060798303
11862040532202
23724081064404
47448162128808
13839047287569
9226031525046
18452063050092
36904126100184
10763703445887
7175802297258
14351604594516
28703209189032
8371769346801
5581179564534
11162359129068
22324718258136
6511376158623
4340917439082
8681834878164
17363669756328
5064403678929
3376269119286
6752538238572
13505076477144
747429508854
1121144263281
960980797098
1441471195647
1235546739126
1853320108689
1588560093162
2382840139743
2042434405494
3938980639167
3063651608241
2625987092778
5251974185556
10503948371112
46303119350208
92606238700416
7625597484987
5083731656658
10167463313316
20334926626632
36013537272384
72027074544768
144054149089536
5931020266101
3954013510734
7908027021468
15816054042936
28010528989632
56021057979264
112042115958528
4613015762523
3075343841682
6150687683364
12301375366728
6200896666048
7972581427776
10250461835712
13179165217344
21785966991936
16944640993728
12401793332096
15945162855552
20500923671424
26358330434688
43571933983872
33889281987456
24803586664192
31890325711104
41001847342848
52716660869376
87143867967744
67778563974912
3587901148629
2391934099086
4783868198172
9567736396344
2790589782267
1860393188178
3720786376356
7441572752712
2170458719541
1446972479694
2893944959388
5787889918776
320326932366
480490398549
411848913042
617773369563
529520031054
794280046581
680811468498
1021217202747
875329030926
1688134559643
1312993546389
1125423039762
2250846079524
4501692159048
137282971014
205924456521
176506677018
264760015527
226937156166
340405734249
58835559006
88253338509
75645718722
113468578083
97258781214
145888171821
25215239574
37822859361
32419593738
48629390607
10806531246
16209796869
4631370534
6947055801
13894111602
20841167403
81339706506528
72301961339136
64268410079232
47038089498624
41811635109888
83623270219776
47784725839872
95569451679744
54611115245568
109222230491136
62412703137792
142657607172096
124825406275584
71328803586048
27874423406592
31856483893248
36407410163712
47552535724032
41608468758528
31358726332416
35664401793024
17592186044416
19791209299968
22265110462464
25048249270272
31701690482688
28179280429056
63264216171744
56234858819328
49986541172736
3501316123704
82316656622592
73170361442304
35838544379904
219511084326912
125434905329664
62717452664832
40958336434176
250869810659328
143354177519616
71677088759808
46809527353344
286708355039232
163833345736704
81916672868352
53496602689536
327666691473408
187238109413376
93619054706688
427972821516288
374476218826752
213986410758144
106993205379072
41682334806
62523502209
36092757671936
27069568253952
40604352380928
30453264285696
45679896428544
51389883482112
65040321282048
57813618917376
126324651851776
65536
131072
262144
524288
98304
196608
393216
229376
458752
94743488888832
18046378835968
13534784126976
20302176190464
15226632142848
22839948214272
63162325925888
47371744444416
5954619258
8931928887
17863857774
26795786661
11483908569
7655939046
34259922321408
25694941741056
38542412611584
28906809458688
43360214188032
32520160641024
48780240961536
36585180721152
61737492466944
54877771081728
41158328311296
15393162788864
13469017440256
17317308137472
49607173328384
21260217140736
63780651422208
27334564895232
5315054285184
10630108570368
786432
917504
1048576
1835008
3670016
1984873086
43046721
28697814
100442349
66961566
234365481
156243654
546852789
364568526
2977309629
2551979682
1275989841
850659894
129140163
86093442
301327047
200884698
703096443
468730962
3827969523
3281116734
1640558367
1093705578
387420489
258280326
903981141
602654094
4921675101
2109289329
1406192886
1162261467
774840978
147456
294912
589824
1179648
221184
331776
497664
442368
663552
995328
1475789056
1686616064
1500564053016
1929296639592
2480524250904
3189245465448
4100458455576
6778308875544
5272018014312
13667282447616
17572220289792
22592854658304
29047955989248
48018049696512
37347371986176
802816
2809856
9834496
34420736
421654016
120472576
632481024
271063296
1605632
3211264
5619712
11239424
19668992
39337984
68841472
137682944
843308032
481890304
240945152
1264962048
1084253184
722835456
542126592
361417728
309786624
116169984
7086739046912
9111521631744
11714813526528
14173478093824
6074347754496
28346956187648
884736
1327104
1990656
464679936
1769472
929359872
6422528
12845056
22478848
44957696
78675968
157351936
275365888
619573248
413048832
550731776
1927561216
1445670912
963780608
3304390656
4956585984
1239146496
1858719744
531062784
2478292992
344064
516096
774144
1161216
688128
1032192
1204224
1806336
2709504
2408448
3612672
4214784
6322176
9483264
8429568
12644352
14751744
33191424
22127616
29503488
44255232
180708864
154893312
103262208
77446656
51631104
1376256
2064384
2752512
4128768
4816896
7225344
9633792
14450688
16859136
25288704
33718272
50577408
206524416
177020928
118013952
88510464
59006976
1548288
2322432
3096576
4644864
5419008
10838016
18966528
37933056
232339968
132765696
66382848
6193152
21676032
265531392
75866112
1572864
2359296
3538944
5505024
8257536
12386304
19267584
28901376
43352064
67436544
151732224
101154816
826097664
354041856
236027904
1062125568
2097152
7340032
25690112
89915392
1101463552
314703872
3145728
4718592
7077888
11010048
16515072
24772608
38535168
57802752
86704128
134873088
303464448
202309632
1652195328
1416167424
708083712
472055808
2124251136
606928896
4194304
6291456
9437184
14155776
8388608
12582912
14680064
22020096
33030144
49545216
29360128
44040192
51380224
77070336
173408256
115605504
102760448
154140672
179830784
404619264
269746176
359661568
539492352
2202927104
1888223232
1258815488
944111616
629407744
16777216
25165824
33554432
50331648
67108864
100663296
134217728
201326592
18874368
28311552
37748736
56623104
42520434281472
18223043263488
12148695508992
2654208
3981312
5308416
7962624
9289728
18579456
10616832
15925248
21233664
31850496
37158912
42467328
63700992
268435456
402653184
536870912
805306368
1073741824
1610612736
2147483648
3221225472
60477543641088
40318362427392
53757816569856
80636724854784
329266626490368
282228536991744
188152357994496
141114268495872
94076178997248
46078128488448
61437504651264
92156256976896
376304715988992
322546899419136
215031266279424
161273449709568
107515633139712
52660718272512
70214291030016
105321436545024
430062532558848
368625027907584
245750018605056
184312513953792
122875009302528
40122452017152
60183678025728
80244904034304
120367356051456
491500037210112
421285746180096
280857164120064
210642873090048
140428582060032
641959232274432
561714328240128
481469424205824
320979616137216
240734712102912
160489808068608
77756841824256
51837894549504
69117192732672
103675789099008
423342805487616
362865261846528
241910174564352
181432630923264
120955087282176
59243308056576
78991077408768
118486616113152
483820349128704
414703156396032
276468770930688
207351578198016
138234385465344
45137758519296
67706637778944
90275517038592
135413275557888
552937541861376
473946464452608
315964309635072
236973232226304
157982154817536
722204136308736
631928619270144
541653102231552
361102068154368
270826551115776
180551034077184
99973082345472
66648721563648
88864962084864
133297443127296
544297892769792
466541050945536
311027367297024
233270525472768
155513683648512
50779978334208
76169967501312
101559956668416
152339935002624
622054734594048
533189772509184
355459848339456
266594886254592
177729924169728
812479653347328
710919696678912
609359740010496
406239826673664
304679870005248
203119913336832
57127475625984
128536820158464
85691213438976
114254951251968
171382426877952
699811576418304
599838494072832
399892329381888
299919247036416
199946164690944
914039610015744
799784658763776
685529707511808
457019805007872
342764853755904
228509902503936
1156831381426176
1028294561267712
899757741109248
771220920950784
514147280633856
385610460475392
257073640316928
5165261696
18078415936
63274455776
221460595216
2712892291396
775112083256
3488004374652
4484577053124
5765884782588
9531360558972
7413280434756
58720256
88080384
117440512
176160768
205520896
308281344
411041792
616562688
719323136
1078984704
1438646272
2157969408
2517630976
3776446464
234881024
352321536
469762048
704643072
822083584
1233125376
1644167168
2466250752
2877292544
4315938816
939524096
1409286144
1879048192
2818572288
3288334336
6576668672
3758096384
5637144576
7516192768
11274289152
26306674688
13153337344
66060288
99090432
132120576
198180864
231211008
346816512
462422016
693633024
809238528
1213857792
1618477056
2427715584
2832334848
4248502272
5664669696
8497004544
74317824
148635648
2168506368
75497472
113246208
150994944
226492416
264241152
396361728
528482304
792723456
924844032
1387266048
1849688064
2774532096
3236954112
4855431168
6473908224
9710862336
301989888
452984832
603979776
905969664
1056964608
1585446912
2113929216
3170893824
3699376128
1207959552
1811939328
2415919104
3623878656
4227858432
8455716864
84934656
127401984
169869312
254803968
297271296
594542592
5462360064
7283146752
10924720128
339738624
509607936
679477248
1019215872
1189085184
2378170368
3567255552
1358954496
2038431744
2717908992
4076863488
1146617856
2675441664
4013162496
1528823808
2293235712
3057647616
4586471424
1719926784
3439853568
5159780352
4353564672
3869835264
5804752896
7739670528
11609505792
8707129344
17414258688
746496
1119744
1679616
1492992
2239488
2985984
4478976
5971968
8957952
11943936
17915904
23887872
35831808
47775744
71663616
95551488
143327232
764411904
573308928
382205952
286654464
191102976
3359232
6718464
13436928
26873856
53747712
107495424
859963392
429981696
214990848
1741824
2612736
3919104
3483648
5225472
6967296
10450944
13934592
20901888
27869184
41803776
55738368
83607552
111476736
167215104
222953472
334430208
1783627776
1337720832
891813888
668860416
445906944
7838208
15676416
31352832
62705664
125411328
250822656
2006581248
1003290624
501645312
4064256
6096384
9144576
8128512
12192768
14224896
21337344
28449792
42674688
49787136
99574272
16257024
24385536
32514048
48771072
56899584
85349376
113799168
170698752
199148544
398297088
65028096
97542144
130056192
195084288
227598336
341397504
455196672
682795008
796594176
260112384
390168576
520224768
780337152
2731180032
1820786688
1365590016
910393344
3641573376
3121348608
2080899072
1560674304
1040449536
18289152
36578304
73156608
146313216
292626432
585252864
2341011456
1170505728
17129961160704
19271206305792
21680107094016
24390120480768
30868746233472
27438885540864
291776343642
1593188352
3186376704
6372753408
12745506816
56693912375296
48594782035968
32396521357312
24297391017984
64793042714624
55536893755392
37024595836928
27768446877696
74049191673856
63470735720448
42313823813632
31735367860224
84627647627264
72537983680512
48358655787008
36268991840256
110534070370304
96717311574016
82900552777728
55267035185152
41450276388864
4161798144
14566293504
4682022912
4756340736
5350883328
8099130339328
16198260678656
13884223438848
9256148959232
6942111719424
18512297918464
15867683930112
10578455953408
7933841965056
21156911906816
18134495920128
12089663946752
9067247960064
24179327893504
20725138194432
13816758796288
10362569097216
31581162962944
27633517592576
23685872222208
15790581481472
11842936111104
36446086526976
10413167579136
4294967296
15032385536
52613349376
4831838208
16911433728
5435817984
23519044749312
26458925342976
30238771820544
29766291010848
38878420912128
34018618298112
49205501466912
43738223526144
38270945585376
6115295232
6879707136
2519424
3779136
5668704
8503056
19131876
12754584
5038848
7558272
10077696
15116544
20155392
30233088
40310784
60466176
80621568
120932352
161243136
241864704
322486272
483729408
2579890176
1934917632
1289945088
967458816
644972544
11337408
17006112
25509168
57395628
38263752
22674816
34012224
45349632
68024448
90699264
136048896
181398528
272097792
362797056
544195584
2902376448
2176782336
1451188224
1088391168
725594112
51018336
76527504
172186884
114791256
102036672
153055008
229582512
516560652
344373768
5878656
8817984
13226976
19840464
44641044
29760696
11757312
17635968
23514624
35271936
47029248
70543872
94058496
141087744
188116992
282175488
376233984
564350976
752467968
1128701952
6019743744
4514807808
3009871872
2257403904
1504935936
26453952
39680928
59521392
133923132
89282088
52907904
79361856
105815808
211631616
423263232
846526464
6772211712
3386105856
1693052928
119042784
178564176
401769396
267846264
4932501504
9865003008
19730006016
39460012032
6341787648
12683575296
13716864
20575296
30862944
46294416
104162436
69441624
27433728
41150592
54867456
82301184
109734912
164602368
219469824
329204736
438939648
658409472
877879296
1316818944
1755758592
2633637888
5267275776
3511517184
61725888
92588832
138883248
312487308
208324872
123451776
185177664
246903552
370355328
493807104
740710656
987614208
1481421312
1975228416
2962842624
11851370496
7900913664
5925685248
3950456832
277766496
416649744
937461924
624974616
11785390260224
15152644620288
13258564042752
19481971654656
32006016
48009024
72013536
108020304
243045684
162030456
64012032
96018048
128024064
192036096
256048128
384072192
512096256
768144384
1024192512
1536288768
2048385024
3072577536
4096770048
6145155072
16387080192
12290310144
8193540096
144027072
216040608
324060912
729137052
486091368
288054144
432081216
576108288
864162432
1152216576
1728324864
2304433152
3456649728
4608866304
6913299456
27653197824
18435465216
13826598912
9217732608
648121824
972182736
2187411156
1458274104
1296243648
2592487296
5184974592
41479796736
20739898368
10369949184
74680704
112021056
168031584
252047376
567106596
378071064
149361408
224042112
298722816
448084224
597445632
896168448
1194891264
1792336896
2389782528
3584673792
4779565056
7169347584
9559130112
14338695168
57354780672
28677390336
19118260224
336063168
504094752
756142128
1701319788
1134213192
672126336
1008189504
1344252672
2016379008
2688505344
4032758016
1512284256
2268426384
5103959364
3402639576
3024568512
4536852768
6049137024
9073705536
158723712
317447424
555532992
1111065984
1944365472
3888730944
6805279152
13610558304
634894848
1269789696
2222131968
4444263936
7777461888
15554923776
2539579392
5079158784
8888527872
17777055744
62219695104
31109847552
10158317568
204073344
174254976
261382464
392073696
588110544
1323248724
882165816
348509952
522764928
697019904
1045529856
1394039808
2091059712
2788079616
784147392
1176221088
1764331632
3969746172
2646497448
1568294784
2352442176
3136589568
4704884352
3528663264
5292994896
11909238516
7939492344
7057326528
10585989792
15878984688
23818477032
406594944
609892416
914838624
1372257936
3087580356
2058386904
813189888
1219784832
1626379776
2439569664
1829677248
2744515872
4116773808
9262741068
6175160712
3659354496
5489031744
8233547616
12350321424
27788223204
18525482136
83364669612
55576446408
166729339224
948721536
1423082304
2134623456
3201935184
7204354164
4802902776
1897443072
2846164608
4269246912
6403870368
9605805552
21613062492
14408708328
64839187476
43226124984
194517562428
129678374952
1750658061852
1167105374568
583552687284
389035124856
11900762947584
72892173053952
41652670316544
20826335158272
13600871940096
83305340633088
47603051790336
23801525895168
15543853645824
95206103580672
54403487760384
27201743880192
17764404166656
108806975520768
62175414583296
31087707291648
142115233333248
124350829166592
71057616666624
35528808333312
3389154437772
2213683584
3320525376
4980788064
7471182096
16810159716
11206773144
7747892544
11621838816
17432758224
39223706004
26149137336
27117623904
40676435856
91521980676
61014653784
94911683664
213551288244
142367525496
1162668124884
498286339236
332190892824
50430479148
117671118012
274565942028
1494859017708
640653864732
151291437444
353013354036
1921961594196
823697826084
453874312332
2471093478252
1059040062108
4084868810988
3177120186324
1361622936996
2529924096
238085568
357128352
535692528
803538792
1205308188
2711943423
1807962282
2891341824
3252759552
408146688
816293376
1632586752
3265173504
6530347008
13060694016
26121388032
3717439488
7434878976
306110016
459165024
688747536
1033121304
1549681956
3486784401
2324522934
4182119424
5377010688
8065516032
12098274048
18147411072
27221116608
10754021376
16131032064
21508042752
32262064128
43016085504
64524128256
24196548096
36294822144
54442233216
48393096192
72589644288
96786192384
145179288576
108884466432
217768932864
435537865728
1306613597184
5549064192
6242697216
21849440256
7023034368
10534551552
15801827328
23702740992
35554111488
24580620288
36870930432
55306395648
124439390208
82959593472
86032171008
129048256512
290358577152
193572384768
7134511104
8026324992
9029615616
13544423424
20316635136
871075731456
2613227194368
54669129790464
31239502737408
15619751368704
62479005474816
35702288842752
17851144421376
71404577685504
40802615820288
20401307910144
81605231640576
46631560937472
23315780468736
106586424999936
93263121874944
53293212499968
26646606249984
6442450944
22548578304
78920024064
7247757312
25367150592
8153726976
9172942848
10319560704
15479341056
23219011584
34828517376
52242776064
2951578112
10330523392
36156831872
126548911552
1550224166512
442921190432
3373232128
3794886144
5692329216
8538493824
12807740736
28817416656
19211611104
476171136
3855122432
4337012736
4879139328
7318708992
10978063488
16467095232
37050964272
24700642848
86452249968
4405854208
6608781312
9913171968
14869757952
612220032
1224440064
2448880128
4897760256
9795520512
19591041024
39182082048
78364164096
5576159232
11152318464
22304636928
6273179136
9409768704
14114653056
21171979584
47636954064
31757969376
111152892816
259356749904
333458678448
778070249712
1000376035344
2334210749136
1286197759728
7002632247408
3001128106032
5035261952
7552892928
11329339392
16994009088
38236520448
25491013632
5754585088
8631877632
12947816448
19421724672
11509170176
17263755264
23018340352
34527510528
46036680704
69055021056
92073361408
138110042112
184146722816
276220084224
7398752256
14797504512
25895632896
51791265792
29595009024
59190018048
103582531584
207165063168
8323596288
29132587008
9364045824
32774160384
114709561344
9512681472
19025362944
10701766656
12039487488
15061903105536
13388358316032
20082537474048
82003694685696
70288881159168
46859254106112
35144440579584
23429627053056
15300980932608
22951471398912
93718508212224
80330149896192
53553433264128
40165074948096
26776716632064
17486835351552
26230253027328
107106866528256
91805885595648
61203923730432
45902942797824
30601961865216
19984954687488
29977432031232
122407847460864
104921012109312
69947341406208
52460506054656
34973670703104
159879637499904
139894682812416
119909728124928
79939818749952
59954864062464
39969909374976
19365303992832
17213603549184
25820405323776
105433321738752
90371418633216
60247612422144
45185709316608
30123806211072
19672689770496
29509034655744
120495224844288
103281621295104
68854414196736
51640810647552
34427207098368
22483074023424
33724611035136
137708828393472
118036138622976
78690759081984
59018069311488
39345379540992
179864592187392
157381518163968
134898444140544
89932296093696
67449222070272
44966148046848
24898247990784
22131775991808
33197663987712
135557127949824
116191823956992
77461215971328
58095911978496
38730607985664
25293458276352
37940187414528
154922431942656
132790655950848
88527103967232
66395327975424
44263551983616
202347666210816
177054207934464
151760749658112
101173833105408
75880374829056
50586916552704
32012033131008
28455140560896
42682710841344
174287735935488
149389487944704
99592991963136
74694743972352
49796495981568
227641124487168
199185983926272
170730843365376
113820562243584
85365421682688
56910281121792
288108298179072
256096265048064
224084231917056
192072198786048
128048132524032
96036099393024
64024066262016
1653682833936
9003384318096
3858593279184
8589934592
17179869184
30064771072
60129542144
105226698752
210453397504
368293445632
736586891264
34359738368
68719476736
120259084288
240518168576
420906795008
841813590016
2946347565056
1473173782528
137438953472
274877906944
481036337152
962072674304
5892695130112
3367254360064
1683627180032
549755813888
1099511627776
6734508720128
3848290697216
1924145348608
8796093022208
7696581394432
4398046511104
2199023255552
9663676416
33822867456
118380036096
414330126336
10871635968
38050725888
12230590464
13759414272
2126163643632
11575779837552
9922097003616
4961048501808
3307365667872
2733638970384
14883145505424
12756981861792
6378490930896
4252327287264
3514678676208
19135472792688
16401833822304
8200916911152
5467277940768
4518872583696
3012581722464
24602750733456
21088072057248
10544036028624
7029357352416
40669853253264
31632108085872
27113235502176
13556617751088
9037745167392
4427367168
6641050752
9961576128
14942364192
33620319432
22413546288
15495785088
23243677632
34865516448
78447412008
52298274672
54235247808
81352871712
183043961352
122029307568
189823367328
427102576488
284735050992
2325336249768
1993145356944
996572678472
664381785648
100860958296
67240638864
235342236024
156894824016
549131884056
366087922704
2989718035416
2562615458928
1281307729464
854205152976
302582874888
201721916592
706026708072
470684472048
3843923188392
3294791304336
1647395652168
1098263768112
907748624664
605165749776
4942186956504
4236160248432
2118080124216
1412053416144
8169737621976
6354240372648
5446491747984
2723245873992
1815497249328
5059848192
6505519104
5782683648
8364238848
16728477696
33456955392
11098128384
22196256768
38843449344
77686898688
44392513536
88785027072
155373797376
310747594752
12485394432
43698880512
14046068736
21069103104
31603654656
47405481984
71108222976
49161240576
73741860864
110612791296
248878780416
165919186944
172064342016
258096513024
580717154304
387144769536
14269022208
28538044416
16052649984
18059231232
27088846848
40633270272
497757560832
1742151462912
1161434308608
1493272682496
10452908777472
5226454388736
3484302925824
2204910445248
1469940296832
1959920395776
2939880593664
1679931767808
2239909023744
3359863535616
11759522374656
7839681583104
5879761187328
3919840791552
1919922020352
15679363166208
13439454142464
6719727071232
4479818047488
12884901888
19327352832
25769803776
38654705664
45097156608
67645734912
90194313216
135291469824
157840048128
236760072192
315680096256
473520144384
552440168448
828660252672
1104880336896
1657320505344
51539607552
77309411328
103079215104
154618822656
180388626432
270582939648
360777252864
541165879296
631360192512
947040288768
1262720385024
1894080577536
6629282021376
4419521347584
3314641010688
2209760673792
206158430208
309237645312
412316860416
618475290624
721554505728
1082331758592
1443109011456
2164663517184
8839042695168
7576322310144
5050881540096
3788161155072
2525440770048
824633720832
1236950581248
1649267441664
2473901162496
10101763080192
8658654068736
5772436045824
4329327034368
2886218022912
13194139533312
11544872091648
9895604649984
6597069766656
4947802324992
3298534883328
14495514624
21743271936
28991029248
43486543872
50734301184
76101451776
101468602368
152202903552
177570054144
355140108288
621495189504
1242990379008
57982058496
86973087744
115964116992
173946175488
202937204736
304405807104
405874409472
608811614208
710280216576
1420560433152
4971961516032
2485980758016
231928233984
347892350976
463856467968
695784701952
811748818944
1217623228416
1623497637888
2435246456832
9943923032064
5682241732608
2841120866304
927712935936
1391569403904
1855425871872
2783138807808
11364483465216
9740985827328
6493990551552
4870492913664
3246995275776
14843406974976
12987981103104
11132555231232
7421703487488
5566277615616
3710851743744
16307453952
24461180928
32614907904
48922361856
57076088832
114152177664
65229815808
97844723712
130459631616
195689447424
228304355328
456608710656
260919263232
391378894848
521838526464
782757789696
913217421312
1826434842624
1043677052928
1565515579392
2087354105856
3131031158784
7305739370496
3652869685248
16698832846848
14611478740992
12524124635136
8349416423424
6262062317568
4174708211712
18345885696
27518828544
36691771392
55037657088
73383542784
110075314176
146767085568
220150628352
293534171136
440301256704
587068342272
880602513408
1174136684544
1761205026816
2348273369088
3522410053632
18786186952704
14089640214528
9393093476352
7044820107264
4696546738176
20639121408
30958682112
46438023168
69657034752
156728328192
104485552128
41278242816
61917364224
82556485632
123834728448
165112971264
247669456896
330225942528
495338913792
660451885056
990677827584
1320903770112
1981355655168
2641807540224
3962711310336
21134460321792
15850845241344
10567230160896
7925422620672
5283615080448
92876046336
139314069504
208971104256
313456656384
185752092672
278628139008
371504185344
557256278016
743008370688
1114512556032
1486016741376
2229025112064
2972033482752
4458050224128
23776267862016
17832200896512
11888133931008
8916100448256
5944066965504
417942208512
626913312768
835884417024
1253826625536
1671768834048
2507653251072
3343537668096
5015306502144
26748301344768
20061226008576
13374150672384
10030613004288
6687075336192
2834884858176
1889923238784
2519897651712
3779846477568
13229462671488
8819641780992
6614731335744
4409820890496
2159912272896
2879883030528
4319824545792
17639283561984
15119385910272
10079590606848
7559692955136
5039795303424
2468471169024
20159181213696
17279298183168
8639649091584
5759766061056
1880739938304
2821109907456
3761479876608
5642219814912
30091839012864
22568879259648
15045919506432
11284439629824
7522959753216
3644851960512
2429901307008
3239868409344
4859802614016
19844194007232
17009309149056
11339539432704
8504654574528
5669769716352
2777030065152
3702706753536
5554060130304
22679078865408
19439210456064
12959473637376
9719605228032
6479736818688
2115832430592
3173748645888
4231664861184
6347497291776
25918947274752
22216240521216
11108120260608
7405413507072
33853318889472
25389989167104
16926659444736
12694994583552
8463329722368
4686238234944
3124158823296
4165545097728
6248317646592
25513963723584
21869111763072
14579407842048
10934555881536
7289703921024
2380311484416
3570467226624
4760622968832
7140934453248
29158815684096
24993270586368
16662180390912
12496635293184
8331090195456
38084983750656
33324360781824
28563737812992
19042491875328
14281868906496
9521245937664
2677850419968
6025163444928
4016775629952
5355700839936
8033551259904
32803667644608
28117429409664
18744952939776
14058714704832
9372476469888
42845606719488
37489905879552
32134205039616
21422803359744
16067102519808
10711401679872
54226471004352
48201307559424
42176144114496
36150980669568
24100653779712
18075490334784
12050326889856
5903156224
8854734336
13282101504
19923152256
44827092576
29884728384
11806312448
17709468672
20661046784
30991570176
46487355264
104596549344
69731032896
41322093568
61983140352
72313663744
108470495616
244058615136
162705743424
144627327488
216940991232
253097823104
569470101984
379646734656
506195646208
759293469312
3100448333024
2657527142592
1771684761728
1328763571296
885842380864
833299488
1249949232
1874923848
2812385772
6327867987
4218578658
1666598976
2916548208
4374822312
6562233468
14765025303
9843350202
5833096416
10207918728
15311878092
34451725707
22967817138
20415837456
35727715548
80387359983
53591573322
71455431096
437664515463
250094008836
187570506627
125047004418
6746464256
10119696384
13492928512
20239392768
23612624896
35418937344
47225249792
70837874688
82644187136
123966280704
165288374272
247932561408
289254654976
433881982464
578509309952
867763964928
3543369523456
3037173877248
2024782584832
1518586938624
1012391292416
7589772288
11384658432
17076987648
25615481472
57634833312
38423222208
15179544576
22769316864
26564203008
39846304512
59769456768
134481277728
89654185152
53128406016
79692609024
92974710528
139462065792
313789648032
209193098688
185949421056
278924131584
325411486848
732175845408
488117230272
650822973696
976234460544
3986290713888
3416820611904
2277880407936
1708410305952
1138940203968
952342272
1904684544
3333197952
6666395904
11666192832
23332385664
40831674912
81663349824
500188017672
142910862192
3809369088
7618738176
13332791808
26665583616
46664771328
93329542656
326653399296
163326699648
15237476352
30474952704
53331167232
106662334464
653306798592
373318170624
186659085312
60949905408
746636341248
213324668928
7710244864
11565367296
15420489728
23130734592
26985857024
40478785536
53971714048
80957571072
94450499584
141675749376
188900999168
283351498752
330576748544
495865122816
661153497088
991730245632
4049565169664
3471055859712
2314037239808
1735527929856
1157018619904
8674025472
17348050944
30359089152
60718178304
106256812032
212513624064
371898842112
743797684224
4555760815872
2603291894784
1301645947392
34696101888
121436356608
425027248128
5206583789568
2975190736896
1487595368448
714256704
2499898464
8749644624
30623756184
375141013254
107183146644
1071385056
1607077584
2410616376
3615924564
8135830269
5423886846
3749847696
5624771544
8437157316
18983603961
12655735974
13124466936
19686700404
44295075909
29530050606
45935634276
103355177121
68903451414
562711519881
241162079949
160774719966
9758278656
14637417984
21956126976
32934190464
74101928544
49401285696
34153975296
51230962944
76846444416
172904499936
115269666624
119538913536
179308370304
403443833184
268962555456
418386197376
941368944096
627579296064
5125230917856
4393055072448
2196527536224
1464351690816
8811708416
13217562624
19826343936
29739515904
66913910784
44609273856
17623416832
26435125248
30840979456
46261469184
69392203776
61681958912
92522938368
107943428096
161915142144
242872713216
215886856192
323830284288
377801998336
850054496256
566702997504
755603996672
1133405995008
4628074479616
3966920982528
2644613988352
1983460491264
1322306994176
39652687872
59479031808
89218547712
133827821568
138784407552
485745426432
5950381473792
3400217985024
1700108992512
267655643136
918330048
1836660096
482324159898
3673320192
7346640384
14693280768
29386561536
58773123072
117546246144
940369969152
470184984576
235092492288
1377495072
2066242608
3099363912
4649045868
10460353203
6973568802
2754990144
4132485216
24407490807
16271660538
56950811883
37967207922
132885227727
88590151818
723486239847
620131062726
310065531363
206710354242
5509980288
8264970432
11019960576
16529940864
22039921152
33059881728
44079842304
66119763456
88159684608
132239526912
176319369216
264479053824
1410554953728
1057916215296
705277476864
528958107648
352638738432
6198727824
9298091736
13947137604
31381059609
20920706406
12397455648
18596183472
73222472421
48814981614
170852435649
113901623766
930196594089
797311366362
398655683181
265770455454
24794911296
37192366944
49589822592
74384733888
99179645184
148769467776
198359290368
297538935552
1586874322944
1190155742208
793437161472
595077871104
396718580736
27894275208
41841412812
94143178827
62762119218
55788550416
83682825624
219667417263
146444944842
1195967049543
1025114613894
512557306947
341704871298
111577100832
167365651248
223154201664
334731302496
1785233613312
1338925209984
892616806656
669462604992
446308403328
125524238436
282429536481
188286357654
251048476872
376572715308
1537671920841
1318004503578
659002251789
439334834526
2008387814976
1506290861232
1004193907488
753145430616
502096953744
2541865828329
2259436291848
1977006755367
1694577218886
1129718145924
847288609443
564859072962
12546358272
18819537408
28229306112
42343959168
95273908128
63515938752
25092716544
37639074816
222305785632
148203857088
518713499808
345808999872
1210331499552
806887666368
6589582608672
5648213664576
2824106832288
1882737888192
50185433088
75278149632
100370866176
150556299264
200741732352
301112598528
401483464704
602225197056
56458612224
84687918336
127031877504
285821724384
190547816256
112917224448
169375836672
666917356896
444611571264
1556140499424
1037426999616
8472320496864
7261988997312
3630994498656
2420662999104
225834448896
338751673344
451668897792
677503346688
903337795584
1355006693376
2710013386752
254063755008
381095632512
571643448768
508127510016
762191265024
2000752070688
1333834713792
10892983495968
9336842996544
4668421498272
3112280998848
1016255020032
1524382530048
2032510040064
3048765060096
12195060240384
8130040160256
6097530120192
4065020080128
1143286897536
2572395519456
1714930346304
2286573795072
3429860692608
14005264494816
12004512424128
6002256212064
4001504141376
18292590360576
13719442770432
9146295180288
6859721385216
4573147590144
23151559675104
20579164155648
18006768636192
15434373116736
10289582077824
7717186558368
5144791038912
10070523904
15105785856
22658678784
33988018176
76473040896
50982027264
20141047808
30211571712
35246833664
52870250496
79305375744
178437095424
118958063616
70493667328
105740500992
123363917824
185045876736
277568815104
246727835648
370091753472
431773712384
971490852864
647660568576
863547424768
1295321137152
5289227976704
4533623980032
3022415986688
2266811990016
1511207993344
40282095616
60423143424
80564191232
120846286848
140987334656
211481001984
281974669312
422962003968
493455671296
740183506944
986911342592
1480367013888
6044831973376
5181284548608
3454189699072
2590642274304
1727094849536
161128382464
241692573696
322256764928
483385147392
563949338624
845924007936
1127898677248
1691848015872
6908379398144
5921468055552
3947645370368
2960734027776
1973822685184
644513529856
966770294784
1289027059712
1933540589568
7895290740736
6767392063488
4511594708992
3383696031744
2255797354496
10312216477696
9023189417984
7734162358272
5156108238848
3867081179136
2578054119424
45317357568
67976036352
101964054528
152946081792
90634715136
135952072704
158610751488
237916127232
535311286272
356874190848
317221502976
475832254464
555137630208
1110275260416
6800435970048
3885963411456
1942981705728
181269430272
271904145408
362538860544
543808290816
634443005952
951664508928
1268886011904
1903329017856
7771926822912
4441101041664
2220550520832
725077721088
1087616581632
1450155442176
2175233163264
8882202083328
7613316071424
5075544047616
3806658035712
2537772023808
11601243537408
10151088095232
8700932653056
5800621768704
4350466326528
2900310884352
16647192576
24970788864
33294385152
49941577728
58265174016
87397761024
116530348032
174795522048
203928109056
305892163584
407856218112
611784327168
713748381696
1070622572544
1427496763392
2141245145088
66588770304
99883155456
133177540608
199766310912
233060696064
349591044096
466121392128
699182088192
815712436224
1223568654336
1631424872448
2447137308672
8564980580352
5709987053568
4282490290176
2854993526784
266355081216
399532621824
532710162432
799065243648
932242784256
1398364176384
1864485568512
2796728352768
11419974107136
9788549234688
6525699489792
4894274617344
3262849744896
1065420324864
1598130487296
2130840649728
3196260974592
13051398979584
11186913411072
7457942274048
5593456705536
3728971137024
17046725197824
14915884548096
12785043898368
8523362598912
6392521949184
4261681299456
18728091648
28092137472
42138206208
63207309312
142216445952
94810963968
37456183296
56184274944
65548320768
98322481152
147483721728
331838373888
221225582592
131096641536
196644962304
229419122688
344128684032
774289539072
516193026048
458838245376
688257368064
802966929408
1806675591168
1204450394112
1605933858816
2408900788224
21403533312
32105299968
42807066624
64210599936
74912366592
112368549888
149824733184
224737099776
262193283072
393289924608
524386566144
786579849216
917676490752
1376514736128
1835352981504
2753029472256
9635603152896
6423735435264
4817801576448
3211867717632
85614133248
128421199872
171228266496
256842399744
299649466368
449474199552
599298932736
898948399104
1048773132288
1573159698432
2097546264576
3146319396864
12847470870528
11012117889024
7341411926016
5506058944512
3670705963008
342456532992
513684799488
684913065984
1027369598976
1198597865472
1797896798208
2397195730944
3595793596416
14682823852032
12585277587456
8390185058304
6292638793728
4195092529152
1369826131968
2054739197952
2739652263936
4109478395904
16780370116608
14383174385664
9588782923776
7191587192832
4794391461888
21917218111488
19177565847552
16437913583616
10958609055744
8218956791808
5479304527872
24078974976
36118462464
54177693696
81266540544
121899810816
48157949952
72236924928
84276412416
126414618624
189621927936
426649337856
284432891904
168552824832
252829237248
294967443456
442451165184
995515121664
663676747776
589934886912
884902330368
1032386052096
2322868617216
1548579078144
2064772104192
3097158156288
10840053547008
7226702364672
5420026773504
3613351182336
96315899904
144473849856
192631799808
288947699712
337105649664
505658474496
674211299328
1011316948992
1179869773824
1769804660736
2359739547648
3539609321472
14453404729344
12388632625152
8259088416768
6194316312576
4129544208384
385263599616
577895399424
770527199232
1155790798848
1348422598656
2022633897984
2696845197312
4045267795968
16518176833536
14158437285888
9438958190592
7079218642944
4719479095296
1541054398464
2311581597696
3082108796928
4623163195392
18877916381184
16181071183872
10787380789248
8090535591936
5393690394624
24656870375424
21574761578496
18492652781568
12328435187712
9246326390784
6164217593856
108355387392
162533081088
243799621632
216710774784
325066162176
379243855872
568865783808
853298675712
758487711744
1137731567616
1327353495552
2986545364992
1991030243328
2654706991104
3982060486656
16260080320512
13937211703296
9291474468864
6968605851648
4645737234432
433421549568
650132324352
866843099136
1300264648704
1516975423488
2275463135232
3033950846976
4550926270464
18582948937728
15928241946624
10618827964416
7964120973312
5309413982208
1733686198272
2600529297408
3467372396544
5201058594816
21237655928832
18203705081856
12135803387904
9101852540928
6067901693952
27738979172352
24271606775808
20804234379264
13869489586176
10402117189632
6934744793088
487599243264
975198486528
1706597351424
3839844040704
2559896027136
3413194702848
5119792054272
20905817554944
17919272189952
11946181459968
8959636094976
5973090729984
1950396973056
2925595459584
3900793946112
5851190919168
23892362919936
20479168217088
13652778811392
10239584108544
6826389405696
31206351568896
27305557622784
23404763676672
15603175784448
11702381838336
7801587892224
2194196594688
4936942338048
3291294892032
4388393189376
6582589784064
26878908284928
23039064244224
15359376162816
11519532122112
7679688081408
35107145515008
30718752325632
26330359136256
17553572757504
13165179568128
8776786378752
44432481042432
39495538704384
34558596366336
29621654028288
19747769352192
14810827014144
9873884676096
13011038208
19516557312
29274835968
43912253952
98802571392
65868380928
26022076416
39033114624
45538633728
68307950592
102461925888
230539333248
153692888832
91077267456
136615901184
159385218048
239077827072
537925110912
358616740608
318770436096
478155654144
557848263168
1255158592128
836772394752
1115696526336
1673544789504
6833641223808
5857406763264
3904937842176
2928703381632
1952468921088
52044152832
78066229248
104088305664
156132458496
182154534912
273231802368
364309069824
546463604736
637540872192
956311308288
1275081744384
1912622616576
7809875684352
6694179158016
4462786105344
3347089579008
2231393052672
208176611328
312264916992
416353222656
624529833984
728618139648
1092927209472
1457236279296
2185854418944
8925572210688
7650490466304
5100326977536
3825245233152
2550163488768
832706445312
1249059667968
1665412890624
2498119335936
10200653955072
8743417675776
5828945117184
4371708837888
2914472558592
13323303124992
11657890234368
9992477343744
6661651562496
4996238671872
3330825781248
58549671936
87824507904
131736761856
296407714176
197605142784
117099343872
175649015808
204923851776
307385777664
691617999744
461078666496
409847703552
614771555328
717233481216
1613775332736
1075850221824
1434466962432
2151700443648
8786110144896
7530951552768
5020634368512
3765475776384
2510317184256
234198687744
351298031616
468397375488
702596063232
819695407104
1229543110656
1639390814208
2459086221312
10041268737024
8606801774592
5737867849728
4303400887296
2868933924864
936794750976
1405192126464
1873589501952
2810384252928
11475735699456
9836344885248
6557563256832
4918172442624
3278781628416
14988716015616
13115126513664
11241537011712
7494358007808
5620768505856
3747179003904
263473523712
395210285568
889223142528
592815428352
526947047424
790420571136
922157332992
2074853999232
1383235999488
1844314665984
2766471998976
11296427329152
9682651996416
6455101330944
4841325998208
3227550665472
1053894094848
1580841142272
2107788189696
3161682284544
12910202661888
11065887995904
7377258663936
5532943997952
3688629331968
16862305517568
14754517327872
12646729138176
8431152758784
6323364569088
4215576379392
1185630856704
2667669427584
1778446285056
2371261713408
3556892570112
14523977994624
12449123995392
8299415996928
6224561997696
4149707998464
18970093707264
16598831993856
14227570280448
9485046853632
7113785140224
4742523426816
24009024848256
21341355420672
18673685993088
16006016565504
10670677710336
8003008282752
5335338855168
1428513408
2142770112
3214155168
4821232752
10847773692
7231849128
2857026816
4285540224
4999796928
7499695392
11249543088
25311471948
16874314632
9999593856
14999390784
17499289248
26248933872
59060101212
39373400808
34998578496
52497867744
61247512368
137806902828
91871268552
122495024736
183742537104
750282026508
643098879864
428732586576
321549439932
214366293288
5714053632
8571080448
11428107264
17142160896
19999187712
29998781568
39998375424
59997563136
69997156992
104995735488
139994313984
209991470976
857465173152
734970148416
489980098944
367485074208
244990049472
22856214528
34284321792
45712429056
68568643584
79996750848
119995126272
159993501696
239990252544
979960197888
839965883904
559977255936
419982941952
279988627968
91424858112
137137287168
182849716224
274274574336
1119954511872
959961010176
639974006784
479980505088
319987003392
1462797729792
1279948013568
1097098297344
731398864896
548549148672
365699432448
6428310336
9642465504
14463698256
32543321076
21695547384
12856620672
19284931008
22499086176
33748629264
75934415844
50622943896
44998172352
67497258528
78746801616
177180303636
118120202424
157493603232
236240404848
964648319796
826841416968
551227611312
413420708484
275613805656
25713241344
38569862016
51426482688
77139724032
89996344704
134994517056
179992689408
269989034112
1102455222624
944961619392
629974412928
472480809696
314987206464
102852965376
154279448064
205705930752
308558896128
1259948825856
1079956136448
719970757632
539978068224
359985378816
1645647446016
1439941515264
1234235584512
822823723008
617117792256
411411861504
28927396512
43391094768
97629963228
65086642152
57854793024
86782189536
101245887792
227803247532
151868831688
202491775584
303737663376
1240262125452
1063081821816
708721214544
531540910908
354360607272
115709586048
173564379072
231419172096
347128758144
1417442429088
1214950653504
809967102336
607475326752
404983551168
1851353376768
1619934204672
1388515032576
925676688384
694257516288
462838344192
130173284304
292889889684
195259926456
260346568608
390519852912
1594622732724
1366819485192
911212990128
683409742596
455606495064
2082772548864
1822425980256
1562079411648
1041386274432
781039705824
520693137216
2636009007156
2343119117472
2050229227788
1757339338104
1171559558736
878669669052
585779779368
