150094635296999121
133417453597332552
116740271897665983
100063090197999414
66708726798666276
50031545098999707
33354363399333138
44472484532444184
88944969064888368
59296646043258912
29648323021629456
103769130575703096
118593292086517824
39531097362172608
79062194724345216
52708129816230144
26354064908115072
92239227178402752
105416259632460288
18014398509481984
15762598695796736
13510798882111488
9007199254740992
6755399441055744
4503599627370496
20266198323167232
17732923532771328
15199648742375424
10133099161583616
7599824371187712
5066549580791808
22799473113563136
19949538974367744
17099604835172352
11399736556781568
8549802417586176
5699868278390784
25649407252758528
22443231346163712
19237055439568896
12824703626379264
9618527719784448
6412351813189632
28855583159353344
25248635264434176
21641687369515008
14427791579676672
10820843684757504
7213895789838336
32462531054272512
28404714672488448
24346898290704384
16231265527136256
12173449145352192
8115632763568128
36520347436056576
38913423965888661
77826847931777322
51884565287851548
25942282643925774
90797989253740209
34589710191901032
69179420383802064
46119613589201376
23059806794600688
80709323781102408
30746409059467584
61492818118935168
40995212079290112
20497606039645056
71741621138757696
81990424158580224
63770329901117952
31955304006549504
7881299347898368
3940649673949184
11821949021847552
8866461766385664
5910974510923776
4433230883192832
13299692649578496
9974769487183872
6649846324789248
4987384743591936
14962154230775808
11221615673081856
7481077115387904
5610807836540928
16832423509622784
12624317632217088
8416211754811392
6312158816108544
18936476448325632
14202357336244224
9468238224162816
7101178668122112
21303536004366336
10651768002183168
13792273858822144
15516308091174912
17455846602571776
19637827427893248
22092555856379904
24854125338427392
27960891005730816
30265996417913403
60531992835826806
40354661890551204
20177330945275602
70620658308464607
26903107927034136
53806215854068272
35870810569378848
17935405284689424
62773918496412984
23913873712919232
47827747425838464
31885164950558976
15942582475279488
55799038663478208
49599145478647296
6896136929411072
3448068464705536
10344205394116608
7758154045587456
5172102697058304
3879077022793728
11637231068381184
8727923301285888
5818615534190592
4363961650642944
13091884951928832
9818913713946624
6545942475964416
4909456856973312
14728370570919936
11046277928189952
7364185285459968
5523138964094976
16569416892284928
12427062669213696
8284708446142464
6213531334606848
18640594003820544
9320297001910272
12068239626469376
13576769579778048
15273865777250304
17183098999406592
19330986374332416
21747359671123968
24465779630014464
6034119813234688
3017059906617344
9051179719852032
6788384789889024
4525589859926016
3394192394944512
10182577184833536
7636932888625152
5091288592416768
3818466444312576
11455399332937728
8591549499703296
5727699666468864
4295774749851648
12887324249554944
9665493187166208
6443662124777472
4832746593583104
14498239780749312
10873679835561984
7249119890374656
5436839917780992
16310519753342976
8155259876671488
10559709673160704
11879673382305792
13364632555094016
15035211624480768
16914613077540864
19028939712233472
21407557176262656
38577113150059008
43399252293816384
54927178684361361
48824158830543432
42721138976725503
37974345757089336
33754974006301632
30004421338934784
5279854836580352
2639927418290176
7919782254870528
5939836691152896
3959891127435264
2969918345576448
8909755036729344
6682316277547008
4454877518364672
3341158138773504
10023474416320512
7517605812240384
5011737208160256
3758802906120192
11276408718360576
8457306538770432
5638204359180288
4228653269385216
12685959808155648
9514469856116736
6342979904077824
4757234928058368
14271704784175104
7135852392087552
9239745964015616
10394714209517568
11694053485707264
13155810171420672
14800286442848256
16650322248204288
18731612529229824
33227552537453169
29535602255513928
25843651973574687
22972135087621944
26253868671567936
20100618201669201
17867216179261512
20419675633441728
15881969937121344
15633814156853823
13896723694981176
12159633233108529
10808562873874248
12352643284427712
9607611443443776
1628413597910449
1395783083923242
930522055948828
697891541961621
465261027974414
1861044111897656
1595180667340848
1063453778227232
797590333670424
531726889113616
2126907556454464
2093674625884863
1794578250758454
1196385500505636
897289125379227
598192750252818
2392771001011272
2050946572295376
1367297714863584
1025473286147688
683648857431792
2734595429727168
2691867376137681
3076419858443064
3515908409649216
3460972340748447
3955396960855368
4520453669548992
4449821580962289
5085510378242616
5812011860848704
5721199175522943
7472586678234048
6538513343454792
9457492514639967
8406660013013304
7355827511386641
22236242266222092
19765548681086304
17569376605410048
21256776633705984
35138753210820096
27330141386193408
42513553267411968
70277506421640192
54660282772386816
3377699720527872
3799912185593856
4274901208793088
4809263859892224
5410421842378752
17294855095950516
15373204529733792
13665070693096704
2955487255461888
3324923162394624
3740538557693952
4208105877405696
4734119112081408
13451553963517068
15314756725081296
17229101315716458
19690401503675952
25718075433372672
22151701691635446
25316230504726224
33066096985764864
28932834862544256
28480759317817002
37199359108985472
32549439220362288
47080438872309738
41849278997608656
36618119122907574
11956936856459616
10628388316852992
2586051348529152
2909307767095296
3272971237982208
3682092642729984
4142354223071232
10209837816720864
11486067543810972
13126934335783968
14767801127756964
16877487003150816
19288556575029504
18987172878544668
24799572739323648
21699626146908192
31386959248206492
27899519331739104
24412079415271716
2262794929963008
2545644296208384
2863849833234432
3221831062388736
3624559945187328
22503316004201088
20002947559289856
1979945563717632
2227438759182336
2505868604080128
2819102179590144
3171489952038912
6929809473011712
7796035657138176
8770540114280448
9866857628565504
11100214832136192
12487741686153216
17502579114378624
2307314893832298
2636931307236912
2966547720641526
3390340252161744
3814132783681962
4359008895636528
4903885007591094
5604440008675536
6304995009759978
7205708582582832
8106422155405686
9264482463320784
13400412134446134
11911477452841008
10422542771235882
13613117088961152
769104964610766
1538209929221532
878977102412304
1757954204824608
1977698480427684
2260226834774496
2542755189121308
2906005930424352
3269256671727396
3736293339117024
4203330006506652
4803805721721888
5404281436937124
6176321642213856
8933608089630756
7940984968560672
6948361847490588
911531809909056
1171969469883072
1823063619818112
2343938939766144
3013635779699328
3874674573899136
4981724452156032
6405074295629184
10587979958080896
8235095522951808
398795166835212
455765904954528
512736643073844
585984734941536
14171184422470656
23425835473880064
18220094257462272
17145383622248448
22044064657176576
28342368844941312
46851670947760128
36440188514924544
3567926196043776
4077629938335744
4660148500955136
6086724572676096
5325884001091584
10703778588131328
12232889815007232
13980445502865408
18260173718028288
15977652003274752
2251799813685248
2533274790395904
2849934139195392
3206175906594816
3606947894919168
4057816381784064
1970324836974592
2216615441596416
2493692371795968
2805403918270464
3156079408054272
3550589334061056
1724034232352768
1939538511396864
2181980825321472
2454728428486656
2761569482047488
3106765667303424
1508529953308672
1697096197472256
1909233222156288
2147887374925824
2416373296791552
2718419958890496
15002210669467392
13335298372859904
1319963709145088
1484959172788224
1670579069386752
1879401453060096
2114326634692608
2378617464029184
4619872982007808
5197357104758784
5847026742853632
6577905085710336
7400143221424128
8325161124102144
9365806264614912
265863444556808
11712917736940032
13177032454057536
16677181699666569
14824161510814728
11118121133111046
9882774340543152
8784688302705024
7808611824626688
9447456281647104
15617223649253376
12146729504974848
1688849860263936
1899956092796928
2137450604396544
2404631929946112
2705210921189376
9110047128731136
10248803019822528
12971141321962887
11529903397300344
8647427547975258
7686602264866896
6832535346548352
6073364752487424
1477743627730944
1662461581197312
1870269278846976
2104052938702848
2367059556040704
7085592211235328
7971291237639744
10088665472637801
8967702642344712
6725776981758534
5104918908360432
3403279272240288
6806558544480576
5743033771905486
3828689181270324
7657378362540648
6563467167891984
4375644778594656
8751289557189312
8572691811124224
5715127874082816
8614550657858229
7383900563878482
4922600375918988
9845200751837976
8438743501575408
5625829001050272
11251658002100544
9644278287514752
6429518858343168
12859037716686336
11022032328588288
7348021552392192
11075850845817723
9493586439272334
6329057626181556
12658115252363112
10849813073454096
7233208715636064
16533048492882432
14466417431272128
12399786369661824
8266524246441216
14240379658908501
12206039707635858
8137359805090572
18599679554492736
16274719610181144
13949759665869552
9299839777246368
23540219436154869
20924639498804328
18309059561453787
15693479624103246
10462319749402164
5978468428229808
5314194158426496
4723728140823552
1293025674264576
1454653883547648
1636485618991104
1841046321364992
2071177111535616
5511016164294144
6199893184830912
7846739812051623
6974879832934776
5231159874701082
4649919888623184
4133262123220608
3674010776196096
1131397464981504
1272822148104192
1431924916617216
1610915531194368
1812279972593664
4286345905562112
4822139143757376
6103019853817929
5424906536727048
4068679902545286
3616604357818032
3214759429171584
2857563937041408
10001473779644928
989972781858816
1113719379591168
1252934302040064
1409551089795072
1585744976019456
3464904736505856
3898017828569088
4385270057140224
4933428814282752
5550107416068096
6243870843076608
4746793219636167
4219371750787704
3164528813090778
2812914500525136
3691950281939241
3281733583945992
2461300187959494
2187822389297328
2871516885952743
2552459454180216
1914344590635162
1153657446916149
988849240213842
659232826809228
1318465653618456
1130113417387248
753408944924832
1506817889849664
1483273860320763
1271377594560654
847585063040436
1695170126080872
1453002965212176
968668643474784
1937337286949568
1907066391840981
1634628335863698
1089752223909132
2179504447818264
1868146669558512
1245431113039008
2490862226078016
2451942503795547
2101665003253326
1401110002168884
2802220004337768
2401902860860944
1601268573907296
3202537147814592
3152497504879989
2702140718468562
1801427145645708
3602854291291416
3088160821106928
2058773880737952
4117547761475904
4053211077702843
3474180923745294
2316120615830196
5293989979040448
4632241231660392
3970492484280336
2646994989520224
6700206067223067
5955738726420504
5211271385617941
4466804044815378
2977869363210252
1701639636120144
2233402022407689
1985246242140168
1488934681605126
1323497494760112
199397583417606
227882952477264
299096375126409
256368321536922
341824428715896
292992367470768
384552482305383
329616413404614
439488551206152
376704472462416
494424620106921
423792531520218
565056708693624
484334321737392
635688797280327
544876111954566
726501482606088
622715556519504
817314167931849
700555001084442
934073334779256
800634286953648
1050832501626663
900713572822854
1200951430430472
1029386940368976
1737090461872647
1544080410553464
1351070359234281
1158060307915098
5559060566555523
3706040377703682
7412080755407364
4323713773987629
2882475849325086
5764951698650172
3362888490879267
2241925660586178
4483851321172356
2615579937350541
1743719958233694
3487439916467388
2034339951272643
1356226634181762
2712453268363524
1582264406545389
1054842937696926
2109685875393852
1230650093979747
820433395986498
1640866791972996
957172295317581
638114863545054
1276229727090108
85456107178974
128184160768461
109872137801538
164808206702307
141264177173406
211896265760109
181625370651522
272438055977283
233518333694814
350277500542221
300237857607618
450356786411427
386020102638366
744467340802563
579030153957549
496311560535042
992623121070084
1853020188851841
1235346792567894
2470693585135788
4941387170271576
1441237924662543
960825283108362
1921650566216724
3843301132433448
1120962830293089
747308553528726
1494617107057452
2989234214114904
871859979116847
581239986077898
1162479972155796
2324959944311592
678113317090881
452075544727254
904151089454508
1808302178909016
527421468848463
351614312565642
703228625131284
1406457250262568
410216697993249
273477798662166
546955597324332
1093911194648664
36624045933846
54936068900769
47088059057802
70632088586703
60541790217174
90812685325761
77839444564938
116759166847407
100079285869206
150118928803809
128673367546122
193010051319183
165437186845014
319057431772527
248155780267521
212704954515018
425409909030036
850819818060072
3750552667366848
7501105334733696
617673396283947
411782264189298
823564528378596
1647129056757192
2917096519063104
5834193038126208
11668386076252416
480412641554181
320275094369454
640550188738908
1281100377477816
2268852848160192
4537705696320384
9075411392640768
373654276764363
249102851176242
498205702352484
996411404704968
303843936636352
390656489961024
502272629949888
645779095649856
830287408692672
1067512382604864
1764663326346816
1372515920491968
607687873272704
781312979922048
1004545259899776
1291558191299712
1660574817385344
2135024765209728
3529326652693632
2745031840983936
1215375746545408
1562625959844096
2009090519799552
2583116382599424
3321149634770688
4270049530419456
7058653305387264
5490063681967872
290619993038949
193746662025966
387493324051932
774986648103864
226037772363627
150691848242418
301383696484836
602767392969672
175807156282821
117204770855214
234409541710428
468819083420856
15696019685934
23544029528901
20180596739058
30270895108587
25946481521646
38919722282469
33359761956402
50039642934603
42891122515374
64336683773061
55145728948338
82718593422507
70901651505006
136738899331083
106352477257509
91159266220722
182318532441444
364637064882888
6726865579686
10090298369529
8648827173882
12973240760823
11119920652134
16679880978201
2882942391294
4324413586941
3706640217378
5559960326067
4765680279486
7148520419229
1235546739126
1853320108689
1588560093162
2382840139743
529520031054
794280046581
226937156166
340405734249
680811468498
1021217202747
6588516227028768
5856458868470016
5205741216417792
2675944647032832
5351889294065664
3058222453751808
6116444907503616
3495111375716352
6990222751432704
3994413000818688
9130086859014144
7988826001637376
4565043429507072
1783963098021888
2038814969167872
2330074250477568
3043362286338048
2662942000545792
1125899906842624
1266637395197952
1424967069597696
1603087953297408
1803473947459584
2028908190892032
2282521714753536
5124401509911264
4555023564365568
4048909834991616
283606606020024
6667649186429952
2006958485274624
7024354698461184
2293666840313856
14048709396922368
8027833941098496
4013916970549248
2621333531787264
16055667882196992
9174667361255424
4587333680627712
2995809750614016
18349334722510848
10485334127149056
5242667063574528
3423782572130304
20970668254298112
11983239002456064
5991619501228032
27390260577042432
23966478004912128
13695130288521216
6847565144260608
2042434405494
3063651608241
2309936491003904
1732452368252928
2598678552379392
1949008914284544
2923513371426816
3288952542855168
3700071610712064
4162580562051072
4682903132307456
8084777718513664
262144
524288
1048576
2097152
393216
786432
1572864
917504
1835008
6063583288885248
1154968245501952
866226184126464
1299339276189696
974504457142272
1461756685713408
4042388859256832
3031791644442624
291776343642
437664515463
875329030926
1312993546389
562711519881
375141013254
2192635028570112
1644476271427584
2466714407141376
1850035805356032
2775053708034048
2081290281025536
3121935421538304
2341451566153728
3512177349230592
5000736889822464
4445099457619968
3333824593214976
985162418487296
862017116176384
1108307720798208
2430751493090816
1041750639896064
3125251919688192
1339393679866368
260437659974016
520875319948032
3145728
3670016
4194304
7340032
14680064
97258781214
387420489
258280326
903981141
602654094
2109289329
1406192886
4921675101
3281116734
11483908569
7655939046
26795786661
17863857774
145888171821
125047004418
62523502209
41682334806
1162261467
774840978
2711943423
1807962282
6327867987
4218578658
14765025303
9843350202
34451725707
22967817138
187570506627
160774719966
80387359983
53591573322
3486784401
2324522934
8135830269
5423886846
18983603961
12655735974
44295075909
29530050606
241162079949
103355177121
68903451414
10460353203
6973568802
589824
1179648
2359296
4718592
884736
1327104
1990656
1769472
2654208
3981312
121545688294296
156273027806952
200922464323224
258328882701288
332137134901656
549043018919064
427033459159272
669696839933184
861038794199808
1107049878256896
1423349843473152
1830021227322624
2352884435129088
3889462025417472
3025137130880256
3211264
11239424
39337984
137682944
481890304
1686616064
5903156224
6422528
12845056
22478848
44957696
78675968
157351936
275365888
550731776
963780608
1927561216
3373232128
6746464256
347250213298688
446464559955456
574025862799872
694500426597376
297643039970304
1389000853194752
3538944
5308416
7962624
7077888
25690112
51380224
89915392
179830784
314703872
629407744
1101463552
2202927104
3855122432
7710244864
1376256
2064384
3096576
4644864
2752512
4128768
4816896
7225344
10838016
9633792
14450688
16859136
25288704
37933056
33718272
50577408
59006976
88510464
132765696
118013952
177020928
206524416
309786624
464679936
413048832
619573248
722835456
1084253184
1445670912
2168506368
5059848192
2529924096
5505024
8257536
11010048
16515072
19267584
28901376
38535168
57802752
67436544
101154816
134873088
202309632
236027904
354041856
472055808
708083712
826097664
1239146496
1652195328
2478292992
5782683648
4337012736
2891341824
6193152
9289728
12386304
18579456
21676032
43352064
75866112
151732224
265531392
531062784
929359872
1858719744
24772608
86704128
303464448
1062125568
3717439488
6291456
9437184
14155776
22020096
33030144
49545216
77070336
115605504
173408256
269746176
404619264
606928896
944111616
1416167424
2124251136
3304390656
7434878976
4956585984
8388608
29360128
102760448
359661568
1258815488
4405854208
12582912
18874368
28311552
44040192
66060288
99090432
154140672
231211008
346816512
539492352
809238528
1213857792
1888223232
2832334848
4248502272
6608781312
9913171968
16777216
25165824
37748736
56623104
33554432
50331648
58720256
88080384
132120576
198180864
117440512
176160768
205520896
308281344
462422016
693633024
411041792
616562688
719323136
1078984704
1618477056
2427715584
1438646272
2157969408
2517630976
3776446464
8497004544
5664669696
5035261952
7552892928
8811708416
19826343936
13217562624
67108864
100663296
134217728
201326592
268435456
402653184
536870912
805306368
75497472
113246208
150994944
226492416
2083501279792128
892929119910912
595286079940608
10616832
15925248
21233664
31850496
37158912
74317824
42467328
63700992
84934656
127401984
148635648
169869312
254803968
1073741824
1610612736
2147483648
3221225472
4294967296
6442450944
8589934592
12884901888
2963399638413312
2634133011922944
3951199517884416
2257828295933952
3010437727911936
4515656591867904
15804798071537664
10536532047691776
7902399035768832
5268266023845888
2580375195353088
3440500260470784
5160750390706176
21073064095383552
18062626367471616
12041750911647744
9031313183735808
6020875455823872
2949000223260672
3932000297680896
5898000446521344
24083501823295488
20643001562824704
13762001041883136
10321500781412352
6881000520941568
3370285969440768
4493714625921024
6740571938881536
27524002083766272
23592001786085376
15728001190723584
11796000893042688
7864000595361792
2567836929097728
3851755393646592
5135673858195456
7703510787293184
31456002381447168
26962287755526144
17974858503684096
13481143877763072
8987429251842048
41085390865563648
35949717007368192
30814043149172736
20542695432781824
15407021574586368
10271347716390912
3810085249388544
2540056832925696
3386742443900928
5080113665851392
17780397830479872
11853598553653248
8890198915239936
5926799276826624
2902922094772224
3870562793029632
5805844189544448
23707197107306496
20320454663405568
13546969775603712
10160227331702784
6773484887801856
3317625251168256
4423500334891008
6635250502336512
27093939551207424
23223376758177792
15482251172118528
11611688379088896
7741125586059264
3791571715620864
5055428954161152
7583143431241728
30964502344237056
26541002009346048
17694001339564032
13270501004673024
8847000669782016
2888816545234944
4333224817852416
5777633090469888
8666449635704832
35388002679128064
30332573724966912
20221715816644608
15166286862483456
10110857908322304
46221064723759104
40443431633289216
34665798542819328
23110532361879552
17332899271409664
11555266180939776
4898681034928128
3265787356618752
4354383142158336
6531574713237504
26670596745719808
22860511496331264
15240340997554176
11430255748165632
7620170498777088
3732328407564288
4976437876752384
7464656815128576
30480681995108352
26126298852950016
17417532568633344
13063149426475008
8708766284316672
4265518180073472
5687357573431296
8531036360146944
34835065137266688
29858627260514304
19905751507009536
14929313630257152
9952875753504768
3249918613389312
4874877920083968
6499837226778624
9749755840167936
39811503014019072
34124145440587776
22749430293725184
17062072720293888
11374715146862592
51998697814228992
45498860587450368
38999023360671744
25999348907114496
19499511680335872
12999674453557248
6298304187764736
4198869458509824
5598492611346432
8397738917019648
34290767244496896
29392086209568768
19594724139712512
14696043104784384
9797362069856256
4798707952582656
6398277270110208
9597415905165312
39189448279425024
33590955668078592
22393970445385728
16795477834039296
11196985222692864
3656158440062976
5484237660094464
7312316880125952
10968475320188928
44787940890771456
38389663620661248
25593109080440832
19194831810330624
12796554540220416
58498535041007616
51186218160881664
43873901280755712
29249267520503808
21936950640377856
14624633760251904
8097819669983232
5398546446655488
7198061928873984
10797092893310976
44088129314353152
37789825126588416
25193216751058944
18894912563294208
12596608375529472
4113178245070848
6169767367606272
8226356490141696
12339534735212544
50386433502117888
43188371573243904
28792247715495936
21594185786621952
14396123857747968
65810851921133568
57584495430991872
49358138940850176
32905425960566784
24679069470425088
16452712980283392
4627325525704704
10411482432835584
6940988288557056
9254651051409408
13881976577114112
56684737689882624
48586918019899392
32391278679932928
24293459009949696
16195639339966464
74037208411275264
64782557359865856
55527906308456448
37018604205637632
27763953154228224
18509302102818816
93703341895520256
83291859462684672
72880377029849088
62468894597013504
41645929731342336
31234447298506752
20822964865671168
20661046784
72313663744
253097823104
885842380864
3100448333024
10851569165584
132931722278404
37980492079544
170912214357948
219744275603076
282528354346812
363250741303044
467036667389628
772040205276732
600475715215236
234881024
352321536
469762048
704643072
822083584
1233125376
1644167168
2466250752
2877292544
4315938816
5754585088
8631877632
10070523904
15105785856
939524096
1409286144
1879048192
2818572288
3288334336
4932501504
6576668672
9865003008
11509170176
17263755264
3758096384
5637144576
7516192768
11274289152
13153337344
26306674688
15032385536
22548578304
30064771072
45097156608
52613349376
105226698752
264241152
396361728
528482304
792723456
924844032
1387266048
1849688064
2774532096
3236954112
4855431168
6473908224
9710862336
11329339392
16994009088
22658678784
33988018176
297271296
594542592
8674025472
301989888
452984832
603979776
905969664
1056964608
1585446912
2113929216
3170893824
3699376128
5549064192
7398752256
11098128384
12947816448
19421724672
25895632896
38843449344
1207959552
1811939328
2415919104
3623878656
4227858432
6341787648
8455716864
12683575296
14797504512
4831838208
7247757312
9663676416
14495514624
16911433728
33822867456
339738624
509607936
679477248
1019215872
1189085184
2378170368
1358954496
2038431744
2717908992
4076863488
4756340736
9512681472
5435817984
8153726976
10871635968
16307453952
2985984
4478976
6718464
5971968
8957952
11943936
17915904
23887872
35831808
47775744
71663616
95551488
143327232
191102976
286654464
382205952
573308928
764411904
1146617856
1528823808
2293235712
3057647616
4586471424
6115295232
9172942848
18345885696
12230590464
13436928
26873856
53747712
107495424
214990848
429981696
859963392
1719926784
3439853568
6879707136
13759414272
6967296
10450944
15676416
13934592
20901888
27869184
41803776
55738368
83607552
111476736
167215104
222953472
334430208
445906944
668860416
891813888
1337720832
1783627776
2675441664
3567255552
5350883328
7134511104
10701766656
14269022208
31352832
62705664
125411328
250822656
501645312
1003290624
2006581248
4013162496
8026324992
16052649984
16257024
24385536
36578304
32514048
48771072
56899584
85349376
113799168
170698752
199148544
398297088
65028096
97542144
130056192
195084288
227598336
341397504
455196672
682795008
796594176
1593188352
260112384
390168576
520224768
780337152
910393344
1365590016
1820786688
2731180032
3186376704
1040449536
1560674304
2080899072
3121348608
3641573376
5462360064
7283146752
10924720128
4161798144
6242697216
8323596288
12485394432
14566293504
21849440256
29132587008
43698880512
73156608
146313216
292626432
585252864
1170505728
2341011456
4682022912
9364045824
1096317514285056
1233357203570688
1387526854017024
1560967710769152
1756088674615296
1975599758942208
2500368444911232
2222549728809984
14297040838458
6372753408
12745506816
25491013632
50982027264
2778001706389504
2381144319762432
1587429546508288
1190572159881216
3174859093016576
2721307794014208
1814205196009472
1360653897007104
3628410392018944
3110066050301952
2073377366867968
1555033025150976
4146754733735936
3554361200345088
2369574133563392
1777180600172544
4739148267126784
4062127086108672
2708084724072448
2031063543054336
5416169448144896
4642430955552768
3094953970368512
2321215477776384
7074180503699456
6189907940737024
5305635377774592
3537090251849728
2652817688887296
16647192576
58265174016
18728091648
19025362944
21403533312
396857386627072
793714773254144
680326948503552
453551299002368
340163474251776
907102598004736
777516512575488
518344341716992
388758256287744
1036688683433984
888590300086272
592393533390848
444295150043136
1184787066781696
1015531771527168
677021181018112
507765885763584
1354042362036224
1160607738888192
773738492592128
580303869444096
1547476985184256
1326408844443648
884272562962432
663204422221824
2021194429628416
1768545125924864
1515895822221312
1010597214814208
757947911110656
1785858239821824
510245211377664
17179869184
60129542144
210453397504
19327352832
67645734912
21743271936
1905042624694272
2143172952781056
2449340517464064
2411069571878688
3149152093882368
2755508082147072
3985645618819872
3542796105617664
3099946592415456
24461180928
27518828544
10077696
15116544
22674816
34012224
51018336
76527504
172186884
114791256
20155392
30233088
40310784
60466176
80621568
120932352
161243136
241864704
322486272
483729408
644972544
967458816
1289945088
1934917632
2579890176
3869835264
5159780352
7739670528
10319560704
15479341056
20639121408
30958682112
45349632
68024448
102036672
153055008
229582512
516560652
344373768
90699264
136048896
181398528
272097792
362797056
544195584
725594112
1088391168
1451188224
2176782336
2902376448
4353564672
5804752896
8707129344
11609505792
17414258688
23219011584
34828517376
69657034752
46438023168
204073344
306110016
459165024
688747536
1549681956
1033121304
408146688
612220032
918330048
1377495072
2066242608
4649045868
3099363912
23514624
35271936
52907904
79361856
119042784
178564176
401769396
267846264
47029248
70543872
94058496
141087744
188116992
282175488
376233984
564350976
752467968
1128701952
1504935936
2257403904
3009871872
4514807808
6019743744
9029615616
12039487488
18059231232
24078974976
105815808
158723712
238085568
357128352
535692528
1205308188
803538792
211631616
317447424
423263232
846526464
1693052928
3386105856
6772211712
13544423424
27088846848
476171136
714256704
1071385056
1607077584
3615924564
2410616376
19730006016
39460012032
78920024064
157840048128
25367150592
50734301184
54867456
82301184
123451776
185177664
277766496
416649744
937461924
624974616
109734912
164602368
219469824
329204736
438939648
658409472
877879296
1316818944
1755758592
2633637888
3511517184
5267275776
7023034368
10534551552
14046068736
21069103104
246903552
370355328
555532992
833299488
1249949232
2812385772
1874923848
493807104
740710656
987614208
1481421312
1975228416
2962842624
3950456832
5925685248
7900913664
11851370496
15801827328
23702740992
31603654656
47405481984
1111065984
1666598976
2499898464
3749847696
8437157316
5624771544
754264976654336
969769255698432
848548098736128
1246846185897984
128024064
192036096
288054144
432081216
648121824
972182736
2187411156
1458274104
256048128
384072192
512096256
768144384
1024192512
1536288768
2048385024
3072577536
4096770048
6145155072
8193540096
12290310144
16387080192
24580620288
32774160384
49161240576
65548320768
576108288
864162432
1296243648
1944365472
2916548208
6562233468
4374822312
1152216576
1728324864
2304433152
3456649728
4608866304
6913299456
9217732608
13826598912
18435465216
27653197824
36870930432
55306395648
73741860864
110612791296
2592487296
3888730944
5833096416
8749644624
19686700404
13124466936
5184974592
10369949184
20739898368
41479796736
82959593472
165919186944
298722816
448084224
672126336
1008189504
1512284256
2268426384
5103959364
3402639576
597445632
896168448
1194891264
1792336896
2389782528
3584673792
4779565056
7169347584
9559130112
14338695168
19118260224
28677390336
38236520448
57354780672
76473040896
114709561344
1344252672
2016379008
3024568512
4536852768
6805279152
15311878092
10207918728
2688505344
4032758016
5377010688
8065516032
10754021376
16131032064
6049137024
9073705536
13610558304
20415837456
45935634276
30623756184
12098274048
18147411072
24196548096
36294822144
634894848
1269789696
2222131968
4444263936
7777461888
15554923776
27221116608
54442233216
2539579392
5079158784
8888527872
17777055744
31109847552
62219695104
10158317568
20316635136
35554111488
71108222976
124439390208
248878780416
40633270272
816293376
697019904
1045529856
1568294784
2352442176
3528663264
5292994896
11909238516
7939492344
1394039808
2091059712
2788079616
4182119424
5576159232
8364238848
11152318464
3136589568
4704884352
7057326528
10585989792
15878984688
35727715548
23818477032
6273179136
9409768704
12546358272
18819537408
14114653056
21171979584
31757969376
47636954064
107183146644
71455431096
28229306112
42343959168
63515938752
95273908128
1626379776
2439569664
3659354496
5489031744
8233547616
12350321424
27788223204
18525482136
3252759552
4879139328
6505519104
9758278656
7318708992
10978063488
16467095232
24700642848
37050964272
83364669612
55576446408
14637417984
21956126976
32934190464
49401285696
74101928544
111152892816
250094008836
166729339224
3794886144
5692329216
8538493824
12807740736
19211611104
28817416656
64839187476
43226124984
7589772288
11384658432
17076987648
25615481472
38423222208
57634833312
86452249968
194517562428
129678374952
583552687284
389035124856
1167105374568
141803303010012
94535535340008
583137384431616
3571716479643648
2040980845510656
1020490422755328
666442725064704
4081961691021312
2332549537726464
1166274768863232
761648828645376
4665099075452928
2665770900258816
1332885450129408
870455804166144
5331541800517632
3046595314581504
1523297657290752
994806633332736
6093190629163008
3481823216664576
1740911608332288
1136921866665984
6963646433329152
3979226533330944
1989613266665472
9095374933327872
7958453066661888
4547687466663936
2273843733331968
274521509459532
8854734336
13282101504
19923152256
29884728384
44827092576
67240638864
151291437444
100860958296
30991570176
46487355264
69731032896
104596549344
156894824016
353013354036
235342236024
108470495616
162705743424
244058615136
366087922704
823697826084
549131884056
379646734656
569470101984
854205152976
1921961594196
1281307729464
1328763571296
1993145356944
4484577053124
2989718035416
4650672499536
10464013123956
6976008749304
56970738119316
24416030622564
16277353748376
453874312332
1059040062108
2471093478252
5765884782588
13453731159372
73248091867692
31392039371868
1361622936996
3177120186324
7413280434756
17297654347764
94176118115604
40361193478116
4084868810988
9531360558972
22239841304268
121083580434348
51892963043292
28594081676916
155678889129876
66719523912804
200158571738412
85782245030748
330874373690028
257346735092244
110291457896676
10119696384
952342272
1428513408
2142770112
3214155168
4821232752
7231849128
10847773692
24407490807
16271660538
11565367296
13011038208
1632586752
3265173504
6530347008
13060694016
26121388032
52242776064
104485552128
14869757952
29739515904
1224440064
1836660096
2754990144
4132485216
6198727824
9298091736
13947137604
31381059609
20920706406
16728477696
21508042752
32262064128
48393096192
72589644288
108884466432
43016085504
64524128256
86032171008
129048256512
172064342016
258096513024
96786192384
145179288576
217768932864
193572384768
290358577152
387144769536
580717154304
435537865728
871075731456
22196256768
24970788864
87397761024
28092137472
42138206208
63207309312
94810963968
142216445952
98322481152
147483721728
221225582592
331838373888
497757560832
516193026048
774289539072
1161434308608
1742151462912
28538044416
32105299968
36118462464
54177693696
81266540544
2678787359732736
1530735634132992
765367817066496
3061471268265984
1749412153294848
874706076647424
3498824306589696
1999328175194112
999664087597056
3998656350388224
2284946485936128
1142473242968064
4569892971872256
2611367412498432
1305683706249216
5222734824996864
2984419899998208
1492209949999104
6821531199995904
5968839799996416
3410765599997952
1705382799998976
25769803776
90194313216
315680096256
28991029248
101468602368
32614907904
36691771392
41278242816
61917364224
92876046336
139314069504
208971104256
11806312448
41322093568
144627327488
506195646208
1771684761728
6200896666048
75960984159088
21703138331168
13492928512
15179544576
22769316864
34153975296
51230962944
76846444416
115269666624
259356749904
172904499936
1904684544
15420489728
17348050944
19516557312
29274835968
43912253952
65868380928
98802571392
148203857088
333458678448
222305785632
778070249712
17623416832
26435125248
39652687872
59479031808
2448880128
4897760256
9795520512
19591041024
39182082048
78364164096
156728328192
313456656384
22304636928
44609273856
89218547712
25092716544
37639074816
56458612224
84687918336
127031877504
190547816256
2334210749136
63023690226672
20141047808
30211571712
45317357568
67976036352
101964054528
152946081792
344128684032
229419122688
23018340352
34527510528
51791265792
77686898688
46036680704
69055021056
92073361408
138110042112
184146722816
276220084224
368293445632
552440168448
736586891264
1104880336896
29595009024
59190018048
103582531584
207165063168
118380036096
236760072192
414330126336
828660252672
33294385152
116530348032
37456183296
131096641536
38050725888
76101451776
42807066624
48157949952
738033252171264
656029557485568
984044336228352
4018181039599104
3444155176799232
2296103451199488
1722077588399616
1148051725599744
749748065697792
1124622098546688
4592206902398976
3936177344913408
2624118229942272
1968088672456704
1312059114971136
856854932226048
1285282398339072
5248236459884544
4498488394186752
2998992262791168
2249244197093376
1499496131395584
979262779686912
1468894169530368
5997984525582336
5141129593356288
3427419728904192
2570564796678144
1713709864452096
1119157462499328
1678736193748992
6854839457808384
5875576678121472
3917051118747648
2937788339060736
1958525559373824
1279037099999232
1918555649998848
7834102237495296
6714944774995968
4476629849997312
3357472387497984
2238314924998656
10232296799993856
8953259699994624
7674222599995392
5116148399996928
3837111299997696
2558074199998464
948899895648768
843466573910016
1265199860865024
5166232765198848
4428199513027584
2952133008685056
2214099756513792
1476066504342528
963961798754304
1445942698131456
5904266017370112
5060799443460096
3373866295640064
2530399721730048
1686933147820032
1101670627147776
1652505940721664
6747732591280128
5783770792525824
3855847195017216
2891885396262912
1927923597508608
1259052145311744
1888578217967616
7711694390034432
6610023762886656
4406682508591104
3305011881443328
2203341254295552
1438916737499136
2158375106248704
8813365017182208
7554312871870464
5036208581246976
3777156435935232
2518104290623488
11511333899993088
10072417162493952
8633500424994816
5755666949996544
4316750212497408
2877833474998272
1220014151548416
1084457023598592
1626685535397888
6642299269541376
5693399373892608
3795599582595072
2846699686946304
1897799791297536
1239379455541248
1859069183311872
7591199165190144
6506742141591552
4337828094394368
3253371070795776
2168914047197184
1416433663475712
2124650495213568
8675656188788736
7436276733247488
4957517822164992
3718138366623744
2478758911082496
1618781329686528
2428171994529792
9915035644329984
8498601980854272
5665734653902848
4249300990427136
2832867326951424
12950250637492224
11331469307805696
9712687978119168
6475125318746112
4856343989059584
3237562659373056
1568589623419392
1394301887483904
2091452831225856
8540099060838912
7320084909290496
4880056606193664
3660042454645248
2440028303096832
1593487871410176
2390231807115264
9760113212387328
8365811324903424
5577207549935616
4182905662451712
2788603774967808
1821128995897344
2731693493846016
11154415099871232
9560927228461056
6373951485640704
4780463614230528
3186975742820352
14569031967178752
12747902971281408
10926773975384064
7284515983589376
5463386987692032
3642257991794688
2016758087253504
1792673855336448
2689010783004672
10980127363935744
9411537740516352
6274358493677568
4705768870258176
3137179246838784
2048770120384512
3073155180576768
12548716987355136
10756043132018688
7170695421345792
5378021566009344
3585347710672896
16390160963076096
14341390842691584
12292620722307072
8195080481538048
6146310361153536
4097540240769024
2592974683611648
2304866385432576
3457299578148864
14117306610774528
12100548523521024
8067032349014016
6050274261760512
4033516174507008
18438931083460608
16134064698028032
13829198312595456
9219465541730304
6914599156297728
4609732770865152
23336772152504832
20743797468893184
18150822785281536
15557848101669888
10371898734446592
7778924050834944
5185949367223296
81030458862864
189071070680016
34359738368
68719476736
120259084288
240518168576
420906795008
841813590016
1473173782528
2946347565056
137438953472
274877906944
481036337152
962072674304
1683627180032
3367254360064
5892695130112
11785390260224
549755813888
1099511627776
1924145348608
3848290697216
6734508720128
13469017440256
23570780520448
47141561040896
2199023255552
4398046511104
7696581394432
15393162788864
26938034880512
53876069761024
188566244163584
94283122081792
8796093022208
17592186044416
30786325577728
61572651155456
377132488327168
215504279044096
107752139522048
35184372088832
70368744177664
431008558088192
246290604621824
123145302310912
562949953421312
492581209243648
281474976710656
140737488355328
38654705664
135291469824
473520144384
1657320505344
43486543872
152202903552
48922361856
55037657088
104182018537968
567213212040048
243091376588592
133948309548816
729274129765776
312546055613904
172219255134192
937638166841712
803689857292896
401844928646448
267896619097632
221424756601104
1205534785939344
1033315530805152
516657765402576
344438510268384
284688972772848
1549973296207728
1328548539606624
664274269803312
442849513202208
366028679279376
244019119519584
1992822809409936
1708133836637088
854066918318544
569377945545696
3294258113514384
2562200754955632
2196172075676256
1098086037838128
732057358558752
17709468672
26564203008
39846304512
59769456768
89654185152
134481277728
302582874888
201721916592
61983140352
92974710528
139462065792
209193098688
313789648032
706026708072
470684472048
216940991232
325411486848
488117230272
732175845408
1647395652168
1098263768112
759293469312
1138940203968
1708410305952
3843923188392
2562615458928
2657527142592
3986290713888
8969154106248
5979436070832
9301344999072
20928026247912
13952017498608
113941476238632
97664122490256
48832061245128
32554707496752
907748624664
605165749776
2118080124216
1412053416144
4942186956504
3294791304336
11531769565176
7687846376784
26907462318744
17938308212496
146496183735384
125568157487472
62784078743736
41856052495824
2723245873992
1815497249328
6354240372648
4236160248432
14826560869512
9884373913008
34595308695528
23063539130352
188352236231208
161444773912464
80722386956232
53814924637488
8169737621976
5446491747984
19062721117944
12708480745296
44479682608536
29653121739024
242167160868696
207571852173168
103785926086584
69190617391056
16339475243952
57188163353832
38125442235888
311357778259752
266878095651216
133439047825608
88959365217072
73527638597784
49018425731856
400317143476824
343128980122992
171564490061496
114376326707664
661748747380056
514693470184488
441165831586704
220582915793352
147055277195568
20239392768
26022076416
23130734592
33456955392
66913910784
133827821568
44392513536
88785027072
155373797376
310747594752
177570054144
355140108288
621495189504
1242990379008
49941577728
174795522048
56184274944
84276412416
126414618624
189621927936
284432891904
196644962304
294967443456
442451165184
663676747776
995515121664
1032386052096
1548579078144
2322868617216
3484302925824
57076088832
114152177664
64210599936
72236924928
108355387392
162533081088
94076178997248
51539607552
77309411328
103079215104
154618822656
180388626432
270582939648
360777252864
541165879296
631360192512
947040288768
1262720385024
1894080577536
2209760673792
3314641010688
4419521347584
6629282021376
206158430208
309237645312
412316860416
618475290624
721554505728
1082331758592
1443109011456
2164663517184
2525440770048
3788161155072
5050881540096
7576322310144
8839042695168
13258564042752
17678085390336
26517128085504
824633720832
1236950581248
1649267441664
2473901162496
2886218022912
4329327034368
5772436045824
8658654068736
10101763080192
15152644620288
20203526160384
30305289240576
35356170780672
53034256171008
70712341561344
106068512342016
3298534883328
4947802324992
6597069766656
9895604649984
11544872091648
17317308137472
23089744183296
34634616274944
40407052320768
60610578481152
80814104641536
121221156962304
424274049368064
282849366245376
212137024684032
141424683122688
13194139533312
19791209299968
26388279066624
39582418599936
46179488366592
69269232549888
92358976733184
138538465099776
565698732490752
484884627849216
323256418566144
242442313924608
161628209283072
52776558133248
79164837199872
105553116266496
158329674399744
646512837132288
554153860399104
369435906932736
277076930199552
184717953466368
844424930131968
738871813865472
633318697598976
422212465065984
316659348799488
211106232532992
57982058496
86973087744
115964116992
173946175488
202937204736
304405807104
405874409472
608811614208
710280216576
1420560433152
2485980758016
4971961516032
231928233984
347892350976
463856467968
695784701952
811748818944
1217623228416
1623497637888
2435246456832
2841120866304
5682241732608
9943923032064
19887846064128
927712935936
1391569403904
1855425871872
2783138807808
3246995275776
4870492913664
6493990551552
9740985827328
11364483465216
22728966930432
39775692128256
79551384256512
3710851743744
5566277615616
7421703487488
11132555231232
12987981103104
19481971654656
25975962206208
38963943309312
45457933860864
90915867721728
318205537026048
159102768513024
14843406974976
22265110462464
29686813949952
44530220924928
51951924412416
77927886618624
103903848824832
155855773237248
636411074052096
363663470886912
181831735443456
59373627899904
89060441849856
118747255799808
178120883699712
727326941773824
623423092948992
415615395299328
311711546474496
207807697649664
949978046398464
831230790598656
712483534798848
474989023199232
356241767399424
237494511599616
65229815808
97844723712
130459631616
195689447424
228304355328
456608710656
260919263232
391378894848
521838526464
782757789696
913217421312
1826434842624
1043677052928
1565515579392
2087354105856
3131031158784
3652869685248
7305739370496
4174708211712
6262062317568
8349416423424
12524124635136
14611478740992
29222957481984
16698832846848
25048249270272
33397665693696
50096498540544
58445914963968
116891829927936
66795331387392
100192997081088
133590662774784
200385994162176
467567319711744
233783659855872
1068725302198272
935134639423488
801543976648704
534362651099136
400771988324352
267181325549568
73383542784
110075314176
146767085568
220150628352
293534171136
440301256704
587068342272
880602513408
1174136684544
1761205026816
2348273369088
3522410053632
4696546738176
7044820107264
9393093476352
14089640214528
18786186952704
28179280429056
37572373905408
56358560858112
75144747810816
112717121716224
150289495621632
225434243432448
1202315964973056
901736973729792
601157982486528
450868486864896
300578991243264
82556485632
123834728448
185752092672
278628139008
417942208512
626913312768
165112971264
247669456896
330225942528
495338913792
660451885056
990677827584
1320903770112
1981355655168
2641807540224
3962711310336
5283615080448
7925422620672
10567230160896
15850845241344
21134460321792
31701690482688
42268920643584
63403380965376
84537841287168
126806761930752
169075682574336
253613523861504
1352605460594688
1014454095446016
676302730297344
507227047723008
338151365148672
371504185344
557256278016
835884417024
1253826625536
743008370688
1114512556032
1486016741376
2229025112064
2972033482752
4458050224128
5944066965504
8916100448256
11888133931008
17832200896512
23776267862016
35664401793024
47552535724032
71328803586048
95105071448064
142657607172096
190210142896128
285315214344192
1521681143169024
1141260857376768
760840571584512
570630428688384
380420285792256
1671768834048
2507653251072
3343537668096
5015306502144
6687075336192
10030613004288
13374150672384
20061226008576
26748301344768
40122452017152
53496602689536
80244904034304
106993205379072
160489808068608
213986410758144
320979616137216
1711891286065152
1283918464548864
855945643032576
641959232274432
427972821516288
105835701371904
141114268495872
211671402743808
120955087282176
846685610975232
423342805487616
282228536991744
120367356051456
180551034077184
240734712102912
361102068154368
1925877696823296
1444408272617472
962938848411648
722204136308736
481469424205824
178597746065088
119065164043392
158753552057856
238130328086784
136074473192448
181432630923264
272148946384896
952521312347136
635014208231424
476260656173568
317507104115712
155513683648512
1270028416462848
1088595785539584
544297892769792
362865261846528
135413275557888
203119913336832
270826551115776
406239826673664
2166612408926208
1624959306694656
1083306204463104
812479653347328
541653102231552
229625673512256
153083782341504
204111709788672
306167564683008
1071586476390528
714390984260352
535793238195264
357195492130176
174952894104576
233270525472768
349905788209152
1428781968520704
1224670258732032
816446839154688
612335129366016
408223419577344
199946164690944
1632893678309376
1399623152836608
699811576418304
466541050945536
152339935002624
228509902503936
304679870005248
457019805007872
2437438960041984
1828079220031488
1218719480020992
914039610015744
609359740010496
295233008801472
196822005867648
262429341156864
393644011735296
1607379714585792
1377754041073536
918502694049024
688877020536768
459251347024512
224939435277312
299919247036416
449878870554624
1837005388098048
1574576046941184
1049717364627456
787288023470592
524858682313728
171382426877952
257073640316928
342764853755904
514147280633856
2099434729254912
1799515482218496
899757741109248
599838494072832
2742118830047232
2056589122535424
1371059415023616
1028294561267712
685529707511808
379585297030464
253056864686976
337409152915968
506113729373952
2066631061610304
1771398052808832
1180932035205888
885699026404416
590466017602944
192805230237696
289207845356544
385610460475392
578415690713088
2361864070411776
2024454917495808
1349636611663872
1012227458747904
674818305831936
3084883683803136
2699273223327744
2313662762852352
1542441841901568
1156831381426176
771220920950784
216905884017408
488038239039168
325358826026112
433811768034816
650717652052224
2657097079213248
2277511782182784
1518341188121856
1138755891091392
759170594060928
3470494144278528
3036682376243712
2602870608208896
1735247072139264
1301435304104448
867623536069632
4392344151352512
3904305912313344
3416267673274176
2928229434235008
1952152956156672
1464114717117504
976076478078336
23612624896
35418937344
53128406016
79692609024
119538913536
179308370304
403443833184
268962555456
47225249792
70837874688
82644187136
123966280704
185949421056
278924131584
418386197376
941368944096
627579296064
165288374272
247932561408
289254654976
433881982464
650822973696
976234460544
2196527536224
1464351690816
578509309952
867763964928
1012391292416
1518586938624
2277880407936
5125230917856
3416820611904
2024782584832
3037173877248
3543369523456
5315054285184
11958872141664
7972581427776
7086739046912
10630108570368
12401793332096
27904034997216
18602689998144
24803586664192
37205379996288
151921968318176
130218829987008
86812553324672
65109414993504
43406276662336
3333197952
4999796928
7499695392
11249543088
16874314632
25311471948
56950811883
37967207922
6666395904
11666192832
17499289248
26248933872
39373400808
59060101212
132885227727
88590151818
23332385664
40831674912
61247512368
91871268552
137806902828
310065531363
206710354242
81663349824
142910862192
214366293288
321549439932
723486239847
482324159898
285821724384
500188017672
750282026508
1688134559643
1125423039762
1000376035344
1750658061852
3938980639167
2625987092778
3501316123704
21445561257687
12254606432964
9190954824723
6127303216482
26985857024
40478785536
53971714048
80957571072
94450499584
141675749376
188900999168
283351498752
330576748544
495865122816
661153497088
991730245632
1157018619904
1735527929856
2314037239808
3471055859712
4049565169664
6074347754496
8099130339328
12148695508992
14173478093824
21260217140736
28346956187648
42520434281472
173625106649344
148821519985152
99214346656768
74410759992576
49607173328384
30359089152
45538633728
68307950592
102461925888
153692888832
230539333248
518713499808
345808999872
60718178304
91077267456
106256812032
159385218048
239077827072
358616740608
537925110912
1210331499552
806887666368
212513624064
318770436096
371898842112
557848263168
836772394752
1255158592128
2824106832288
1882737888192
743797684224
1115696526336
1301645947392
1952468921088
2928703381632
6589582608672
4393055072448
2603291894784
3904937842176
4555760815872
6833641223808
15375692753568
10250461835712
9111521631744
13667282447616
15945162855552
35876616424992
23917744283328
31890325711104
47835488566656
195328244980512
167424209983296
111616139988864
83712104991648
55808069994432
3809369088
7618738176
13332791808
26665583616
46664771328
93329542656
163326699648
326653399296
24509212865928
7002632247408
15237476352
30474952704
53331167232
106662334464
186659085312
373318170624
653306798592
1306613597184
60949905408
121899810816
213324668928
426649337856
746636341248
1493272682496
2613227194368
5226454388736
243799621632
10452908777472
30840979456
46261469184
61681958912
92522938368
107943428096
161915142144
215886856192
323830284288
377801998336
566702997504
755603996672
1133405995008
1322306994176
1983460491264
2644613988352
3966920982528
4628074479616
6942111719424
9256148959232
13884223438848
16198260678656
24297391017984
32396521357312
48594782035968
198428693313536
170081737125888
113387824750592
85040868562944
56693912375296
34696101888
69392203776
121436356608
242872713216
425027248128
850054496256
1487595368448
2975190736896
5206583789568
10413167579136
18223043263488
36446086526976
223232279977728
127561302844416
63780651422208
138784407552
485745426432
1700108992512
5950381473792
20826335158272
255122605688832
145784346107904
72892173053952
2857026816
9999593856
34998578496
122495024736
428732586576
1500564053016
18381909649446
5251974185556
4285540224
6428310336
9642465504
14463698256
21695547384
32543321076
73222472421
48814981614
14999390784
22499086176
33748629264
50622943896
75934415844
170852435649
113901623766
52497867744
78746801616
118120202424
177180303636
398655683181
265770455454
183742537104
275613805656
413420708484
930196594089
620131062726
643098879864
964648319796
2170458719541
1446972479694
2250846079524
5064403678929
3376269119286
27572864474169
11816941917501
7877961278334
39033114624
58549671936
87824507904
131736761856
197605142784
296407714176
666917356896
444611571264
136615901184
204923851776
307385777664
461078666496
691617999744
1556140499424
1037426999616
478155654144
717233481216
1075850221824
1613775332736
3630994498656
2420662999104
1673544789504
2510317184256
3765475776384
8472320496864
5648213664576
5857406763264
8786110144896
19768747826016
13179165217344
20500923671424
46127078260704
30751385507136
251136314974944
215259698549952
107629849274976
71753232849984
35246833664
52870250496
79305375744
118958063616
178437095424
267655643136
70493667328
105740500992
123363917824
185045876736
277568815104
246727835648
370091753472
431773712384
647660568576
971490852864
863547424768
1295321137152
1511207993344
2266811990016
3400217985024
3022415986688
4533623980032
5289227976704
7933841965056
11900762947584
10578455953408
15867683930112
18512297918464
41652670316544
27768446877696
37024595836928
55536893755392
226775649501184
194379128143872
129586085429248
97189564071936
64793042714624
158610751488
237916127232
356874190848
535311286272
555137630208
1942981705728
6800435970048
23801525895168
291568692215808
166610681266176
83305340633088
3673320192
7346640384
23633883835002
14693280768
29386561536
58773123072
117546246144
235092492288
470184984576
940369969152
1880739938304
3761479876608
7522959753216
60183678025728
30091839012864
15045919506432
5509980288
8264970432
12397455648
18596183472
27894275208
41841412812
94143178827
62762119218
11019960576
16529940864
219667417263
146444944842
512557306947
341704871298
1195967049543
797311366362
2790589782267
1860393188178
6511376158623
4340917439082
35450825752503
30386422073574
15193211036787
10128807357858
22039921152
33059881728
44079842304
66119763456
88159684608
132239526912
176319369216
264479053824
352638738432
528958107648
705277476864
1057916215296
1410554953728
2115832430592
2821109907456
4231664861184
5642219814912
8463329722368
11284439629824
16926659444736
90275517038592
67706637778944
45137758519296
33853318889472
22568879259648
24794911296
37192366944
55788550416
83682825624
125524238436
282429536481
188286357654
49589822592
74384733888
659002251789
439334834526
1537671920841
1025114613894
3587901148629
2391934099086
8371769346801
5581179564534
45579633110361
39068256951738
19534128475869
13022752317246
99179645184
148769467776
198359290368
297538935552
396718580736
595077871104
793437161472
1190155742208
1586874322944
2380311484416
3173748645888
4760622968832
6347497291776
9521245937664
12694994583552
19042491875328
101559956668416
76169967501312
50779978334208
38084983750656
25389989167104
111577100832
167365651248
251048476872
376572715308
847288609443
564859072962
223154201664
334731302496
1977006755367
1318004503578
4613015762523
3075343841682
10763703445887
7175802297258
58602385427607
50230616080806
25115308040403
16743538693602
446308403328
669462604992
892616806656
1338925209984
1785233613312
2677850419968
3570467226624
5355700839936
7140934453248
10711401679872
14281868906496
21422803359744
114254951251968
85691213438976
57127475625984
42845606719488
28563737812992
502096953744
753145430616
1129718145924
2541865828329
1694577218886
1004193907488
1506290861232
5931020266101
3954013510734
13839047287569
9226031525046
75345924121209
64582220675322
32291110337661
21527406891774
2008387814976
3012581722464
4016775629952
6025163444928
8033551259904
12050326889856
16067102519808
24100653779712
128536820158464
96402615118848
64268410079232
48201307559424
32134205039616
2259436291848
3389154437772
7625597484987
5083731656658
4518872583696
6778308875544
17793060798303
11862040532202
96873331012983
83034283725414
41517141862707
27678094575138
9037745167392
13556617751088
18075490334784
27113235502176
144603922678272
108452942008704
72301961339136
54226471004352
36150980669568
10167463313316
22876792454961
15251194969974
20334926626632
30502389939948
124551425588121
106758364789818
53379182394909
35586121596606
162679413013056
122009559759792
81339706506528
61004779879896
40669853253264
205891132094649
183014339639688
160137547184727
137260754729766
91507169819844
68630377364883
45753584909922
50185433088
75278149632
112917224448
169375836672
254063755008
381095632512
571643448768
100370866176
150556299264
2000752070688
1333834713792
4668421498272
3112280998848
10892983495968
7261988997312
25416961490592
16944640993728
59306243478048
39537495652032
322889547824928
276762469564224
138381234782112
92254156521408
200741732352
301112598528
401483464704
602225197056
802966929408
1204450394112
2408900788224
225834448896
338751673344
508127510016
762191265024
1143286897536
451668897792
677503346688
4001504141376
14005264494816
9336842996544
32678950487904
21785966991936
76250884471776
50833922981184
415143704346336
355837460868288
177918730434144
118612486956096
903337795584
1355006693376
1806675591168
2710013386752
3613351182336
5420026773504
1016255020032
1524382530048
2286573795072
2032510040064
3048765060096
28010528989632
98036851463712
65357900975808
533756191302432
457505306830656
228752653415328
152501768943552
4065020080128
6097530120192
8130040160256
12195060240384
24390120480768
4573147590144
9146295180288
126047380453344
84031586968896
686257960245984
588221108782272
294110554391136
196073702927424
18292590360576
36585180721152
73170361442304
109755542163456
219511084326912
162060917725728
108040611817152
882331663173408
756284282720064
378142141360032
252094760906688
82316656622592
123474984933888
164633313245184
246949969867776
987799879471104
658533252980736
493899939735552
329266626490368
92606238700416
208364037075936
138909358050624
185212477400832
277818716101248
1134426424080096
972365506354368
486182753177184
324121835451456
1481699819206656
1111274864404992
740849909603328
555637432202496
370424954801664
1875276333683424
1666912296607488
1458548259531552
1250184222455616
833456148303744
625092111227808
416728074151872
40282095616
60423143424
90634715136
135952072704
203928109056
305892163584
688257368064
458838245376
80564191232
120846286848
140987334656
211481001984
317221502976
475832254464
713748381696
1605933858816
1070622572544
281974669312
422962003968
493455671296
740183506944
1110275260416
986911342592
1480367013888
1727094849536
2590642274304
3885963411456
3454189699072
5181284548608
6044831973376
9067247960064
13600871940096
12089663946752
18134495920128
21156911906816
47603051790336
31735367860224
42313823813632
63470735720448
259172170858496
222147575021568
148098383347712
111073787510784
74049191673856
161128382464
241692573696
322256764928
483385147392
563949338624
845924007936
1127898677248
1691848015872
1973822685184
2960734027776
3947645370368
5921468055552
6908379398144
10362569097216
13816758796288
20725138194432
24179327893504
36268991840256
48358655787008
72537983680512
296196766695424
253882942881792
169255295254528
126941471440896
84627647627264
644513529856
966770294784
1289027059712
1933540589568
2255797354496
3383696031744
4511594708992
6767392063488
7895290740736
11842936111104
15790581481472
23685872222208
27633517592576
41450276388864
55267035185152
82900552777728
338510590509056
290151934722048
193434623148032
145075967361024
96717311574016
2578054119424
3867081179136
5156108238848
7734162358272
9023189417984
13534784126976
18046378835968
27069568253952
31581162962944
47371744444416
63162325925888
94743488888832
386869246296064
331602211110912
221068140740608
165801105555456
110534070370304
10312216477696
15468324716544
20624432955392
30936649433088
36092757671936
54139136507904
72185515343872
108278273015808
442136281481216
378973955555328
252649303703552
189486977777664
126324651851776
41248865910784
61873298866176
82497731821568
123746597732352
505298607407104
433113092063232
288742061375488
216556546031616
144371030687744
659981854572544
577484122750976
494986390929408
329990927286272
247493195464704
164995463643136
181269430272
271904145408
407856218112
611784327168
362538860544
543808290816
634443005952
951664508928
1427496763392
2141245145088
1268886011904
1903329017856
2220550520832
4441101041664
7771926822912
15543853645824
27201743880192
54403487760384
333221362532352
190412207161344
95206103580672
725077721088
1087616581632
1450155442176
2175233163264
2537772023808
3806658035712
5075544047616
7613316071424
8882202083328
17764404166656
31087707291648
62175414583296
380824414322688
217613951041536
108806975520768
2900310884352
4350466326528
5800621768704
8700932653056
10151088095232
15226632142848
20302176190464
30453264285696
35528808333312
71057616666624
435227902083072
248701658333184
124350829166592
11601243537408
17401865306112
23202487074816
34803730612224
40604352380928
60906528571392
81208704761856
121813057142784
497403316666368
284230466666496
142115233333248
46404974149632
69607461224448
92809948299264
139214922448896
568460933332992
487252228571136
324834819047424
243626114285568
162417409523712
742479586394112
649669638094848
556859689795584
371239793197056
278429844897792
185619896598528
66588770304
99883155456
133177540608
199766310912
233060696064
349591044096
466121392128
699182088192
815712436224
1223568654336
1631424872448
2447137308672
2854993526784
4282490290176
5709987053568
8564980580352
266355081216
399532621824
532710162432
799065243648
932242784256
1398364176384
1864485568512
2796728352768
3262849744896
4894274617344
6525699489792
9788549234688
11419974107136
17129961160704
22839948214272
34259922321408
1065420324864
1598130487296
2130840649728
3196260974592
3728971137024
5593456705536
7457942274048
11186913411072
13051398979584
19577098469376
26102797959168
39154196938752
45679896428544
68519844642816
91359792857088
137039689285632
4261681299456
6392521949184
8523362598912
12785043898368
14915884548096
22373826822144
29831769096192
44747653644288
52205595918336
78308393877504
104411191836672
156616787755008
548158757142528
365439171428352
274079378571264
182719585714176
17046725197824
25570087796736
34093450395648
51140175593472
59663538192384
89495307288576
119327076384768
178990614577152
730878342856704
626467151020032
417644767346688
313233575510016
208822383673344
68186900791296
102280351186944
136373801582592
204560702373888
835289534693376
715962458308608
477308305539072
357981229154304
238654152769536
1090990412660736
954616611078144
818242809495552
545495206330368
409121404747776
272747603165184
74912366592
112368549888
168552824832
252829237248
379243855872
568865783808
853298675712
149824733184
224737099776
262193283072
393289924608
589934886912
884902330368
1327353495552
2986545364992
1991030243328
524386566144
786579849216
917676490752
1376514736128
2064772104192
3097158156288
6968605851648
4645737234432
1835352981504
2753029472256
3211867717632
4817801576448
7226702364672
16260080320512
10840053547008
6423735435264
9635603152896
85614133248
128421199872
171228266496
256842399744
299649466368
449474199552
599298932736
898948399104
1048773132288
1573159698432
2097546264576
3146319396864
3670705963008
5506058944512
7341411926016
11012117889024
12847470870528
19271206305792
25694941741056
38542412611584
342456532992
513684799488
684913065984
1027369598976
1198597865472
1797896798208
2397195730944
3595793596416
4195092529152
6292638793728
8390185058304
12585277587456
14682823852032
22024235778048
29365647704064
44048471556096
51389883482112
77084825223168
102779766964224
154169650446336
1369826131968
2054739197952
2739652263936
4109478395904
4794391461888
7191587192832
9588782923776
14383174385664
16780370116608
25170555174912
33560740233216
50341110349824
58731295408128
88096943112192
117462590816256
176193886224384
616678601785344
411119067856896
308339300892672
205559533928448
5479304527872
8218956791808
10958609055744
16437913583616
19177565847552
28766348771328
38355131695104
57532697542656
67121480466432
100682220699648
134242960932864
201364441399296
822238135713792
704775544897536
469850363265024
352387772448768
234925181632512
21917218111488
32875827167232
43834436222976
65751654334464
76710263390208
115065395085312
153420526780416
230130790170624
939700726530048
805457765597184
536971843731456
402728882798592
268485921865728
87668872445952
131503308668928
175337744891904
263006617337856
1073943687462912
920523160682496
613682107121664
460261580341248
306841053560832
1402701959135232
1227364214243328
1052026469351424
701350979567616
526013234675712
350675489783808
96315899904
144473849856
216710774784
325066162176
487599243264
192631799808
288947699712
337105649664
505658474496
758487711744
1137731567616
1706597351424
674211299328
1011316948992
1179869773824
1769804660736
2654706991104
3982060486656
5973090729984
2359739547648
3539609321472
4129544208384
6194316312576
9291474468864
20905817554944
13937211703296
8259088416768
12388632625152
14453404729344
21680107094016
48780240961536
32520160641024
28906809458688
43360214188032
385263599616
577895399424
770527199232
1155790798848
1348422598656
2022633897984
2696845197312
4045267795968
4719479095296
7079218642944
9438958190592
14158437285888
16518176833536
24777265250304
33036353667072
49554530500608
57813618917376
86720428376064
115627237834752
173440856752128
1541054398464
2311581597696
3082108796928
4623163195392
5393690394624
8090535591936
10787380789248
16181071183872
18877916381184
28316874571776
37755832762368
56633749143552
66072707334144
99109061001216
132145414668288
198218122002432
693763427008512
462508951339008
346881713504256
231254475669504
6164217593856
9246326390784
12328435187712
18492652781568
21574761578496
32362142367744
43149523156992
64724284735488
75511665524736
113267498287104
151023331049472
226534996574208
925017902678016
792872488009728
528581658673152
396436244004864
264290829336576
24656870375424
36985305563136
49313740750848
73970611126272
86299046313984
129448569470976
172598092627968
258897138941952
1057163317346304
906139986296832
604093324197888
453069993148416
302046662098944
98627481501696
147941222252544
197254963003392
295882444505088
1208186648395776
1035588555767808
690392370511872
517794277883904
345196185255936
1578039704027136
1380784741023744
1183529778020352
789019852013568
591764889010176
394509926006784
433421549568
650132324352
975198486528
866843099136
1300264648704
1516975423488
2275463135232
3413194702848
3033950846976
4550926270464
5309413982208
7964120973312
11946181459968
10618827964416
15928241946624
18582948937728
27874423406592
41811635109888
37165897875456
55748846813184
65040321282048
146340722884608
97560481923072
130080642564096
195120963846144
1733686198272
2600529297408
3467372396544
5201058594816
6067901693952
9101852540928
12135803387904
18203705081856
21237655928832
31856483893248
42475311857664
63712967786496
74331795750912
111497693626368
148663591501824
222995387252736
780483855384576
520322570256384
390241927692288
260161285128192
6934744793088
10402117189632
13869489586176
20804234379264
24271606775808
36407410163712
48543213551616
72814820327424
84950623715328
127425935572992
169901247430656
254851871145984
1040645140512768
891981549010944
594654366007296
445990774505472
297327183003648
27738979172352
41608468758528
55477958344704
83216937517056
97086427103232
145629640654848
194172854206464
291259281309696
1189308732014592
1019407484583936
679604989722624
509703742291968
339802494861312
110955916689408
166433875034112
221911833378816
332867750068224
1359209979445248
1165037125238784
776691416825856
582518562619392
388345708412928
1775294667030528
1553382833651712
1331471000272896
887647333515264
665735500136448
443823666757632
1950396973056
3900793946112
6826389405696
13652778811392
23892362919936
47784725839872
83623270219776
188152357994496
125434905329664
167246540439552
250869810659328
878044337307648
585362891538432
439022168653824
292681445769216
7801587892224
15603175784448
27305557622784
54611115245568
95569451679744
143354177519616
191138903359488
286708355039232
1170725783076864
1003479242637312
668986161758208
501739621318656
334493080879104
31206351568896
62412703137792
109222230491136
163833345736704
218444460982272
327666691473408
1337972323516416
1146833420156928
764555613437952
573416710078464
382277806718976
124825406275584
187238109413376
249650812551168
374476218826752
1529111226875904
1310666765893632
873777843929088
655333382946816
436888921964544
1997206500409344
1747555687858176
1497904875307008
998603250204672
748952437653504
499301625102336
107515633139712
241910174564352
161273449709568
215031266279424
322546899419136
1317066505961472
1128914147966976
752609431977984
564457073983488
376304715988992
122875009302528
184312513953792
245750018605056
368625027907584
1505218863955968
1290187597676544
860125065117696
645093798838272
430062532558848
140428582060032
210642873090048
280857164120064
421285746180096
1720250130235392
1474500111630336
983000074420224
737250055815168
491500037210112
2246857312960512
1966000148840448
1685142984720384
1123428656480256
842571492360192
561714328240128
138234385465344
311027367297024
207351578198016
276468770930688
414703156396032
1693371221950464
1451461047386112
967640698257408
725730523693056
483820349128704
157982154817536
236973232226304
315964309635072
473946464452608
1935281396514816
1658812625584128
1105875083722752
829406312792064
552937541861376
2527714477080576
2211750167445504
1895785857810432
1263857238540288
947892928905216
631928619270144
177729924169728
399892329381888
266594886254592
355459848339456
533189772509184
2177191571079168
1866164203782144
1244109469188096
933082101891072
622054734594048
2843678786715648
2488218938376192
2132759090036736
1421839393357824
1066379545018368
710919696678912
3599030964436992
3199138635055104
2799246305673216
2399353976291328
1599569317527552
1199676988145664
799784658763776
52044152832
78066229248
117099343872
175649015808
263473523712
395210285568
889223142528
592815428352
104088305664
156132458496
182154534912
273231802368
409847703552
614771555328
922157332992
2074853999232
1383235999488
364309069824
546463604736
637540872192
956311308288
1434466962432
2151700443648
4841325998208
3227550665472
1275081744384
1912622616576
2231393052672
3347089579008
5020634368512
11296427329152
7530951552768
4462786105344
6694179158016
7809875684352
11714813526528
26358330434688
17572220289792
15619751368704
23429627053056
27334564895232
61502771014272
41001847342848
54669129790464
82003694685696
334848419966592
287012931399936
191341954266624
143506465699968
95670977133312
208176611328
312264916992
416353222656
624529833984
728618139648
1092927209472
1457236279296
2185854418944
2550163488768
3825245233152
5100326977536
7650490466304
8925572210688
13388358316032
17851144421376
26776716632064
31239502737408
46859254106112
62479005474816
93718508212224
382683908533248
328014778742784
218676519161856
164007389371392
109338259580928
832706445312
1249059667968
1665412890624
2498119335936
2914472558592
4371708837888
5828945117184
8743417675776
10200653955072
15300980932608
20401307910144
30601961865216
35702288842752
53553433264128
71404577685504
107106866528256
437353038323712
374874032848896
249916021899264
187437016424448
124958010949632
3330825781248
4996238671872
6661651562496
9992477343744
11657890234368
17486835351552
23315780468736
34973670703104
40802615820288
61203923730432
81605231640576
122407847460864
499832043798528
428427466113024
285618310742016
214213733056512
142809155371008
13323303124992
19984954687488
26646606249984
39969909374976
46631560937472
69947341406208
93263121874944
139894682812416
571236621484032
489631389843456
326420926562304
244815694921728
163210463281152
53293212499968
79939818749952
106586424999936
159879637499904
652841853124608
559578731249664
373052487499776
279789365624832
186526243749888
852691399999488
746104974999552
639518549999616
426345699999744
319759274999808
213172849999872
234198687744
351298031616
526947047424
790420571136
1185630856704
2667669427584
1778446285056
468397375488
702596063232
819695407104
1229543110656
1844314665984
2766471998976
6224561997696
4149707998464
1639390814208
2459086221312
2868933924864
4303400887296
6455101330944
14523977994624
9682651996416
5737867849728
8606801774592
10041268737024
15061903105536
33889281987456
22592854658304
20082537474048
30123806211072
35144440579584
79074991304064
52716660869376
70288881159168
105433321738752
430519397099904
369016626085632
246011084057088
184508313042816
123005542028544
936794750976
1405192126464
1873589501952
2810384252928
3278781628416
4918172442624
6557563256832
9836344885248
11475735699456
17213603549184
22951471398912
34427207098368
40165074948096
60247612422144
80330149896192
120495224844288
492022168114176
421733286955008
281155524636672
210866643477504
140577762318336
3747179003904
5620768505856
7494358007808
11241537011712
13115126513664
19672689770496
26230253027328
39345379540992
45902942797824
68854414196736
91805885595648
137708828393472
562311049273344
481980899377152
321320599584768
240990449688576
160660299792384
14988716015616
22483074023424
29977432031232
44966148046848
52460506054656
78690759081984
104921012109312
157381518163968
642641199169536
550835313573888
367223542382592
275417656786944
183611771191296
59954864062464
89932296093696
119909728124928
179864592187392
734447084765184
629526072655872
419684048437248
314763036327936
209842024218624
959277824999424
839368096874496
719458368749568
479638912499712
359729184374784
239819456249856
1053894094848
1580841142272
2371261713408
3556892570112
8003008282752
5335338855168
2107788189696
3161682284544
3688629331968
5532943997952
8299415996928
18673685993088
12449123995392
7377258663936
11065887995904
12910202661888
19365303992832
43571933983872
29047955989248
25820405323776
38730607985664
45185709316608
101667845962368
67778563974912
90371418633216
135557127949824
553524939128448
474449947824384
316299965216256
237224973912192
158149982608128
4215576379392
6323364569088
8431152758784
12646729138176
14754517327872
22131775991808
29509034655744
44263551983616
51640810647552
77461215971328
103281621295104
154922431942656
632599930432512
542228511799296
361485674532864
271114255899648
180742837266432
16862305517568
25293458276352
33724611035136
50586916552704
59018069311488
88527103967232
118036138622976
177054207934464
722971349065728
619689727770624
413126485180416
309844863885312
206563242590208
67449222070272
101173833105408
134898444140544
202347666210816
826252970360832
708216831737856
472144554491904
354108415868928
236072277245952
1079187553124352
944289108983808
809390664843264
539593776562176
404695332421632
269796888281088
4742523426816
7113785140224
10670677710336
16006016565504
9485046853632
14227570280448
16598831993856
24898247990784
56021057979264
37347371986176
33197663987712
49796495981568
58095911978496
130715801951616
87143867967744
116191823956992
174287735935488
711674921736576
610007075774208
406671383849472
305003537887104
203335691924736
18970093707264
28455140560896
37940187414528
56910281121792
66395327975424
99592991963136
132790655950848
199185983926272
813342767698944
697150943741952
464767295827968
348575471870976
232383647913984
75880374829056
113820562243584
151760749658112
227641124487168
929534591655936
796743935705088
531162623803392
398371967852544
265581311901696
1214085997264896
1062325247606784
910564497948672
607042998632448
455282248974336
303521499316224
21341355420672
32012033131008
72027074544768
42682710841344
64024066262016
74694743972352
168063173937792
112042115958528
149389487944704
224084231917056
915010613661312
784294811709696
522863207806464
392147405854848
261431603903232
85365421682688
128048132524032
170730843365376
256096265048064
1045726415612928
896336927668224
597557951778816
448168463834112
298778975889408
1365846746923008
1195115903557632
1024385060192256
682923373461504
512192530096128
341461686730752
96036099393024
216081223634304
144054149089536
192072198786048
288108298179072
1176442217564544
1008379043626752
672252695751168
504189521813376
336126347875584
1536577590288384
1344505391502336
1152433192716288
768288795144192
576216596358144
384144397572096
1944731012708736
1728649789074432
1512568565440128
1296487341805824
864324894537216
648243670902912
432162447268608
5714053632
8571080448
12856620672
19284931008
28927396512
43391094768
97629963228
65086642152
11428107264
17142160896
19999187712
29998781568
44998172352
67497258528
101245887792
227803247532
151868831688
39998375424
59997563136
69997156992
104995735488
157493603232
236240404848
531540910908
354360607272
139994313984
209991470976
244990049472
367485074208
551227611312
1240262125452
826841416968
489980098944
734970148416
857465173152
1286197759728
2893944959388
1929296639592
1714930346304
2572395519456
3001128106032
6752538238572
4501692159048
6002256212064
9003384318096
36763819298892
31511845113336
21007896742224
15755922556668
10503948371112
22856214528
34284321792
45712429056
68568643584
79996750848
119995126272
159993501696
239990252544
279988627968
419982941952
559977255936
839965883904
979960197888
1469940296832
1959920395776
2939880593664
3429860692608
5144791038912
6859721385216
10289582077824
42015793484448
36013537272384
24009024848256
18006768636192
12004512424128
91424858112
137137287168
182849716224
274274574336
319987003392
479980505088
639974006784
959961010176
1119954511872
1679931767808
2239909023744
3359863535616
3919840791552
5879761187328
7839681583104
11759522374656
48018049696512
41158328311296
27438885540864
20579164155648
13719442770432
365699432448
548549148672
731398864896
1097098297344
1279948013568
1919922020352
2559896027136
3839844040704
4479818047488
6719727071232
8959636094976
13439454142464
54877771081728
47038089498624
31358726332416
23519044749312
15679363166208
1462797729792
2194196594688
2925595459584
4388393189376
5119792054272
7679688081408
10239584108544
15359376162816
62717452664832
53757816569856
35838544379904
26878908284928
17919272189952
5851190919168
8776786378752
11702381838336
17553572757504
71677088759808
61437504651264
40958336434176
30718752325632
20479168217088
93619054706688
81916672868352
70214291030016
46809527353344
35107145515008
23404763676672
25713241344
38569862016
57854793024
86782189536
130173284304
292889889684
195259926456
51426482688
77139724032
89996344704
134994517056
202491775584
303737663376
683409742596
455606495064
179992689408
269989034112
314987206464
472480809696
708721214544
1594622732724
1063081821816
629974412928
944961619392
1102455222624
1653682833936
3720786376356
2480524250904
2204910445248
3307365667872
3858593279184
8681834878164
5787889918776
7717186558368
11575779837552
47267767670004
40515229431432
27010152954288
20257614715716
13505076477144
102852965376
154279448064
205705930752
308558896128
359985378816
539978068224
719970757632
1079956136448
1259948825856
1889923238784
2519897651712
3779846477568
4409820890496
6614731335744
8819641780992
13229462671488
54020305908576
46303119350208
30868746233472
23151559675104
15434373116736
411411861504
617117792256
822823723008
1234235584512
1439941515264
2159912272896
2879883030528
4319824545792
5039795303424
7559692955136
10079590606848
15119385910272
61737492466944
52917850685952
35278567123968
26458925342976
17639283561984
1645647446016
2468471169024
3291294892032
4936942338048
5759766061056
8639649091584
11519532122112
17279298183168
70557134247936
60477543641088
40318362427392
30238771820544
20159181213696
6582589784064
9873884676096
13165179568128
19747769352192
80636724854784
69117192732672
46078128488448
34558596366336
23039064244224
105321436545024
92156256976896
78991077408768
52660718272512
39495538704384
26330359136256
115709586048
173564379072
260346568608
390519852912
878669669052
585779779368
231419172096
347128758144
404983551168
607475326752
911212990128
2050229227788
1366819485192
809967102336
1214950653504
1417442429088
2126163643632
4783868198172
3189245465448
2834884858176
4252327287264
4961048501808
11162359129068
7441572752712
9922097003616
14883145505424
60772844147148
52091009268984
34727339512656
26045504634492
17363669756328
462838344192
694257516288
925676688384
1388515032576
1619934204672
2429901307008
3239868409344
4859802614016
5669769716352
8504654574528
11339539432704
17009309149056
69454679025312
59532582021696
39688388014464
29766291010848
19844194007232
1851353376768
2777030065152
3702706753536
5554060130304
6479736818688
9719605228032
12959473637376
19439210456064
79376776028928
68037236596224
45358157730816
34018618298112
22679078865408
7405413507072
11108120260608
14810827014144
22216240521216
90716315461632
77756841824256
51837894549504
38878420912128
25918947274752
118486616113152
103675789099008
88864962084864
59243308056576
44432481042432
29621654028288
520693137216
781039705824
1171559558736
2636009007156
1757339338104
1041386274432
1562079411648
1822425980256
2733638970384
6150687683364
4100458455576
3644851960512
5467277940768
6378490930896
14351604594516
9567736396344
12756981861792
19135472792688
78136513903476
66974154774408
44649436516272
33487077387204
22324718258136
2082772548864
3124158823296
4165545097728
6248317646592
7289703921024
10934555881536
14579407842048
21869111763072
89298873032544
76541891170752
51027927447168
38270945585376
25513963723584
8331090195456
12496635293184
16662180390912
24993270586368
102055854894336
87476447052288
58317631368192
43738223526144
29158815684096
133297443127296
116635262736384
99973082345472
66648721563648
49986541172736
33324360781824
2343119117472
3514678676208
7908027021468
5272018014312
4686238234944
7029357352416
8200916911152
18452063050092
12301375366728
16401833822304
24602750733456
100461232161612
86109627567096
57406418378064
43054813783548
28703209189032
9372476469888
14058714704832
18744952939776
28117429409664
114812836756128
98411002933824
65607335289216
49205501466912
32803667644608
149959623518208
131214670578432
112469717638656
74979811759104
56234858819328
37489905879552
10544036028624
23724081064404
15816054042936
21088072057248
31632108085872
129164441350644
110712378300552
73808252200368
55356189150276
36904126100184
168704576457984
147616504400736
126528432343488
84352288228992
63264216171744
42176144114496
213516729579636
189792648515232
166068567450828
142344486386424
94896324257616
71172243193212
47448162128808
