1977006755367
481036337152
541165879296
1562079411648
1757339338104
307385777664
643098879864
239077827072
723486239847
212513624064
185949421056
165288374272
144627327488
242872713216
215886856192
188900999168
473520144384
420906795008
562711519881
1214950653504
126548911552
162705743424
209193098688
268962555456
1537671920841
1366819485192
235342236024
142367525496
124571584809
110730297608
277568815104
500188017672
444611571264
317221502976
246727835648
281974669312
571643448768
322256764928
362538860544
734970148416
826841416968
930196594089
368293445632
414330126336
944961619392
1063081821816
1195967049543
2259436291848
549755813888
618475290624
2008387814976
2541865828329
16209796869
26795786661
20841167403
56950811883
73222472421
94143178827
839965883904
6947055801
653306798592
5403265623
10460353203
8135830269
2977309629
359985378816
2315685267
279988627968
1801088541
217768932864
18983603961
1388515032576
11483908569
1079956136448
8931928887
6327867987
3827969523
462838344192
395210285568
3268642167
24407490807
31381059609
282429536481
80387359983
62523502209
17795940687
170852435649
219667417263
3486784401
2109289329
2711943423
903981141
703096443
1162261467
234365481
8680203
3720087
9805926501
1594323
4782969
29417779503
103355177121
37822859361
4921675101
595077871104
12607619787
11160261
1400846643
169375836672
14348907
34451725707
508127510016
4202539929
1785233613312
14765025303
26040609
33480783
43046721
44295075909
78121827
100442349
129140163
132885227727
301327047
387420489
847288609443
206158430208
231928233984
669462604992
753145430616
131736761856
275613805656
102461925888
310065531363
91077267456
79692609024
70837874688
61983140352
104088305664
92522938368
80957571072
202937204736
180388626432
78447412008
88253338509
241162079949
520693137216
54235247808
69731032896
89654185152
148203857088
659002251789
585779779368
47455841832
118958063616
214366293288
187570506627
190547816256
166729339224
135952072704
41523861603
105740500992
120846286848
244990049472
138110042112
155373797376
314987206464
354360607272
398655683181
157840048128
177570054144
404983551168
455606495064
512557306947
1129718145924
274877906944
309237645312
892616806656
1004193907488
367485074208
136615901184
413420708484
121436356608
106256812032
94450499584
82644187136
138784407552
123363917824
107943428096
270582939648
240518168576
104596549344
117671118012
321549439932
694257516288
72313663744
92974710528
119538913536
153692888832
197605142784
878669669052
781039705824
134481277728
81352871712
71183762748
63274455776
158610751488
285821724384
250094008836
254063755008
222305785632
181269430272
55365148804
140987334656
161128382464
326653399296
184146722816
207165063168
419982941952
472480809696
531540910908
210453397504
236760072192
539978068224
607475326752
683409742596
1694577218886
412316860416
463856467968
1338925209984
1506290861232
551227611312
204923851776
620131062726
182154534912
159385218048
141675749376
123966280704
208176611328
185045876736
161915142144
405874409472
360777252864
156894824016
482324159898
1041386274432
108470495616
139462065792
179308370304
296407714176
1318004503578
1171559558736
94911683664
237916127232
428732586576
375141013254
381095632512
333458678448
271904145408
83047723206
211481001984
241692573696
489980098944
276220084224
310747594752
629974412928
708721214544
797311366362
315680096256
355140108288
809967102336
911212990128
1025114613894
341704871298
303737663376
269989034112
118380036096
105226698752
265770455454
236240404848
209991470976
103582531584
92073361408
163326699648
80564191232
70493667328
27682574402
90634715136
111152892816
127031877504
125047004418
142910862192
79305375744
31637227888
35591881374
40676435856
67240638864
390519852912
439334834526
98802571392
76846444416
59769456768
46487355264
36156831872
347128758144
160774719966
58835559006
52298274672
120259084288
135291469824
53971714048
61681958912
69392203776
41322093568
47225249792
53128406016
60718178304
206710354242
68307950592
183742537104
87824507904
502096953744
446308403328
154618822656
137438953472
564859072962
258280326
200884698
152202903552
1258815488
189621927936
1568294784
172186884
133177540608
1101463552
120932352
165919186944
1372257936
147483721728
1219784832
133923132
131096641536
1084253184
119042784
116530348032
963780608
105815808
129048256512
1067311728
114709561344
948721536
104162436
101964054528
843308032
92588832
100370866176
830131344
89218547712
737894528
4132485216
37639074816
3673320192
1610612736
78746801616
3214155168
29274835968
2857026816
26022076416
1387266048
114791256
89282088
79361856
69441624
1811939328
88590151818
2754990144
25092716544
1073741824
52497867744
2142770112
19516557312
924844032
86093442
76527504
60466176
66961566
59521392
52907904
52081218
46294416
1207959552
59060101212
2066242608
18819537408
1836660096
16728477696
96889010407
805306368
39373400808
1607077584
14637417984
1428513408
13011038208
877879296
693633024
57395628
51018336
44641044
39680928
34720812
905969664
33456955392
276710448
688747536
758487711744
6273179136
535692528
589934886912
4879139328
20253807
2448880128
1904684544
17348050944
229582512
252829237248
2091059712
178564176
196644962304
1626379776
25509168
19840464
1128701952
9335088
8503056
6613488
57982058496
2834352
1849688064
2204496
173946175488
1438646272
1714608
792723456
944784
1040449536
8605184
616562688
734832
1377495072
12546358272
1224440064
11152318464
3749847696
34153975296
3333197952
30359089152
21781872
2633637888
536870912
26248933872
1071385056
9758278656
952342272
8674025472
352638738432
2916548208
26564203008
585252864
274274574336
2268426384
20661046784
462422016
213324668928
1764331632
38263752
34012224
30233088
29760696
26453952
28005264
3386105856
30840979456
23147208
2962842624
26985857024
603979776
29530050606
22304636928
184473632
918330048
8364238848
816293376
7434878976
2499898464
22769316864
2222131968
20239392768
452984832
1975228416
402653184
19686700404
714256704
6505519104
634894848
5782683648
564350976
17709468672
396361728
438939648
390168576
346816512
308281344
28697814
22674816
29739515904
22320522
26435125248
23130734592
17360406
612220032
674211299328
5576159232
1666598976
15179544576
1481421312
13492928512
301989888
1316818944
268435456
1586874322944
13124466936
476171136
524386566144
4337012736
423263232
466121392128
3855122432
376233984
11806312448
314928
223154201664
264241152
292626432
260112384
231211008
205520896
19131876
17006112
15116544
19826343936
14880348
17623416832
13226976
15420489728
11573604
459165024
505658474496
4182119424
408146688
449474199552
3717439488
1249949232
11384658432
1111065984
10119696384
226492416
987614208
201326592
1190155742208
9843350202
357128352
393289924608
3252759552
317447424
349591044096
2891341824
282175488
250822656
8854734336
198180864
219469824
195084288
173408256
154140672
12754584
11337408
14869757952
12002256
1451188224
13217562624
9920232
1269789696
11565367296
153055008
168552824832
1394039808
544195584
599298932736
4956585984
2902376448
24004512
2257403904
18670176
1755758592
14521248
115964116992
752467968
6223392
90194313216
5668704
4408992
3429216
322486272
2667168
38654705664
1585446912
1889568
2080899072
17210368
1233125376
1469664
1143072
313456656384
2592487296
23612624896
528482304
629856
243799621632
2016379008
411041792
489888
176160768
209952
148769467776
306110016
337105649664
2788079616
272097792
299649466368
2478292992
833299488
7589772288
740710656
6746464256
150994944
658409472
134217728
793437161472
6562233468
238085568
262193283072
2168506368
211631616
233060696064
1927561216
188116992
167215104
5903156224
132120576
146313216
130056192
115605504
1524096
194517562428
110592
648121824
78364164096
370355328
407856218112
3373232128
75497472
33620319432
704643072
839808
508032
234881024
279936
1640558367
198359290368
217728
1275989841
154279448064
11943936
10616832
137282971014
9437184
9289728
8257536
106775644122
7340032
8128512
589824
7225344
7626831723
524288
6422528
8957952
25165824
11206773144
123451776
7962624
109734912
7077888
97542144
30862944
91521980676
6291456
338751673344
2801693286
86704128
6967296
6193152
5505024
6096384
442368
5419008
195689447424
1618477056
393216
4816896
5971968
5308416
73156608
68641485507
4718592
65028096
93312
546852789
66119763456
57802752
4644864
4128768
53387822061
3670016
4064256
294912
3612672
262144
3211264
4478976
3981312
54867456
3538944
48771072
15431472
45760990338
3145728
43352064
3483648
891813888
7375872
3096576
2752512
3048192
389035124856
221184
1296243648
156728328192
780337152
6453888
708588
2709504
345808999872
196608
1152216576
139314069504
2408448
1016064
129678374952
73728
246903552
50331648
22413546288
278628139008
2304433152
469762048
22967817138
559872
216710774784
1792336896
435456
338688
82301184
16777216
7471182096
186624
145152
99090432
62208
859963392
7112448
103079215104
516096
2985984
122029307568
8388608
451668897792
3735591048
41150592
764411904
6322176
458752
9565938
2654208
36578304
679477248
5619712
2359296
32514048
10287648
112917224448
933897762
28901376
668860416
5531904
401408
2322432
594542592
4917248
9913171968
7440174
2064384
1835008
2113929216
78066229248
645657712
2519424
68024448
264760015527
150528
102760448
746496
302582874888
172032
1008189504
121899810816
286654464
2370816
34359738368
48629390607
27648
18874368
8405079858
10450944
1354752
172904499936
98304
329204736
67108864
29884728384
396718580736
3281116734
291776343642
165888
972182736
117546246144
2286144
555532992
5059848192
113246208
340405734249
193536
1644167168
1959552
86452249968
49152
677376
164602368
33554432
14942364192
100860958296
57344
336063168
40633270272
331776
1944365472
235092492288
4572288
75645718722
43008
17414258688
144027072
29360128
13074568668
258048
1512284256
182849716224
429981696
3556224
51539607552
2612736
115269666624
65536
384072192
46438023168
903168
1504935936
12446784
9144576
663552
229376
382205952
3161088
145888171821
82944
277766496
305892163584
2529924096
56623104
25215239574
22880495169
1572864
21676032
5225472
230539333248
131072
768144384
92876046336
1806336
3009871872
24893568
50430479148
28672
168031584
20316635136
2032128
259356749904
147456
864162432
104485552128
493807104
100663296
44827092576
3359232
90699264
200704
1176221088
142216445952
334430208
2765952
995328
13716864
437664515463
248832
77070336
13436928
802816
1337720832
11063808
171228266496
1416167424
344064
573308928
4741632
68719476736
97258781214
55296
185177664
203928109056
1686616064
37748736
16810159716
762048
5143824
14450688
5038848
149824733184
1239146496
136048896
301056
501645312
4148928
60129542144
1492992
61014653784
4194304
225834448896
1867795524
20575296
1204224
2006581248
16595712
6718464
1990656
27433728
17179869184
151291437444
86016
504094752
60949905408
34828517376
288054144
58720256
26149137336
247669456896
2048385024
497664
6858432
1409286144
68903451414
1679616
45349632
176506677018
100352
588110544
71108222976
113468578083
64512
26121388032
216040608
44040192
19611853002
653184
102036672
225792
1605632
2675441664
22127616
1741824
192631799808
1593188352
387072
644972544
5334336
77309411328
3919104
7838208
5878656
42467328
351232
61725888
183043961352
12582912
5603386572
520224768
4302592
472392
334731302496
201721916592
114688
672126336
81266540544
191102976
1580544
1306368
192036096
23219011584
451584
226937156166
129024
756142128
91424858112
214990848
1778112
25769803776
52242776064
432081216
88080384
39223706004
7558272
1879048192
91871268552
2239488
580608
41472
138883248
152946081792
1264962048
28311552
786432
10838016
96768
39182082048
324060912
356874190848
2951578112
66060288
124416
416649744
458838245376
3794886144
939524096
45935634276
1119744
290304
185752092672
1536288768
373248
63700992
526848
10077696
602112
1003290624
8297856
688128
1146617856
9483264
222953472
1843968
774144
1289945088
10668672
870912
254803968
2107392
3188646
884736
12192768
11757312
84934656
702464
1170505728
9680832
1062882
917504
1528823808
12644352
297271296
2458624
1032192
1719926784
14224896
1161216
1934917632
16003008
339738624
2809856
4251528
1179648
16257024
148635648
1229312
1327104
18289152
127401984
1053696
1376256
2293235712
18966528
445906944
3687936
1548288
2579890176
21337344
509607936
4214784
6377292
1769472
24385536
169869312
1404928
2341011456
19361664
2125764
1019215872
8429568
9633792
160163466183
11010048
12386304
13934592
15676416
17635968
205924456521
14155776
15925248
17915904
20155392
1189085184
9834496
1358954496
11239424
12845056
8707129344
72013536
14680064
6537284334
16515072
18579456
20901888
23514624
21233664
23887872
26873856
1560674304
12907776
1417176
1783627776
14751744
2038431744
16859136
19267584
13060694016
108020304
22020096
24772608
27869184
31352832
35271936
31850496
35831808
40310784
241864704
266355081216
2202927104
220150628352
1820786688
15059072
1653372
2378170368
19668992
25690112
33030144
37158912
41803776
47029248
47775744
53747712
69657034752
576108288
117440512
139968
99179645184
790272
95551488
162533081088
1344252672
326592
231419172096
208971104256
1728324864
352321536
419904
297538935552
822083584
979776
1056964608
1259712
2939328
3779136
8817984
362797056
399532621824
3304390656
2480058
48009024
5804752896
52870250496
38535168
49545216
55738368
62705664
70543872
71663616
80621568
4000752
483729408
532710162432
4405854208
3306744
30474952704
252047376
51380224
74317824
83607552
94058496
107495424
6608781312
4960116
96018048
11609505792
111476736
125411328
141087744
158723712
174795522048
1445670912
1185408
143327232
161243136
181398528
199766310912
1652195328
204073344
224737099776
1858719744
846526464
7710244864
5786802
8001504
967458816
8811708416
34696101888
4285540224
39033114624
4821232752
43912253952
2147483648
104995735488
2415919104
118120202424
22478848
2717908992
25288704
3057647616
28449792
3439853568
32006016
3869835264
35246833664
36006768
4353564672
39652687872
40507614
4897760256
368947264
44609273856
5509980288
6198727824
56458612224
18596183472
16529940864
85349376
10319560704
75866112
9172942848
67436544
8153726976
7247757312
6442450944
14463698256
12856620672
84015792
10158317568
74680704
9029615616
66382848
8026324992
59006976
7134511104
6341787648
5637144576
11249543088
9999593856
65345616
7900913664
58084992
7023034368
51631104
6242697216
5549064192
4932501504
1057916215296
8749644624
940369969152
7777461888
835884417024
6913299456
743008370688
50824368
6145155072
660451885056
45177216
5462360064
587068342272
4855431168
521838526464
4315938816
822823723008
6805279152
731398864896
6049137024
650132324352
5377010688
577895399424
4779565056
513684799488
4248502272
456608710656
3776446464
639974006784
5292994896
568865783808
4704884352
516560652
497757560832
4116773808
442451165184
3659354496
401769396
387144769536
3201935184
344128684032
2846164608
312487308
301112598528
2490394032
267655643136
2213683584
29386561536
243045684
234198687744
1936973136
12397455648
11019960576
81015228
9795520512
64012032
7739670528
56899584
6879707136
50577408
6115295232
44957696
5435817984
4831838208
4294967296
9642465504
8571080448
56010528
6772211712
49787136
6019743744
44255232
5350883328
39337984
4756340736
4227858432
3758096384
7499695392
6666395904
43563744
5267275776
38723328
4682022912
34420736
4161798144
3699376128
3288334336
705277476864
5833096416
626913312768
5184974592
557256278016
4608866304
495338913792
33882912
4096770048
440301256704
30118144
3641573376
391378894848
3236954112
347892350976
2877292544
548549148672
4536852768
487599243264
4032758016
433421549568
3584673792
385263599616
3186376704
342456532992
2832334848
304405807104
2517630976
426649337856
3528663264
331838373888
2744515872
258096513024
2134623456
200741732352
1660262688
156132458496
1291315424
9298091736
84687918336
8264970432
60761421
7346640384
553420896
66913910784
59479031808
42674688
5159780352
37933056
4586471424
33718272
4076863488
3623878656
177180303636
3221225472
157493603232
7231849128
65868380928
6428310336
58549671936
47258883
5714053632
52044152832
45712429056
378071064
178437095424
1475789056
19591041024
162030456
624974616
5692329216
58773123072
486091368
4427367168
229419122688
1897443072
208324872
2818572288
137806902828
288947699712
2389782528
371504185344
3072577536
7715736
256842399744
2124251136
2466250752
117099343872
968486568
3170893824
325066162176
2688505344
417942208512
3456649728
293534171136
2427715584
330225942528
22588608
2731180032
6530347008
54010152
365699432448
3024568512
470184984576
3888730944
35418937344
137137287168
1134213192
10330523392
176319369216
1458274104
13282101504
1874923848
17076987648
4444263936
40478785536
46261469184
319987003392
2646497448
411411861504
3402639576
30991570176
528958107648
4374822312
39846304512
4999796928
45538633728
5624771544
51230962944
1102248
2571912
260919263232
2157969408
2774532096
29503488
3567255552
725594112
6001128
719323136
86973087744
1693052928
14002632
2176782336
18003384
3950456832
32672808
5079158784
42007896
294967443456
2439569664
267846264
379243855872
3136589568
344373768
803538792
7318708992
1033121304
9409768704
50185433088
415065672
106662334464
882165816
2410616376
21956126976
3099363912
28229306112
133827821568
1106841792
14693280768
121522842
150556299264
1245197016
172064342016
1423082304
156243654
193572384768
1600967592
221225582592
1829677248
248878780416
2058386904
284432891904
2352442176
228304355328
1888223232
25815552
3121348608
29042496
3511517184
33191424
4013162496
37340352
4514807808
27894275208
24794911296
182284263
22039921152
128024064
15479341056
113799168
13759414272
101154816
12230590464
89915392
10871635968
9663676416
8589934592
21695547384
19284931008
141776649
17142160896
126023688
15237476352
112021056
13544423424
99574272
12039487488
88510464
10701766656
78675968
9512681472
8455716864
7516192768
16874314632
14999390784
110270727
13332791808
6576668672
866843099136
7169347584
695784701952
5754585088
273231802368
2259801992
7398752256
975198486528
8065516032
684913065984
5664669696
770527199232
52706752
6372753408
853298675712
7057326528
774840978
1097098297344
9073705536
1253826625536
10369949184
98018424
11851370496
746636341248
6175160712
959961010176
7939492344
1234235584512
10207918728
1114512556032
76236552
9217732608
1410554953728
11666192832
608811614208
5035261952
782757789696
6473908224
68841472
8323596288
312264916992
2582630848
351298031616
2905459704
401483464704
3320525376
44079842304
364568526
516193026048
4269246912
468730962
580717154304
4802902776
663676747776
5489031744
602654094
880602513408
60236288
7283146752
990677827584
67765824
8193540096
77446656
9364045824
87127488
10534551552
261382464
31603654656
232339968
28092137472
203297472
24580620288
180708864
21849440256
16467095232
1807962282
8192
14408708328
12807740736
1406192886
9961576128
132239526912
1093705578
8716379112
7747892544
102852965376
850659894
206524416
24970788864
19421724672
15105785856
34998578496
228709656
27653197824
30623756184
23818477032
18525482136
294055272
35554111488
257298363
31109847552
27221116608
21171979584
2324522934
158120256
19118260224
16994009088
24196548096
22196256768
6779405976
17263755264
177885288
21508042752
19730006016
330812181
39998375424
44998172352
50622943896
22548578304
25367150592
236027904
28538044416
265531392
32105299968
298722816
36118462464
425329947
51426482688
57854793024
65086642152
28991029248
269746176
32614907904
303464448
36691771392
341397504
41278242816
74384733888
83682825624
174254976
21069103104
154893312
18728091648
135531648
16387080192
120472576
14566293504
9605805552
5810919408
137682944
16647192576
12947816448
10070523904
23332385664
152473104
18435465216
20415837456
15878984688
12350321424
196036848
23702740992
18147411072
105413504
12745506816
11329339392
16131032064
14797504512
4519603984
11509170176
118590192
14338695168
13153337344
29998781568
33748629264
15032385536
16911433728
157351936
19025362944
177020928
21403533312
199148544
24078974976
224042112
27088846848
283553298
34284321792
38569862016
43391094768
19327352832
179830784
21743271936
202309632
24461180928
227598336
27518828544
256048128
30958682112
49589822592
55788550416
130691232
15801827328
116169984
14046068736
101648736
12290310144
90354432
10924720128
8233547616
7204354164
6403870368
4980788064
4358189556
3873946272
103262208
12485394432
9710862336
7552892928
17499289248
15311878092
11909238516
9262741068
15554923776
13610558304
10585989792
79060128
9559130112
8497004544
12098274048
11098128384
3389702988
8631877632
10754021376
9865003008
19999187712
22499086176
25311471948
11274289152
12683575296
118013952
14269022208
132765696
16052649984
149361408
18059231232
25713241344
28927396512
32543321076
12884901888
14495514624
134873088
16307453952
151732224
18345885696
170698752
20639121408
33059881728
37192366944
41841412812
373318170624
3087580356
290358577152
2401451388
4649045868
42343959168
3615924564
32934190464
159993501696
1323248724
75278149632
622598508
14114653056
1549681956
10978063488
1205308188
22856214528
189035532
17777055744
147027636
7618738176
63011844
5925685248
49009212
3265173504
27005076
2539579392
21003948
1088391168
9001692
1078984704
130459631616
3857868
8437157316
617117792256
5103959364
479980505088
3969746172
13826598912
114354828
2812385772
25615481472
264479053824
2187411156
19923152256
205705930752
1701319788
15495785088
175649015808
1452729852
6641050752
88159684608
729137052
8538493824
937461924
5165261696
68568643584
567106596
10847773692
13947137604
125524238436
359661568
43486543872
404619264
48922361856
455196672
55037657088
512096256
61917364224
111577100832
304946208
36870930432
271063296
32774160384
237180384
28677390336
210827008
25491013632
19211611104
11621838816
10169108964
9039207968
240945152
29132587008
22658678784
40831674912
266827932
32262064128
35727715548
27788223204
12288
21613062492
343064484
41479796736
36294822144
31757969376
24700642848
25895632896
7909306972
20141047808
23018340352
46664771328
26306674688
29595009024
275365888
33294385152
309786624
37456183296
348509952
42138206208
392073696
47405481984
441082908
53331167232
59997563136
67497258528
75934415844
30064771072
33822867456
314703872
38050725888
354041856
42807066624
398297088
48157949952
448084224
54177693696
77139724032
86782189536
97629963228
292889889684
260346568608
1194891264
144473849856
1062125568
128421199872
944111616
114152177664
101468602368
227803247532
202491775584
179992689408
1045529856
126414618624
929359872
112368549888
826097664
99883155456
88785027072
78920024064
139994313984
69055021056
60423143424
23727920916
77686898688
74101928544
95273908128
108884466432
1029193452
124439390208
36864
64839187476
83364669612
107183146644
800483796
96786192384
122495024736
67976036352
722835456
87397761024
27117623904
2097152
30507326892
34865516448
32768
57634833312
632481024
76473040896
711541152
86032171008
813189888
98322481152
914838624
110612791296
1365590016
165112971264
1213857792
146767085568
376572715308
195259926456
173564379072
896168448
108355387392
796594176
96315899904
708083712
85614133248
629407744
76101451776
67645734912
151868831688
134994517056
992436543
119995126272
784147392
94810963968
697019904
84276412416
619573248
74912366592
550731776
66588770304
59190018048
52613349376
771895089
93329542656
46036680704
40282095616
15818613944
51791265792
600362847
72589644288
686128968
82959593472
24576
43226124984
55576446408
71455431096
533655864
64524128256
81663349824
45317357568
481890304
58265174016
20338217928
421654016
50982027264
474360768
57354780672
542126592
65548320768
609892416
73741860864
1024192512
123834728448
910393344
110075314176
809238528
97844723712
251048476872
146444944842
130173284304
115709586048
597445632
72236924928
531062784
64210599936
472055808
57076088832
50734301184
45097156608
113901623766
101245887792
89996344704
522764928
63207309312
464679936
56184274944
413048832
49941577728
44392513536
39460012032
69997156992
34527510528
30211571712
11863960458
38843449344
37050964272
47636954064
54442233216
18432
32419593738
41682334806
53591573322
61247512368
33988018176
361417728
43698880512
13558811952
1048576
15253663446
17432758224
16384
28817416656
316240512
38236520448
355770576
43016085504
406594944
49161240576
457419312
55306395648
167365651248
682795008
82556485632
606928896
73383542784
539492352
65229815808
188286357654
20920706406
16271660538
263473523712
2179094778
23243677632
308558896128
2551979682
38423222208
4218578658
20739898368
171532242
719970757632
5954619258
925676688384
7655939046
12655735974
1632586752
13502538
3809369088
31505922
8888527872
73513818
11428107264
94517766
26665583616
220541454
48393096192
400241898
62219695104
514596726
79996750848
661624362
145179288576
1200725694
186659085312
1543790178
18078415936
239990252544
1984873086
49401285696
5423886846
63515938752
6973568802
435537865728
3602177082
559977255936
4631370534
62762119218
48814981614
37967207922
5084554482
13894111602
17863857774
10806531246
