282429536481
77309411328
68719476736
223154201664
251048476872
43912253952
91871268552
34153975296
103355177121
30359089152
26564203008
23612624896
20661046784
34696101888
30840979456
26985857024
67645734912
60129542144
26149137336
29417779503
80387359983
173564379072
18078415936
23243677632
29884728384
38423222208
49401285696
13841287201
15818613944
17795940687
20338217928
33620319432
55576446408
62523502209
35246833664
39652687872
63515938752
71455431096
40282095616
45317357568
81663349824
46036680704
51791265792
104995735488
118120202424
132885227727
52613349376
59190018048
134994517056
151868831688
170852435649
195259926456
219667417263
78746801616
165888
2286144
14680064
6537284334
25769803776
451584
4572288
41472
1264962048
138883248
28311552
12607619787
10838016
903168
1016064
73728
246903552
50331648
22413546288
45349632
124416
34359738368
48629390607
27648
92588832
843308032
18874368
8405079858
7225344
68024448
74912366592
619573248
602112
8589934592
29360128
13074568668
123834728448
1024192512
248832
32256
22020096
9805926501
51018336
112896
30862944
6291456
2801693286
236196
167365651248
12884901888
44040192
19611853002
3779136
20736
632481024
69441624
14155776
5419008
48384
19591041024
162030456
1475789056
33030144
62208
43008
1897443072
208324872
145152
186624
301056
1594323
6096384
32768
42467328
351232
531441
2125764
8128512
9144576
3188646
12192768
1062882
4816896
6193152
6967296
7077888
7962624
7340032
3268642167
8257536
9289728
10450944
10616832
11943936
708588
9633792
6530347008
54010152
11010048
12386304
13934592
15925248
1101463552
120932352
826686
18579456
20901888
23514624
23887872
26873856
58720256
69984
49589822592
163296
115709586048
176160768
209952
148769467776
1889568
401408
1652195328
181398528
1240029
26435125248
27869184
31352832
35271936
35831808
40310784
2202927104
1653372
25690112
37158912
41803776
47029248
53747712
802816
3304390656
2480058
55738368
62705664
70543872
79361856
722835456
592704
71663616
80621568
90699264
826097664
102036672
929359872
225792
3855122432
423263232
2893401
4405854208
17348050944
2410616376
21956126976
17623416832
19826343936
3099363912
28229306112
5505024
12845056
16515072
737894528
104162436
948721536
126023688
15237476352
37822859361
21504
133923132
1219784832
172186884
1568294784
381024
38535168
22856214528
189035532
29386561536
243045684
2213683584
312487308
2846164608
401769396
3659354496
516560652
4704884352
5165261696
88159684608
729137052
6641050752
937461924
8538493824
30064771072
1205308188
10978063488
38654705664
1549681956
14114653056
914838624
100442349
1176221088
129140163
65536
1323248724
1062125568
290304
1194891264
326592
1344252672
1512284256
1701319788
15495785088
1984873086
2551979682
4248502272
1306368
5377010688
4315938816
4855431168
5878656
4932501504
27894275208
1372257936
1764331632
551124
2268426384
85349376
10319560704
1029193452
16529940864
57344
18596183472
64512
20920706406
5035261952
5664669696
2324522934
21171979584
6858432
5754585088
100352
32543321076
6473908224
129024
41841412812
2058386904
2646497448
3024568512
3402639576
113799168
13759414272
1543790178
24794911296
3919104
3288334336
13716864
11509170176
3201935184
2905459704
4285540224
9663676416
653184
2688505344
3602177082
67436544
8153726976
2490394032
3673320192
711541152
78121827
800483796
12856620672
14495514624
4032758016
9605805552
4116773808
944111616
4631370534
8571080448
1200725694
19284931008
8817984
7398752256
2259801992
3333197952
8957952
7516192768
13436928
11274289152
6341787648
1936973136
2857026816
26022076416
6442450944
435456
1792336896
21695547384
1067311728
10070523904
4132485216
96315899904
796594176
193536
62762119218
3389702988
11098128384
3087580356
5423886846
85614133248
708083712
172032
55788550416
11757312
9865003008
2744515872
301327047
150528
48814981614
2097152
933897762
10287648
8631877632
38569862016
2401451388
256048128
30958682112
2352442176
258280326
3873946272
12683575296
3528663264
387420489
4218578658
11329339392
4649045868
42343959168
59006976
7134511104
2179094778
3214155168
29274835968
7247757312
411041792
489888
2016379008
1610612736
43391094768
2134623456
234365481
1285956
1078984704
5292994896
22674816
5810919408
114688
672126336
81266540544
37192366944
7838208
6576668672
1829677248
200884698
10701766656
88510464
6973568802
1469664
6049137024
1233125376
199148544
24078974976
147027636
17777055744
1106841792
14693280768
121522842
3623878656
28927396512
1423082304
156243654
4802902776
1600967592
25713241344
20155392
16911433728
5084554482
7499695392
17915904
15032385536
17635968
14797504512
4519603984
11239424
1358954496
6666395904
170698752
20639121408
15676416
13153337344
12947816448
3954653486
5833096416
44079842304
364568526
3320525376
50176
16271660538
3429216
2877292544
5103959364
14463698256
4980788064
4536852768
132765696
16052649984
4358189556
3969746172
3221225472
34284321792
283553298
2582630848
3359232
2818572288
114354828
13826598912
9710862336
2612736
88942644
10754021376
8497004544
2754990144
207532836
25092716544
7552892928
5549064192
1694851494
2499898464
22769316864
6718464
5637144576
2415919104
8233547616
903981141
2147483648
4096
7204354164
1879048192
6403870368
703096443
1807962282
16467095232
1406192886
12807740736
132239526912
1093705578
9961576128
102852965376
850659894
7747892544
14999390784
16307453952
134873088
79996750848
661624362
726364926
11666192832
19668992
2378170368
9073705536
1849688064
6428310336
4999796928
37639074816
311299254
1438646272
7057326528
774840978
458752
9262741068
1888223232
5489031744
602654094
4269246912
468730962
10077696
8455716864
2142770112
19516557312
16131032064
133413966
19267584
11428107264
94517766
22967817138
469762048
884736
17863857774
688128
13894111602
2832334848
6422528
3809369088
31505922
7655939046
5954619258
1213857792
3776446464
746496
21403533312
177020928
13947137604
2939328
12098274048
2466250752
12397455648
11019960576
37967207922
33748629264
29998781568
1660262688
220541454
26665583616
44957696
5435817984
4831838208
4294967296
10847773692
9642465504
63011844
7618738176
24772608
3758096384
8437157316
1207959552
59060101212
49009212
5925685248
1073741824
52497867744
20415837456
34420736
4161798144
5184974592
939524096
45935634276
1119744
38118276
4608866304
995328
786432
3857868
15878984688
3236954112
870912
3584673792
774144
26353376
3186376704
362797056
3000564
12350321424
2517630976
23332385664
39337984
4756340736
1452729852
5038848
171532242
20739898368
4227858432
1291315424
17142160896
141776649
4408992
3699376128
18147411072
1129900996
9298091736
1959552
8065516032
1644167168
8264970432
25311471948
22499086176
37933056
4586471424
19999187712
1245197016
33718272
4076863488
7231849128
17499289248
29503488
3567255552
5624771544
29042496
3511517184
15311878092
13610558304
2774532096
4374822312
3888730944
704643072
34451725707
839808
3456649728
663552
22588608
2731180032
589824
11909238516
2427715584
2571912
10585989792
1162261467
2157969408
580608
2389782528
516096
2124251136
15554923776
3170893824
968486568
6198727824
5509980288
16874314632
830131344
22478848
2717908992
4821232752
3749847696
24504606
2962842624
19361664
2341011456
10207918728
17210368
2080899072
2916548208
528482304
629856
2592487296
559872
2304433152
497664
442368
15059072
1820786688
393216
1928934
7939492344
1618477056
387072
1593188352
344064
1416167424
6175160712
1258815488
2519424
2113929216
645657712
27005076
3265173504
29739515904
12655735974
11249543088
622598508
9999593856
16859136
2038431744
553420896
7346640384
60761421
73513818
8888527872
1811939328
88590151818
3615924564
32934190464
21003948
2539579392
23130734592
8749644624
14751744
1783627776
484243284
7777461888
1585446912
1679616
57177414
6913299456
1409286144
68903451414
2812385772
25615481472
2222131968
20239392768
16336404
1975228416
14521248
1755758592
6805279152
1387266048
2187411156
19923152256
1944365472
17709468672
1728324864
1536288768
331776
11294304
1365590016
28672
14269022208
118013952
47775744
395136
7471182096
16777216
82301184
338688
144027072
17414258688
43226124984
24576
12230590464
101154816
979776
822083584
96768
567106596
68568643584
56623104
14336
25215239574
2529924096
277766496
1143072
82944
33554432
198359290368
1640558367
14942364192
164602368
288054144
34828517376
49152
24461180928
202309632
677376
5225472
9437184
4202539929
81015228
9795520512
13824
6879707136
56899584
17179869184
86016
373248
51380224
30474952704
252047376
75264
441082908
53331167232
34012224
1259712
39033114624
322828856
1056964608
1528823808
12644352
917504
1719926784
14224896
1032192
4096770048
33882912
3720087
4956585984
4500846
544195584
1934917632
16003008
1161216
200704
14450688
56458612224
466948881
5143824
16257024
1179648
18289152
1327104
5267275776
43563744
4782969
229376
20575296
1867795524
4194304
1492992
258048
51539607552
175616
21233664
182284263
22039921152
31104
15479341056
128024064
49545216
72576
425329947
51426482688
526848
63700992
93312
546852789
66119763456
46438023168
384072192
36006768
4353564672
10806531246
6144
3057647616
25288704
3735591048
8388608
41150592
72013536
8707129344
6115295232
50577408
169344
217728
108355387392
896168448
279936
234881024
11483908569
139314069504
1152216576
25165824
11206773144
123451776
216040608
26121388032
36864
18345885696
151732224
508032
2006581248
16595712
1204224
2257403904
18670176
98304
1354752
354294
110592
1524096
2293235712
18966528
1376256
2579890176
21337344
1548288
2902376448
24004512
1741824
21676032
22880495169
1572864
7715736
24385536
1769472
27433728
1990656
2239488
2675441664
22127616
1605632
3009871872
24893568
131072
768144384
92876046336
65229815808
539492352
1806336
147456
864162432
104485552128
2032128
1835008
3439853568
28449792
2064384
3869835264
32006016
2322432
28901376
263424
31850496
33059881728
46656
23219011584
192036096
32514048
2359296
36578304
2654208
2985984
4013162496
33191424
2408448
4514807808
37340352
196608
97844723712
809238528
2709504
221184
110075314176
7529536
910393344
3048192
2752512
5159780352
42674688
3096576
5804752896
48009024
3483648
43352064
3145728
1400846643
15431472
48771072
3538944
54867456
3981312
61725888
5603386572
12582912
4478976
5350883328
44255232
3211264
6019743744
49787136
262144
3612672
6772211712
56010528
294912
4064256
3670016
2176782336
18003384
4128768
7739670528
64012032
4644864
4718592
5308416
5971968
108864
77139724032
139968
99179645184
117440512
69657034752
576108288
108020304
13060694016
9172942848
75866112
254016
419904
352321536
37748736
16810159716
1686616064
185177664
55296
27518828544
227598336
762048
57802752
65028096
73156608
66060288
2951578112
39182082048
324060912
614656
74317824
83607552
94058496
963780608
105815808
1084253184
119042784
3281116734
67108864
329204736
75497472
3373232128
370355328
702464
84934656
3794886144
416649744
790272
95551488
889056
107495424
1239146496
136048896
1394039808
153055008
104976
74384733888
88080384
52242776064
432081216
244944
205520896
121899810816
1008189504
314928
264241152
156728328192
1296243648
11806312448
571536
734832
616562688
944784
792723456
19327352832
1714608
2204496
3121348608
25815552
2834352
45097156608
483729408
4000752
57982058496
2048385024
16941456
2478292992
272097792
2633637888
21781872
3386105856
28005264
84276412416
697019904
76527504
4779565056
39530064
5782683648
634894848
4960116
5462360064
45177216
6608781312
6145155072
50824368
7434878976
5668704
6242697216
51631104
6377292
7023034368
58084992
7900913664
65345616
8026324992
66382848
9029615616
74680704
10158317568
84015792
11609505792
96018048
77070336
45712429056
378071064
86704128
97542144
109734912
99090432
4427367168
58773123072
486091368
921984
111476736
125411328
141087744
1445670912
158723712
1626379776
178564176
100663296
4921675101
493807104
113246208
5059848192
555532992
1053696
127401984
5692329216
624974616
1185408
143327232
1333584
161243136
1858719744
204073344
2091059712
229582512
5786802
6372753408
52706752
7710244864
7001316
846526464
6613488
7283146752
60236288
8811708416
8001504
967458816
7440174
8193540096
67765824
9913171968
9001692
1088391168
7558272
8323596288
68841472
8503056
9364045824
77446656
9565938
10534551552
87127488
9512681472
78675968
12039487488
99574272
13544423424
112021056
10871635968
89915392
102760448
60949905408
504094752
115605504
130056192
146313216
132120576
157464
111577100832
5903156224
78364164096
648121824
1229312
148635648
1382976
167215104
188116992
1927561216
211631616
2168506368
238085568
6562233468
134217728
658409472
150994944
6746464256
740710656
1404928
169869312
7589772288
833299488
1580544
191102976
1778112
214990848
2788079616
306110016
9559130112
79060128
8680203
10501974
1269789696
11565367296
12002256
1451188224
13217562624
12290310144
101648736
11160261
13502538
1632586752
14869757952
11337408
12485394432
103262208
15801827328
130691232
14348907
18059231232
149361408
20316635136
168031584
154140672
91424858112
756142128
173408256
195084288
219469824
198180864
117546246144
972182736
8854734336
1843968
222953472
2074464
250822656
282175488
2891341824
317447424
3252759552
357128352
9843350202
201326592
987614208
226492416
1111065984
10119696384
2107392
254803968
1249949232
11384658432
2370816
286654464
2667168
322486272
3717439488
408146688
3072577536
25412184
4182119424
459165024
301989888
14765025303
1481421312
13492928512
11573604
12745506816
105413504
15420489728
14338695168
118590192
13226976
14566293504
120472576
14880348
16387080192
135531648
18435465216
152473104
15116544
16647192576
137682944
17006112
18728091648
154893312
19131876
21069103104
174254976
23702740992
196036848
19025362944
157351936
27088846848
224042112
21743271936
179830784
106662334464
882165816
231211008
137137287168
1134213192
10330523392
2151296
260112384
292626432
2458624
297271296
176319369216
1458274104
13282101504
2765952
334430208
3111696
376233984
4337012736
476171136
4879139328
535692528
13124466936
268435456
2809856
339738624
1666598976
15179544576
3161088
382205952
1874923848
17076987648
3556224
429981696
5576159232
612220032
6273179136
688747536
367416
308281344
472392
396361728
857304
86973087744
719323136
1102248
924844032
1560674304
12907776
1417176
9834496
1189085184
241864704
2000376
28991029248
3641573376
30118144
3306744
4682022912
38723328
4251528
725594112
6001128
10924720128
90354432
9920232
14046068736
116169984
12754584
1316818944
10890936
1693052928
14002632
3950456832
32672808
5079158784
42007896
813189888
89282088
1045529856
114791256
7169347584
59295096
8674025472
952342272
9217732608
76236552
92236816
11152318464
1224440064
11851370496
98018424
2439569664
267846264
3136589568
344373768
452984832
17360406
19840464
22320522
25509168
28697814
35554111488
294055272
40633270272
336063168
346816512
3226944
390168576
438939648
3687936
445906944
4148928
501645312
4667544
564350976
6505519104
714256704
7318708992
803538792
19686700404
402653184
4214784
509607936
4741632
573308928
5334336
644972544
8364238848
918330048
9409768704
1033121304
22304636928
184473632
2448880128
20253807
29530050606
603979776
23147208
26040609
26453952
29760696
33480783
30233088
38263752
43046721
43486543872
359661568
462422016
4302592
520224768
4840416
585252864
4917248
594542592
5531904
668860416
6223392
752467968
9758278656
1071385056
26248933872
536870912
5619712
679477248
6322176
764411904
7112448
859963392
12546358272
1377495072
33456955392
276710448
905969664
44295075909
34720812
39680928
44641044
57395628
71108222976
588110544
693633024
6453888
780337152
7260624
877879296
7375872
891813888
8297856
1003290624
9335088
1128701952
1428513408
13011038208
1607077584
14637417984
805306368
39373400808
8429568
1019215872
9483264
1146617856
10668672
1289945088
1836660096
138355224
16728477696
2066242608
18819537408
4897760256
40507614
44609273856
368947264
50185433088
415065672
46294416
50982027264
421654016
52081218
57354780672
474360768
64524128256
533655864
52907904
58265174016
481890304
59521392
65548320768
542126592
66961566
73741860864
609892416
82959593472
686128968
60466176
66588770304
550731776
86093442
94810963968
784147392
76101451776
629407744
8605184
1040449536
9680832
1170505728
11063808
1337720832
12446784
1504935936
94143178827
83682825624
341397504
41278242816
303464448
36691771392
269746176
32614907904
73222472421
65086642152
57854793024
298722816
36118462464
265531392
32105299968
236027904
28538044416
25367150592
22548578304
56950811883
50622943896
44998172352
261382464
31603654656
232339968
28092137472
206524416
24970788864
22196256768
19730006016
34998578496
228709656
27653197824
203297472
24580620288
180708864
21849440256
19421724672
17263755264
30623756184
27221116608
177885288
21508042752
158120256
19118260224
16994009088
15105785856
26795786661
23818477032
20841167403
18525482136
9216
16209796869
8192
14408708328
8716379112
524288
7626831723
6779405976
5931980229
31381059609
24407490807
18983603961
8931928887
6947055801
5403265623
2542277241
10460353203
8135830269
6327867987
3827969523
2977309629
2315685267
1801088541
1089547389
3486784401
31757969376
2711943423
24700642848
2109289329
19211611104
154279448064
1275989841
11621838816
119995126272
992436543
9039207968
93329542656
771895089
72589644288
600362847
39998375424
330812181
31109847552
257298363
24196548096
200120949
13332791808
110270727
10369949184
85766121
5714053632
47258883
4444263936
36756909
1904684544
15752961
816293376
6751269
125524238436
512096256
61917364224
455196672
55037657088
404619264
48922361856
97629963228
86782189536
448084224
54177693696
398297088
48157949952
354041856
42807066624
314703872
38050725888
33822867456
75934415844
67497258528
59997563136
392073696
47405481984
348509952
42138206208
309786624
37456183296
275365888
33294385152
29595009024
26306674688
46664771328
343064484
41479796736
304946208
36870930432
271063296
32774160384
240945152
29132587008
25895632896
23018340352
40831674912
36294822144
266827932
32262064128
237180384
28677390336
210827008
25491013632
22658678784
20141047808
35727715548
27788223204
12288
21613062492
10169108964
7909306972
188286357654
682795008
82556485632
606928896
73383542784
146444944842
130173284304
597445632
72236924928
531062784
64210599936
472055808
57076088832
50734301184
113901623766
101245887792
89996344704
522764928
63207309312
464679936
56184274944
413048832
49941577728
44392513536
39460012032
69997156992
514596726
62219695104
457419312
55306395648
406594944
49161240576
361417728
43698880512
38843449344
34527510528
61247512368
54442233216
400241898
48393096192
355770576
43016085504
316240512
38236520448
33988018176
30211571712
53591573322
47636954064
41682334806
37050964272
18432
32419593738
16384
28817416656
17432758224
1048576
15253663446
13558811952
11863960458
