2048
3072
4096
4608
6144
6912
7168
8192
9216
10368
10752
12288
13824
14336
15552
16128
16384
18432
20736
21504
23328
24192
24576
25088
27648
28672
31104
32256
32768
34992
36288
36864
37632
41472
43008
46656
48384
49152
50176
52488
54432
55296
56448
57344
62208
64512
65536
69984
72576
73728
75264
78732
81648
82944
84672
86016
87808
93312
96768
98304
100352
104976
108864
110592
112896
114688
118098
122472
124416
127008
129024
131072
131712
139968
145152
147456
150528
157464
163296
165888
169344
172032
175616
177147
183708
186624
190512
193536
196608
197568
200704
209952
217728
221184
225792
229376
236196
244944
248832
254016
258048
262144
263424
275562
279936
285768
290304
294912
296352
301056
307328
314928
326592
331776
338688
344064
351232
354294
367416
373248
381024
387072
393216
395136
401408
413343
419904
428652
435456
442368
444528
451584
458752
460992
472392
489888
497664
508032
516096
524288
526848
531441
551124
559872
571536
580608
589824
592704
602112
614656
629856
642978
653184
663552
666792
677376
688128
691488
702464
708588
734832
746496
762048
774144
786432
790272
802816
826686
839808
857304
870912
884736
889056
903168
917504
921984
944784
964467
979776
995328
1000188
1016064
1032192
1037232
1048576
1053696
1062882
1075648
1102248
1119744
1143072
1161216
1179648
1185408
1204224
1229312
1240029
1259712
1285956
1306368
1327104
1333584
1354752
1376256
1382976
1404928
1417176
1469664
1492992
1500282
1524096
1548288
1555848
1572864
1580544
1594323
1605632
1613472
1653372
1679616
1714608
1741824
1769472
1778112
1806336
1835008
1843968
1889568
1928934
1959552
1990656
2000376
2032128
2064384
2074464
2097152
2107392
2125764
2151296
2204496
2239488
2250423
2286144
2322432
2333772
2359296
2370816
2408448
2420208
2458624
2480058
2519424
2571912
2612736
2654208
2667168
2709504
2752512
2765952
2809856
2834352
2893401
2939328
2985984
3000564
3048192
3096576
3111696
3145728
3161088
3188646
3211264
3226944
3306744
3359232
3429216
3483648
3500658
3538944
3556224
3612672
3630312
3670016
3687936
3720087
3764768
3779136
3857868
3919104
3981312
4000752
4064256
4128768
4148928
4194304
4214784
4251528
4302592
4408992
4478976
4500846
4572288
4644864
4667544
4718592
4741632
4782969
4816896
4840416
4917248
4960116
5038848
5143824
5225472
5250987
5308416
5334336
5419008
5445468
5505024
5531904
5619712
5647152
5668704
5786802
5878656
5971968
6001128
6096384
6193152
6223392
6291456
6322176
6377292
6422528
6453888
6613488
6718464
6751269
6858432
6967296
7001316
7077888
7112448
7225344
7260624
7340032
7375872
7440174
7529536
7558272
7715736
7838208
7962624
8001504
8128512
8168202
8257536
8297856
8388608
8429568
8470728
8503056
8605184
8680203
8817984
8957952
9001692
9144576
9289728
9335088
9437184
9483264
9565938
9633792
9680832
9834496
9920232
10077696
10287648
10450944
10501974
10616832
10668672
10838016
10890936
11010048
11063808
11160261
11239424
11294304
11337408
11573604
11757312
11943936
12002256
12192768
12252303
12386304
12446784
12582912
12644352
12706092
12754584
12845056
12907776
13176688
13226976
13436928
13502538
13716864
13934592
14002632
14155776
14224896
14348907
14450688
14521248
14680064
14751744
14880348
15059072
15116544
15431472
15676416
15752961
15925248
16003008
16257024
16336404
16515072
16595712
16777216
16859136
16941456
17006112
17210368
17360406
17635968
17915904
18003384
18289152
18579456
18670176
18874368
18966528
19059138
19131876
19267584
19361664
19668992
19765032
19840464
20155392
20253807
20575296
20901888
21003948
21233664
21337344
21676032
21781872
22020096
22127616
22320522
22478848
22588608
22674816
23147208
23514624
23887872
24004512
24385536
24504606
24772608
24893568
25165824
25288704
25412184
25509168
25690112
25815552
26040609
26353376
26453952
26873856
27005076
27433728
27869184
28005264
28311552
28449792
28588707
28697814
28901376
29042496
29360128
29503488
29647548
29760696
30118144
30233088
30862944
31352832
31505922
31850496
32006016
32514048
32672808
33030144
33191424
33480783
33554432
33718272
33882912
34012224
34420736
34720812
35271936
35831808
36006768
36578304
36756909
37158912
37340352
37748736
37933056
38118276
38263752
38535168
38723328
39337984
39530064
39680928
40310784
40507614
41150592
41803776
42007896
42467328
42674688
43046721
43352064
43563744
44040192
44255232
44471322
44641044
44957696
45177216
45349632
46118408
46294416
47029248
47258883
47775744
48009024
48771072
49009212
49545216
49787136
50331648
50577408
50824368
51018336
51380224
51631104
52081218
52706752
52907904
53747712
54010152
54867456
55738368
56010528
56623104
56899584
57177414
57395628
57802752
58084992
58720256
59006976
59295096
59521392
60236288
60466176
60761421
61725888
62705664
63011844
63700992
64012032
65028096
65345616
66060288
66382848
66706983
66961566
67108864
67436544
67765824
68024448
68841472
69177612
69441624
70543872
71663616
72013536
73156608
73513818
74317824
74680704
75497472
75866112
76236552
76527504
77070336
77446656
78121827
78675968
79060128
79361856
80621568
81015228
82301184
83607552
84015792
84934656
85349376
85766121
86093442
86704128
87127488
88080384
88510464
88942644
89282088
89915392
90354432
90699264
92236816
92588832
94058496
94517766
95551488
96018048
97542144
98018424
99090432
99574272
100442349
100663296
101154816
101648736
102036672
102760448
103262208
103766418
104162436
105413504
105815808
107495424
108020304
109734912
110270727
111476736
112021056
113246208
113799168
114354828
114791256
115605504
116169984
117440512
118013952
118590192
119042784
120472576
120932352
121522842
123451776
125411328
126023688
127401984
128024064
129140163
130056192
130691232
132120576
132765696
133413966
133923132
134217728
134873088
135531648
136048896
137682944
138355224
138883248
141087744
141776649
143327232
144027072
146313216
147027636
148635648
149361408
150994944
151732224
152473104
153055008
154140672
154893312
155649627
156243654
157351936
158120256
158723712
161243136
161414428
162030456
164602368
167215104
168031584
169869312
170698752
171532242
172186884
173408256
174254976
176160768
177020928
177885288
178564176
179830784
180708864
181398528
182284263
184473632
185177664
188116992
189035532
191102976
192036096
195084288
196036848
198180864
199148544
200120949
200884698
201326592
202309632
203297472
204073344
205520896
206524416
207532836
208324872
210827008
211631616
214990848
216040608
219469824
220541454
222953472
224042112
226492416
227598336
228709656
229582512
231211008
232339968
234365481
234881024
236027904
237180384
238085568
240945152
241864704
242121642
243045684
246903552
250822656
252047376
254803968
256048128
257298363
258280326
260112384
261382464
264241152
265531392
266827932
267846264
268435456
269746176
271063296
272097792
275365888
276710448
277766496
282175488
283553298
286654464
288054144
292626432
294055272
297271296
298722816
301327047
301989888
303464448
304946208
306110016
308281344
309786624
311299254
312487308
314703872
316240512
317447424
322486272
322828856
324060912
329204736
330812181
334430208
336063168
339738624
341397504
343064484
344373768
346816512
348509952
352321536
354041856
355770576
357128352
359661568
361417728
362797056
363182463
364568526
368947264
370355328
376233984
378071064
382205952
384072192
387420489
390168576
392073696
396361728
398297088
400241898
401769396
402653184
404619264
406594944
408146688
411041792
413048832
415065672
416649744
421654016
423263232
425329947
429981696
432081216
438939648
441082908
445906944
448084224
452984832
455196672
457419312
459165024
462422016
464679936
466948881
468730962
469762048
472055808
474360768
476171136
481890304
483729408
484243284
486091368
493807104
501645312
504094752
509607936
512096256
514596726
516560652
520224768
522764928
528482304
531062784
533655864
535692528
536870912
539492352
542126592
544195584
546852789
550731776
553420896
555532992
564350976
564950498
567106596
573308928
576108288
585252864
588110544
594542592
597445632
600362847
602654094
603979776
606928896
609892416
612220032
616562688
619573248
622598508
624974616
629407744
632481024
634894848
644972544
645657712
648121824
658409472
661624362
668860416
672126336
679477248
682795008
686128968
688747536
693633024
697019904
703096443
704643072
708083712
711541152
714256704
719323136
722835456
725594112
726364926
729137052
737894528
740710656
752467968
756142128
764411904
768144384
771895089
774840978
780337152
784147392
792723456
796594176
800483796
803538792
805306368
809238528
813189888
816293376
822083584
826097664
830131344
833299488
843308032
846526464
847425747
850659894
859963392
864162432
877879296
882165816
891813888
896168448
903981141
905969664
910393344
914838624
918330048
924844032
929359872
933897762
937461924
939524096
944111616
948721536
952342272
963780608
967458816
968486568
972182736
987614208
992436543
1003290624
1008189504
1019215872
1024192512
1029193452
1033121304
1040449536
1045529856
1056964608
1062125568
1067311728
1071385056
1073741824
1078984704
1084253184
1088391168
1089547389
1093705578
1101463552
1106841792
1111065984
1128701952
1129900996
1134213192
1146617856
1152216576
1162261467
1170505728
1176221088
1189085184
1194891264
1200725694
1205308188
1207959552
1213857792
1219784832
1224440064
1233125376
1239146496
1245197016
1249949232
1258815488
1264962048
1269789696
1275989841
1289945088
1291315424
1296243648
1316818944
1323248724
1337720832
1344252672
1358954496
1365590016
1372257936
1377495072
1387266048
1394039808
1400846643
1406192886
1409286144
1416167424
1423082304
1428513408
1438646272
1445670912
1451188224
1452729852
1458274104
1475789056
1481421312
1504935936
1512284256
1528823808
1536288768
1543790178
1549681956
1560674304
1568294784
1585446912
1593188352
1600967592
1607077584
1610612736
1618477056
1626379776
1632586752
1640558367
1644167168
1652195328
1660262688
1666598976
1686616064
1693052928
1694851494
1701319788
1719926784
1728324864
1755758592
1764331632
1783627776
1792336896
1801088541
1807962282
1811939328
1820786688
1829677248
1836660096
1849688064
1858719744
1867795524
1874923848
1879048192
1888223232
1897443072
1904684544
1927561216
1934917632
1936973136
1944365472
1975228416
1977326743
1984873086
2006581248
2016379008
2038431744
2048385024
2058386904
2066242608
2080899072
2091059712
2109289329
2113929216
2124251136
2134623456
2142770112
2147483648
2157969408
2168506368
2176782336
2179094778
2187411156
2202927104
2213683584
2222131968
2257403904
2259801992
2268426384
2293235712
2304433152
2315685267
2324522934
2341011456
2352442176
2378170368
2389782528
2401451388
2410616376
2415919104
2427715584
2439569664
2448880128
2466250752
2478292992
2490394032
2499898464
2517630976
2529924096
2539579392
2542277241
2551979682
2579890176
2582630848
2592487296
2633637888
2646497448
2675441664
2688505344
2711943423
2717908992
2731180032
2744515872
2754990144
2774532096
2788079616
2801693286
2812385772
2818572288
2832334848
2846164608
2857026816
2877292544
2891341824
2902376448
2905459704
2916548208
2951578112
2962842624
2977309629
3009871872
3024568512
3057647616
3072577536
3087580356
3099363912
3121348608
3136589568
3170893824
3186376704
3201935184
3214155168
3221225472
3236954112
3252759552
3265173504
3268642167
3281116734
3288334336
3304390656
3320525376
3333197952
3373232128
3386105856
3402639576
3439853568
3456649728
3486784401
3511517184
3528663264
3567255552
3584673792
3602177082
3615924564
3623878656
3641573376
3659354496
3673320192
3699376128
3717439488
3735591048
3749847696
3758096384
3776446464
3794886144
3809369088
3827969523
3855122432
3869835264
3888730944
3950456832
3969746172
4013162496
4032758016
4076863488
4096770048
4116773808
4132485216
4161798144
4182119424
4202539929
4218578658
4227858432
4248502272
4269246912
4285540224
4294967296
4315938816
4337012736
4353564672
4374822312
4405854208
4444263936
4514807808
4536852768
4586471424
4608866304
4631370534
4649045868
4682022912
4704884352
4756340736
4779565056
4802902776
4821232752
4831838208
4855431168
4879139328
4897760256
4921675101
4932501504
4956585984
4999796928
5035261952
5079158784
5103959364
5159780352
5184974592
5267275776
5292994896
5350883328
5377010688
5403265623
5423886846
5435817984
5462360064
5489031744
5509980288
5549064192
5576159232
5624771544
5637144576
5664669696
5714053632
5754585088
5804752896
5833096416
5925685248
5954619258
6019743744
6049137024
6115295232
6145155072
6175160712
6198727824
6242697216
6273179136
6327867987
6341787648
6372753408
6428310336
6442450944
6473908224
6530347008
6562233468
6576668672
6666395904
6772211712
6805279152
6879707136
6913299456
6947055801
6973568802
7023034368
7057326528
7134511104
7169347584
7231849128
7247757312
7283146752
7346640384
7398752256
7499695392
7516192768
7618738176
7655939046
7739670528
7777461888
7900913664
7939492344
8026324992
8065516032
8135830269
8153726976
8193540096
8264970432
8323596288
8437157316
8455716864
8571080448
8589934592
8707129344
8749644624
8888527872
8931928887
9029615616
9073705536
9172942848
9217732608
9298091736
9364045824
9512681472
9642465504
9663676416
9795520512
9843350202
9999593856
10158317568
10207918728
10319560704
10369949184
10460353203
10534551552
10701766656
10847773692
10871635968
11019960576
11249543088
11428107264
11483908569
11609505792
11666192832
11851370496
12039487488
12230590464
12397455648
12655735974
12856620672
13060694016
13124466936
13332791808
13544423424
13759414272
13947137604
14463698256
14693280768
14765025303
14999390784
15237476352
15479341056
16271660538
16529940864
16874314632
17142160896
17414258688
18596183472
18983603961
19284931008
19591041024
20920706406
21695547384
22039921152
24407490807
24794911296
27894275208
31381059609
