222222333247488	(2010000020307)
222224224223232	(2020b)
222226229624832	(101000200010109)
222227272372224	(3000001010a)
222232886378496	(103010200010205)
222237874962432	(101020100020206)
222243349266432	(100000200030306)
222246932447232	(100010100030207)
222263729726976	(200030300000106)
222272448233472	(1020000030207)
222288736223232	(2010100000308)
222326422327296	(100010200010208)
222328347623424	(1010100030306)
222332462972928	(201010100010207)
222332734697472	(100030100020305)
222333246793728	(101020100010405)
222334326226944	(100000200030306)
222342322277376	(30100010307)
222343749992448	(301010000040204)
222373382337792	(101030000000505)
222383324233728	(2010000010506)
222389979743232	(301020000010305)
222426622328832	(2000200010208)
222432729329664	(200010200020206)
222439426228224	(101000100030108)
222443242979328	(201010000030206)
222446242234368	(1000200040206)
222623628263424	(1000300020207)
222627227977728	(101050100000007)
222627242299392	(300010100010108)
222632323448832	(2000100020406)
222634923743232	(100010100020406)
222637463322624	(10300020306)
222638394949632	(301000200020304)
222649722279936	(300020200010106)
222667873247232	(1030200010206)
222672634232832	(1010200010307)
222724424466432	(10200050106)
222769646862336	(101010500010204)
222877238427648	(3030100020105)
222892382748672	(103020100010106)
222929222326272	(20001010000010a)
223222638772224	(1020100010208)
223232224223232	(1040a)
223238342836224	(2000100020406)
223262372293632	(100010200000407)
223282272632832	(2010100000308)
223284632223744	(1010100030306)
223287323922432	(101010000010407)
223293427273728	(101030000010306)
223323463286784	(2010200020404)
223342223228928	(102000000010308)
223343236472832	(1010100020505)
223377232232448	(1020000020406)
223378226233344	(1010100020505)
223386447642624	(1010300040204)
223422663647232	(10300020306)
223444224442368	(1000100060205)
223448372969472	(201020100030204)
223462272724992	(200020100020107)
223463242727424	(20100040206)
223472392722432	(100020000020307)
223473647222784	(1030100030205)
223622443892736	(101010200020305)
223622778322944	(101020100020206)
223623224229888	(103000100010207)
223623484342272	(1010100030306)
223772639634432	(100020200020404)
223837928423424	(102010000030305)
223868274868224	(4010200020105)
223927444242432	(100010000050206)
224262336282624	(1000300020207)
224329936223232	(200000100010407)
224342732242944	(100010000050206)
224343438262272	(1010100030306)
224378274742272	(1040000030106)
224433792479232	(200020000030305)
224439373283328	(102010000020504)
224489472786432	(102020100040104)
224492296863744	(201010200040104)
224662772662272	(30400010007)
224732244344832	(1010000050305)
224734424334336	(10100050503)
224793997327872	(301040000010204)
224823382769664	(102010300020204)
224824827838464	(4010100040104)
224838933774336	(102020100020502)
224847734243328	(2020000040304)
224927223349248	(201010000030206)
224966232244224	(100000200040107)
226224326836224	(1000300020207)
226227989643264	(201010300020105)
226242322366464	(400030206)
226243373432832	(1010100020505)
226323427663872	(1020300010305)
226326233742336	(10300010505)
226327227743232	(30100010307)
226367384334336	(1010300020602)
226393344479232	(200010100030404)
226394464223232	(100000200030306)
226672224436224	(10300030107)
226822439337984	(202010100020304)
226827232837632	(2020200000306)
227246329626624	(100010400020106)
227326624229376	(100020300010206)
227422846844928	(103010100040005)
227439933364224	(200010100030404)
227663322292224	(100010200010208)
227766888824832	(5020200010104)
227822292762624	(101020200010008)
227822726283264	(2020200010107)
227833672679424	(101030200020204)
227882378723328	(4030000000305)
228223776227328	(2030100000207)
228237246332928	(102010100010306)
228246833332224	(2000100020406)
228323622223872	(2010100000308)
228364998672384	(203010200020203)
228432627892224	(102010100020107)
228436343783424	(2010100040403)
228469269233664	(201000400020204)
228632224333824	(2000100020406)
228822796468224	(103010200020006)
229223833362432	(101000100010506)
229244624437248	(101010100050105)
229264244342784	(101010100050105)
229288224227328	(103010000010108)
229363272843264	(101010200020305)
229476477468672	(101040300030003)
229478233227264	(101020100020206)
229496334262272	(200010200020206)
229943676469248	(301010300030103)
229966626742272	(200020400010006)
232222372429824	(101010000020208)
232227322693632	(100010200000407)
232232823373824	(2010000010506)
232234324328448	(2000000040405)
232234678222848	(3010100020206)
232246479273984	(201020100030204)
232263744233472	(20100030405)
232263938322432	(101000100010506)
232279838687232	(103020100000305)
232294927237632	(200020100010306)
232298232348672	(102010100010306)
232323983474688	(103010100020403)
232324234297344	(100010000040405)
232334446362624	(300040404)
232334462287872	(2020100020305)
232374942277632	(100030100020305)
232393377742848	(102030000020403)
232427842633728	(2020100020305)
232432673292288	(102010100010306)
232662343237632	(10300010505)
232672738443264	(1020200030304)
232673388724224	(2020100020305)
232722624282624	(1010200020108)
232739847438336	(102020100020502)
232829323444224	(101000000040306)
232832992223232	(201000000000408)
232842432872448	(3010000040205)
232932373422336	(100010100010605)
233223282229248	(102000000010308)
233228449972224	(201010000030206)
233273232267264	(20200010406)
233293663862784	(102010300010403)
233347228434432	(1010000040504)
233349382324224	(101000000030505)
233446442729472	(100020100050204)
233623244832768	(2010200020404)
233722779623424	(100030100020305)
233726332944384	(101010100030503)
233743263473664	(20300030502)
233926422239232	(200000100010407)
234222432288768	(3010100020206)
234233737887744	(2040000030402)
234282438623232	(2000100020406)
234327437277696	(100040200020303)
234332224487424	(1010000050305)
234336423223296	(100000200020505)
234373873434624	(1020100040502)
234386228772864	(3020200020204)
234422223372288	(2010000020307)
234426228277248	(2020100030106)
234484724662272	(1020200040105)
234623227732992	(200020100010306)
234637237223424	(20100030405)
234768222388224	(3010100020206)
236243338297344	(101010100030503)
236248323397632	(101010200010504)
236322347433984	(101010100030503)
236349342222336	(100000200020505)
236723224743936	(100020200020404)
236842422239232	(101000100020307)
237223263223296	(100010200000407)
237223396472832	(101020100010405)
237268422623232	(1010200010307)
237327644639232	(100020200020404)
237777342824448	(2040000040203)
237833832628224	(3010100010405)
237933334324224	(100010000030604)
238233323446272	(1010100020505)
238266724663296	(101010500010204)
238332328722432	(2010000010506)
238376222687232	(2020200000306)
238673726226432	(1020300010305)
238964262469632	(201000400020204)
238972623224832	(102010100010306)
238994737422336	(201020100020403)
239244347768832	(102020100030303)
239263422234624	(100000200030306)
239473223442432	(100010000040405)
239622922764288	(202010200010106)
239747226292224	(200020100020107)
239787462426624	(101020300030104)
242232983322624	(101000100020307)
242323867828224	(3010100020206)
242334222778368	(2020100020305)
242347748622336	(1020200030304)
242372329242624	(100010100030207)
242437227282432	(1020000030207)
242687232442368	(2010200030205)
242694664224768	(101010400040004)
242724326326272	(20200020207)
242764936372224	(100020200030205)
242892222234624	(101000100030108)
243263482232832	(2000100020406)
243369962422272	(200010200020206)
243376232988672	(102020200010304)
243392327442432	(100010000040405)
243422867423232	(1010100030306)
243423262236672	(10300020306)
243426223337472	(20100030405)
243463742226432	(10200040305)
243489222623232	(101000100020307)
243633744248832	(2010100040403)
243682236628992	(202000300010205)
243682822324224	(2000100030207)
243823324372992	(201010000020405)
244224488374272	(2020000050105)
244263392722944	(200010100040205)
244272233447424	(20000060205)
244344222646272	(10200050106)
244369333942272	(200010100030404)
244667224424448	(1010200070004)
244763672444928	(101020200050103)
244797226942464	(200020200050004)
244822362292224	(101000100030108)
244873393422336	(101010100030503)
244929326874624	(201010200040104)
244932448223232	(101000000040306)
246244876222464	(1010300050005)
246246647463936	(100010500040202)
246332224438272	(1010100030306)
246333933748224	(101010100030503)
246392626249728	(201010300020105)
246632468447232	(1010300040204)
247222774923264	(100030100030106)
247263742623744	(30200040204)
247266492383232	(101010200020305)
247269627666432	(100020500020104)
247276943327232	(100030100020305)
247296423886848	(104010200030103)
247422378663936	(101020300020303)
247432327962624	(100020200030205)
247862428434432	(2010100050204)
248374292447232	(101020000040205)
248427243896832	(103010100030204)
248943922642944	(301000100050104)
248962949332992	(501000100020204)
249224426422272	(100010100040008)
249322242834432	(101000000040306)
249722464223232	(100010100030207)
249833662267392	(201010300010304)
262243224649728	(101010200030106)
262247223877632	(1030200010206)
262326386294784	(102010300020204)
262338246623232	(1000300010406)
262347392692224	(200010200020206)
262368273678336	(2020400000403)
262393293238272	(201010100000406)
262394233823232	(101000100010506)
262436748263424	(1010300040204)
262483462324224	(1000200040206)
262647439294464	(200010300050103)
262723932366336	(100010400000504)
262772293238784	(102030100010205)
262826622222336	(1000400000208)
262843844788224	(4010100040104)
262886222462976	(102010400010006)
262949429772288	(302020100020005)
263263334326272	(10300010505)
263323322744832	(1010100020505)
263332373262336	(10300000704)
263392839438336	(202000200010602)
263422227382272	(1020100010208)
263422722834432	(1010100030306)
263427776446464	(30400050102)
263432723226624	(10300020306)
263484277733376	(1040200020402)
263634342838272	(2010200020404)
263777822687232	(2040200000205)
263823922962432	(201000200010306)
263869447274496	(201020300040102)
263928327892992	(402010100000205)
264223298322432	(101000100020307)
264233223733248	(1010100020505)
264342373392384	(101010100030503)
264363926224896	(201000400020204)
264423263698944	(201000300040203)
264449237778432	(101030100040203)
264833466236928	(102000400020303)
266274223423488	(2010200030205)
266438232244224	(1000200040206)
266473237266432	(20400020304)
267263328632832	(2010300000405)
267463234289664	(101010400030203)
267472227326976	(100040300010105)
267472739423232	(100030100020305)
267493223273472	(100030100020305)
268223226937344	(101010200020305)
268293233332224	(101000100010506)
268434992922624	(301000200030105)
269326344978432	(201010200030303)
272228223762432	(1020100010208)
272323424894976	(201020100030204)
272343372263424	(20100030405)
272347639732224	(100030100020305)
272377246482432	(1030100030205)
272444386443264	(1010200060203)
272649222623232	(100010200010208)
272734223634432	(20100030405)
272922232633344	(100010100020406)
272994626322432	(200010200020206)
273243332662272	(20200010406)
273244222734336	(20100030405)
273263926247424	(100020200030205)
273283434676224	(1020200030304)
273347422322688	(2020100020305)
273422749243392	(200020000030305)
273466423738368	(2020300020402)
273497637224448	(101030100040203)
273743443427328	(1030000040403)
273926432489472	(201020100030204)
273983369232384	(202010100010503)
274228422967296	(201020200020006)
274263733223424	(20100030405)
274322843762688	(3020200020204)
274334722228224	(1020000030207)
274342463668224	(1010300040204)
274382929723392	(301020000010305)
274393464274944	(200020100060202)
274432264372224	(20100040206)
274643367247872	(1040200030203)
276226476244992	(200020300030005)
276333326696448	(101010400020402)
276343343926272	(100020200020404)
276498423742464	(101020200050103)
276843722932224	(101020100020206)
277322362232832	(1020100000407)
277444723433472	(40000050303)
277447378747392	(101060000030202)
278283372724224	(2030000020206)
278449266622464	(101010400040004)
279362974367232	(200030200010304)
279363724222464	(100020200030205)
279442336223232	(100010100020406)
279673432722432	(100030100020305)
279932224223232	(200010000010308)
282264892342272	(102010100020107)
282294377938944	(302020000030203)
282324222738432	(2010000020307)
282383336374272	(2020100010504)
282478432223232	(2010000020307)
282499237343232	(201010000020405)
282622732664832	(2010300010206)
282829346832384	(104000100020304)
283224637366272	(1020300010305)
283276432244736	(1020200030304)
283429824233472	(102010000030305)
283463336927232	(101010200010504)
283727223263232	(1020100000407)
283732772327424	(1040000020305)
284422437863424	(2010100050204)
284438688694272	(104010200030103)
284467226738688	(4020300020103)
284729364283392	(202010100020304)
286274933489664	(202010300030202)
286323342262272	(1010200010307)
286344792244224	(101010100050105)
286378272423936	(102020200010304)
286624227262464	(1010400030006)
286736224223232	(1010200010307)
287346224922624	(101010200030106)
287662447263744	(1030300040103)
287794324242432	(101020000040205)
287826773262336	(2030300000304)
287933728223232	(102020000000406)
288232464973824	(103010100030204)
288374932242432	(102010000030305)
289223479222272	(201020000010108)
289229624377344	(201020100030204)
289372279762944	(301030100020104)
289644843368448	(104000200050201)
292423322382336	(101000100010506)
292423432863744	(101010100040304)
292434322747392	(200020000030305)
292464734994432	(300010100050203)
292497326263296	(300010300010205)
292624634437632	(100010300030304)
292624648372224	(101010200030106)
292643227828224	(102010100020107)
292669836263424	(201000400020204)
292724336443392	(200010100030404)
292732223422464	(100010100030207)
292732362768384	(102020200010304)
292986947764224	(301020200030004)
293263479742464	(200020200040203)
293324362463232	(100000200020505)
293428682293248	(203000100020205)
293694737946624	(300020300030202)
293724366372864	(101020300020303)
294242324447232	(100010000050206)
294473824468992	(302010100040103)
294487933243392	(301010000030403)
294723643834368	(102010200030402)
296247642292224	(200010200030007)
296386974277632	(201030300010203)
296473884327936	(202020200020302)
297227324233728	(101030000010306)
297263223226368	(101010300000306)
297376344244224	(100020100050204)
298248384282624	(104000100030105)
298782623268864	(104010300010104)
298978822324224	(203010000020106)
322228326776832	(2020200000306)
322237337232384	(1020000010605)
322269873633792	(201020200000404)
322272728773632	(1040100000306)
322274724323328	(1020000020406)
322324726284288	(3010100020206)
322326844342272	(1010100030306)
322333693792992	(400010100000504)
322342822674432	(1010100030306)
322363422646272	(10300020306)
322422397323264	(100010100020406)
322423494672384	(101010100040304)
322424623374336	(10200030504)
322433927327232	(100020000010506)
322462427922432	(100010100030207)
322496233242624	(100000200030306)
322622334332928	(101000100010506)
322622443487232	(1010100030306)
322632792244224	(100010100030207)
322634687348736	(2020300020402)
322692233232384	(101000100010506)
322692448223232	(101000100020307)
322692627382272	(101020200000207)
322733237428224	(1020000020406)
322774232223744	(30000030306)
322936482742272	(101020100020206)
322937848332288	(104010000010404)
323223932473344	(100010000030604)
323238229364736	(101010200010504)
323238283444224	(2000000040405)
323247337362432	(20100020604)
323248236724224	(1010100030306)
323263248924672	(101010200020305)
323263272439296	(200010200010405)
323282329362432	(101000100010506)
323324282437632	(1010100020505)
323339624423424	(100000100040504)
323343299423232	(200000000020605)
323423736233472	(20100020604)
323474286772224	(1030100030205)
323486982733824	(103010100020403)
323646443237376	(20300030502)
323647383822336	(2010200010603)
323679222623232	(100010200000407)
323682937933824	(202010100010503)
323722347282432	(1020000020406)
323723226322944	(100010100020406)
323836223422464	(1000200030405)
323937336772224	(100030100010504)
324237694943232	(200010100030404)
324267323369472	(100020200020404)
324273773343744	(40000040502)
324337334243328	(1010000030703)
324372628242432	(1010100030306)
324373327294464	(100020100040403)
324378923774976	(201040100020302)
324734233227264	(20100030405)
324772323434496	(100020100040403)
324888724242432	(3010000040205)
326392222367232	(100010200000407)
326424394727424	(100020100050204)
326424928223232	(101000100020307)
326623269224448	(101000300030205)
326627282386944	(102010300020204)
326637362322432	(10300010505)
326822462226432	(1000300020207)
326823927349248	(202010100020304)
326929272864768	(202020300010104)
327222477324288	(2030000020206)
327223732276224	(30100010307)
327234433462272	(20100030405)
327242236833792	(101020100010405)
327326293776384	(101030200010403)
327336828327936	(102020200000503)
327782742239232	(101030000010306)
327832234426368	(2010200020404)
328237898268672	(104020200000204)
328282377486336	(3020200010403)
328363727634432	(1020200020503)
328373329439232	(201010000010604)
328622344372224	(1010100030306)
329242923749376	(300020100020304)
329322732383232	(101010000000606)
329429723922432	(300010000020306)
329433486262272	(101010200020305)
329442229223424	(200000000040207)
329764432822272	(101020100020206)
329847343644672	(101020200040302)
332239777337664	(100040200010502)
332249463263232	(100000200020505)
332263267467264	(20400020304)
332292923327232	(200010000000507)
332327422328832	(2010000010506)
332328282292224	(102000000010308)
332362272743424	(20100030405)
332373942964224	(200010100030404)
332393742277632	(100030100010504)
332424964472832	(101010100040304)
332432429432832	(101000000030505)
332433826873344	(2010100030602)
332442793783296	(201020100020403)
332443232722944	(100010000040405)
332638442422272	(1010100030306)
332677742326272	(40200010305)
332726662324224	(10300020306)
332749222428672	(101020100020206)
332749236363264	(100010300020503)
332826344423424	(1000100050404)
332922232332288	(102000000000507)
333242972923392	(300010000010505)
333244987342848	(103010000040402)
333262222442496	(100000200030306)
333276434233344	(10100040702)
333328224632832	(2000100010605)
333348827922432	(102010000020504)
333366323922432	(100000200010704)
333372272873472	(1040000010504)
333379428286464	(102010200030402)
333442226847744	(1020100050303)
333469724442624	(100010200050303)
333784632287232	(2020100010504)
333823823327232	(2010000000705)
333838433746944	(102010100040600)
334228964622336	(101000300020404)
334236823732224	(1010100020505)
334247274676224	(30200040204)
334428424372224	(1010000050305)
334438327222272	(1020000020406)
334832443932672	(101010100030503)
334972744372224	(100030000040304)
336232692762624	(100010400010305)
336267242422272	(20200020207)
336629229944832	(301000200020304)
336823432372224	(1010100020505)
337242772242432	(30000030306)
337248242343936	(101010100030503)
337262633293824	(101010200010504)
337923394228224	(201010000020405)
337947243282432	(101020000030404)
338346469343232	(101000200030602)
338348838223872	(5010000010503)
338429324427264	(101010100040304)
338433624244224	(1000100050404)
338477222264832	(2020100020305)
339222624233472	(100010100020406)
339248678436864	(103010300030301)
339362724363264	(100010300020503)
339374842232832	(102010000020504)
339383222396928	(302000100000504)
339842626486272	(102010300020204)
339963334889472	(302010100020501)
342223833268224	(2000100020406)
342228228636672	(2010300010206)
342286642446336	(1000400040303)
342294222864384	(102000100040205)
342323873934336	(101010100020702)
342328446222336	(1000200030405)
342343272628224	(1010100030306)
342349324222464	(100000100050305)
342377282322432	(1020000020406)
342423233298432	(101000000030505)
342427224244224	(10000060107)
342648774623232	(1020200030304)
342662244728832	(2010200030205)
342694229262336	(200000300020305)
342773677338624	(1040200020402)
342792332273664	(100020200020404)
343224273272832	(1020000020406)
343244376244224	(10100060304)
343267923382272	(101020100010405)
343332933479424	(200010000040602)
343372342247424	(20000050404)
343392223924224	(200000000030406)
343824823222272	(2010000020307)
344432332726272	(20100030405)
344737932263424	(100020100040403)
344832743227392	(101020000030404)
344843472863232	(2010100040403)
346222339932672	(200010200010405)
346492227723264	(100020200030205)
346728767422464	(1030300040103)
346742423322624	(10200040305)
346884293394432	(202000100040402)
347399223349248	(301010000030403)
347443946422272	(100020100050204)
347624399388672	(202020200020302)
348476722642944	(101020200050103)
348663223222272	(1010200010307)
348897324367872	(103030100020302)
348944224223232	(101000000040306)
348974326923264	(201010200030303)
349233928372224	(201010000020405)
349382232244224	(101000000040306)
349923222623232	(200000100010407)
362227336224768	(1020300010305)
362229677236224	(100020300010206)
362273222836224	(1010200010307)
362293762424832	(101010200020305)
362324362788864	(3010300020303)
362339263222272	(100010200000407)
362423632822272	(1010200010307)
362464823476224	(1010300040204)
362493488922624	(202000200030204)
362496223337472	(100020200020404)
362743236624384	(1010300030403)
362786322382848	(4010200010304)
362924832227328	(102010100010306)
362966468788224	(103010400020103)
363229226422272	(100010200010208)
363234347384832	(2010100030602)
363422464376832	(1010300030403)
363432282292224	(101000100020307)
363444226228224	(1000200040206)
363463332793344	(100010200030701)
363622244622336	(400020405)
363623373324288	(2010200010603)
363742263263232	(10300010505)
363876649339392	(301010300010501)
364249287327744	(101030100040203)
364262224822272	(1010200020108)
364297222324224	(100010100030207)
364379274427392	(200030100030303)
364428263227392	(101010200020305)
364434227232768	(1020200030304)
364727243833344	(1020100040502)
364773332496384	(101020200030501)
366222272274432	(20200020207)
366362464223232	(400020405)
366843936227328	(102010300010403)
367466227236864	(1020500020203)
367778882322432	(3030100010304)
368263843282944	(103000200030303)
368694684942336	(202000400030301)
369224243232768	(101010200020305)
369262462334976	(200010400020303)
369366222292992	(400000300000206)
372223392436224	(100010100020406)
372224834666496	(101010400030203)
372293262222336	(100010200000407)
372332377329696	(200030200000503)
372362233227264	(20200010406)
372366439732224	(100020200020404)
372372776923392	(200040100000404)
372389374328832	(103020000010503)
372433268293632	(101010200010504)
372626293963392	(300010300000404)
372778933266432	(101030200010403)
372864432439296	(201010200030303)
373242624233472	(20100030405)
373244623847424	(1020100050303)
373443498344448	(102010000070400)
373892742623232	(101020100010405)
374239442239488	(202010000040303)
374392834228224	(102010000030305)
374629722292224	(200020100020107)
374823294676992	(301020200020203)
374922348724224	(101020000040205)
376223282233344	(1010100020505)
376343844323328	(2010100030602)
377222392479744	(200040000030204)
377224343322624	(20100030405)
377226489249792	(301030100020104)
377292622823424	(101020100020206)
377982343323648	(102020100020502)
378623822266368	(3010400000304)
379379488223232	(202020000010404)
379692232722432	(200020100010306)
379823423422464	(101010100040304)
382234426343424	(1000100050404)
382247763738624	(2030200020303)
382323289227264	(102010100010306)
382444278644736	(2020200050202)
382644342226944	(101000200050204)
382792482422784	(103020000030105)
382863728443392	(103010100020403)
383222372327424	(1020000020406)
383223384244224	(2000000040405)
383427243343872	(2020000030503)
383624222736384	(2010200020404)
383636262223872	(2010300000405)
384237623476224	(1020200030304)
384246262923264	(101000300030205)
384278368223232	(3010100010405)
384363647926272	(101020300020303)
386237237428224	(2020100020305)
386674226233344	(1010300030403)
388642682437632	(3010300020303)
392772634232832	(101020100010405)
392884372242432	(102010000030305)
393228222234624	(101000100020307)
393394392244224	(300000000040404)
394263492747264	(200020200040203)
394376362942464	(200010300040302)
394768273342464	(101020200040302)
396266233273344	(100010300020503)
397236273239232	(200020100000505)
397473238923264	(201020100020403)
397943343286272	(201020100020403)
398222334222336	(101000100010506)
398332463284224	(102000100030404)
398826942234624	(202000200030204)
399389492662272	(401010200010204)
422282323427328	(2010000020307)
422282766237696	(101020400010105)
422287484387328	(4020000030204)
422322479824896	(202010100030105)
422324449247232	(100010000050206)
422333322679296	(200010200010405)
422349664223232	(100000200030306)
422434346729472	(100020100050204)
422482374623232	(1010100030306)
422622624743424	(10200050106)
422632682422272	(1010200020108)
422672293822464	(101010200030106)
422673324982272	(101020100020206)
422722332942336	(100010100020406)
422727623442432	(20100040206)
422767247228928	(102030100020006)
422824224227328	(2010000030108)
422887443922944	(202010000050104)
422927422267392	(200020100020107)
422947223322624	(100010100030207)
423228437323776	(1030100020404)
423234423226368	(1000200030405)
423234972647424	(100020100050204)
423272233746432	(20100030405)
423282963382272	(102010100010306)
423293223223296	(200000100010407)
423343927222272	(100020000020307)
423383292444672	(101010100040304)
423394822324224	(101000000040306)
423447242932224	(100010000050206)
423468333268992	(202000200020403)
423634444222464	(200070204)
423684244242432	(1000100060205)
423722683367424	(1020200030304)
423742784274432	(1030000050204)
423832766644224	(1010300040204)
424227394289664	(201010200040104)
424234237722624	(20100040206)
424247422943232	(100010000050206)
424297624633344	(100010200050303)
424322372468736	(1020200030304)
424323264282624	(1000200040206)
424324283498496	(202000100050203)
424328224997376	(201020100030204)
424342487826432	(2010100050204)
424343327772672	(40100030304)
424392937242624	(200010100040205)
424424237432832	(1010000050305)
424437862367232	(1020200030304)
424443324727296	(100020100050204)
424463223324672	(10200040305)
424722643623936	(100010300030304)
424843637686272	(2020300030203)
426342223429632	(100000200030306)
426393247924224	(200010100040205)
426462837276672	(1030400020104)
426664424374272	(20300050104)
426696743337984	(201020300030301)
426724347764736	(40300040202)
426968384274432	(102010200040203)
427242366222336	(10300020306)
427362863284224	(2010200030205)
427364224229376	(100020200030205)
427442829262848	(103010100040005)
427486726324224	(1020200040105)
427832328978432	(103020000020304)
427876222943232	(101020100020206)
427933424443392	(200010000050403)
428243232227328	(2010000020307)
428336426778624	(2020300030203)
428489224224768	(103010100040005)
428742722322432	(1020000030207)
428787288244224	(4020000040005)
428846478262272	(3020200030005)
429236322729984	(301010100020205)
429287224246272	(101020100030007)
429333673273344	(100020100030602)
429882274676736	(102030300020103)
432242627346432	(10200040305)
432262372663296	(100010400010305)
432278442344448	(2010000070203)
432287392223232	(101010000010407)
432422433349632	(100000100040504)
432427622989824	(202010100030105)
432742433292288	(102010000030305)
432773423824896	(102020100030303)
432793322422272	(100020000020307)
432864293289984	(303000100030203)
432877772242944	(101040000040104)
432946324242432	(100000100050305)
433224227487744	(1030000050204)
433244922642432	(100000100050305)
433287232487424	(2020000040304)
433322223796224	(100010100020406)
433363396223232	(100000200010704)
433423323242496	(100000100040504)
433664234422272	(10200040305)
433768743862272	(2030200020303)
433798786842624	(103020200030202)
433834236444672	(1010200050402)
433922693234688	(202000200020403)
434233283346432	(1000100040603)
434247369228288	(103010100030204)
434263346233344	(200050602)
434282372923392	(201010000020405)
434286863843328	(4000200030402)
434332223926272	(100010100020406)
434333223297792	(200020000020504)
434442899423232	(201000000050304)
434622237622272	(20200020207)
434662369247232	(100010300030304)
434823397392384	(202010000030502)
434927823224832	(102010000030305)
434964323893248	(202000100040402)
436267383422976	(101020300020303)
436292967333888	(203010200010402)
436327992366336	(200010400010502)
436346643382272	(1010300030403)
436773822234624	(1020200030304)
437242823442432	(1010000050305)
437272847843328	(3030000030303)
437284292788224	(103020000030105)
437328883482624	(4010100030303)
437362976784384	(102030200030301)
437623832346624	(1010300030403)
437962442932224	(200010100040205)
437973322364928	(201020100020403)
438324742324224	(1010000050305)
438822342623232	(2000100020406)
439496223473664	(200010300040302)
439678822367232	(102020200010304)
442284726288384	(4010100040104)
442629472223232	(100010100030207)
442722623422464	(10200050106)
442762373394432	(100020100040403)
442822669369344	(201000300040203)
442834744246272	(1020100060104)
442846238736384	(3010200040302)
443224367824896	(102010200040203)
443247323323392	(100010000030604)
443272323723264	(20100030405)
443279883239424	(202010000040303)
443322469343232	(100000100040504)
443397268242432	(101010100040304)
443823332327424	(1010000040504)
443832696373248	(102010200030402)
444223422332928	(101000000040306)
444226822373376	(1020200030304)
444233343762432	(10100050503)
444284437266432	(1010200060203)
444322923282432	(101000000040306)
444332223627264	(10200040305)
444422342836224	(1000100060205)
444628422623232	(1000200040206)
444842882629632	(103000200040104)
444893843423232	(102000000050403)
446238443962368	(102000300040302)
446332347933696	(200010300030501)
446343332622336	(300030603)
446628867342336	(2010400030302)
446726372327424	(30200040204)
447373434396672	(100030200040401)
448232237236224	(1010100030306)
448237267623936	(101020300020303)
448626323423232	(1000200030405)
448729237684224	(102020100040104)
449227222843392	(201010000030206)
449362332647424	(100010200050303)
449944482742272	(201020000060004)
462322339282944	(201000100030305)
462322434834432	(1000100050404)
462464233242624	(300050205)
462643392282624	(101000300030205)
462733688438784	(4020200030301)
463242728374272	(1030100030205)
463246369947648	(201010400040201)
463462746292224	(100010300040105)
464237224722432	(20100040206)
464243766239232	(100010300030304)
464294362742784	(101020200050103)
464334438629376	(101010300040401)
466236343222272	(10300020306)
466333272244224	(10200040305)
467392374392832	(201020100020403)
467434439442432	(100010100070302)
468239747383296	(202020200020302)
468932686774272	(102030300020103)
469462424223744	(100010200060104)
472226327322624	(20200020207)
472343247839232	(101020000030404)
472433474322432	(20000050404)
472492696338432	(201010200030303)
472639288246272	(102020200020105)
472726637236224	(30300020205)
472927622823936	(201020200010205)
473273442238464	(1020100050303)
473273726736384	(1040200020402)
473282432372736	(1030100020404)
473283846733824	(3020100030402)
473294283743232	(101020000030404)
473643972329472	(200030100030303)
473922973343232	(200020000020504)
474223372664832	(1020200030304)
474447242723328	(1030000050204)
474744637882368	(3030200040201)
474766487322624	(1030300040103)
474896246243328	(102010200040203)
476438638362624	(2010400030302)
476633339449344	(200010200050500)
476769222623232	(100020300010206)
476822762422272	(1030200020007)
476922224443392	(200010100040205)
477486742634496	(101030300050101)
478222332327936	(101020100010405)
478336864223232	(2010200020404)
478946864922624	(202010300040003)
482222497333248	(102010000030305)
482333472423936	(101010100030503)
482346264379392	(201010200030303)
482746388447232	(3020100040203)
482867774226432	(2030200030104)
483337264693248	(102010200030402)
483626776743936	(101030400020301)
484364634292224	(101000200050204)
484383362383872	(4010100020502)
484624746676224	(1020400050003)
486422643474432	(1010200060203)
486482692276224	(102010300030005)
486622372626432	(1010400020205)
487337243323392	(101020000020603)
487622232244224	(1010100040107)
487623322238976	(102020200010304)
488336327442432	(2010100040403)
488429224722432	(102010000040106)
489332929462272	(301010100020205)
489623883743232	(103010100020403)
489944363433984	(302000100050400)
492333664223232	(100000200020505)
492433332636672	(100010300020503)
492669372432384	(201010200030303)
493236262987776	(201030300010203)
493283386294272	(202010100020304)
493424826384384	(103000100050302)
493448929247232	(301010000040204)
493838373224448	(103010000040402)
493949642932224	(400000100040204)
494323379327232	(200020000020504)
494824273477632	(101030100040203)
494976439222272	(300020100030105)
496364742623232	(100010300030304)
497633487224832	(102020100030303)
497642433232896	(201010200030303)
498243424223232	(101000000040306)
499633463476224	(200010300040302)
622222642446336	(400030206)
622223968223232	(101000200000308)
622242246426624	(400040007)
622264446222336	(400030206)
622293737232384	(101020100010405)
622327462428672	(1020300020106)
622346277224448	(1020200040105)
622362422329344	(100000200030306)
622373733983232	(101020100000604)
622434623422464	(300050205)
622624269238272	(101010300010107)
622732262326272	(20300000208)
622737724686336	(1030400010303)
622823224246272	(1010200020108)
622848337477632	(2030200020303)
623227488436224	(2010200030205)
623228222324736	(1010200010307)
623264647348224	(1010300040204)
623278498332672	(102020200010304)
623366286262272	(1010500000206)
623368627273728	(2030300000304)
623636422262784	(1010400020205)
623832722343936	(101010200010504)
623964498296832	(302000300020203)
623973222222336	(100010200000407)
624332634292224	(100000200030306)
624339227344896	(201010200030303)
624426298638336	(102000400020303)
624863223742464	(1010300040204)
626223333233664	(400010604)
626244282482688	(4000300030005)
626329693237248	(201010300010304)
626424232476672	(20400030105)
626634684628992	(202000500020103)
626826934222848	(103000300020105)
627244366823424	(1010300040204)
627333882642432	(2010200020404)
627887364636672	(2030500010202)
627934477492224	(200030100040104)
628242232246272	(1010200020108)
628326722322432	(1010200010307)
628372474232832	(2020100020305)
629222368223232	(101000200000308)
629243437326336	(100010300020503)
629279626332672	(200020400000205)
629323324342272	(100010100020406)
629376247922688	(202020300010104)
629382267666432	(101010500010204)
629422622244864	(101000300040006)
629482883383296	(204000200010303)
629986929426432	(401000300020104)
632224924434432	(100000100050305)
632262249234432	(100000200030306)
632363232227328	(1010200000506)
632363824447488	(3010200040302)
632366722842624	(1010400020205)
632373327839232	(101020100000604)
632393644474368	(101010300040401)
632429762936832	(201010300010304)
632736268222464	(1010400020205)
633223224732672	(20200010406)
633272227467264	(30300020205)
633273342234624	(10200030504)
633332724498432	(101010100030503)
633469297434624	(200010300040302)
634247892762624	(101020300030104)
634283342364672	(1010300030403)
634432832667648	(2010400030302)
634628474339328	(102010200030402)
637222228328448	(3010100020206)
637326322827264	(1020300010305)
637496882233344	(102010200030402)
638343882473472	(3020100030402)
638823232438272	(3010100010405)
639248627662848	(103010400020103)
639332339724288	(202010100010503)
642238433722368	(2010200020404)
642239392223232	(200000100010407)
642247432372224	(20100040206)
642292332724224	(100010100030207)
642439938373632	(201010200020502)
642483236634624	(1000400040303)
642743423336448	(1010200050402)
642834722783232	(2020100020305)
642836394934272	(201010200030303)
643336723427328	(1020200020503)
643343393742336	(100010200030701)
643344633298944	(201000200050401)
643424744374272	(30100060203)
643436362727424	(20300040303)
644224864223232	(1000200040206)
644273274322944	(100020100050204)
644342724329472	(100020100050204)
644962224439296	(300000300040104)
646682342326272	(1010400020205)
646786238644224	(2010400040103)
647233629622272	(100020300010206)
647336822243328	(2010200020404)
647343622324224	(10200040305)
647922242322432	(100010100030207)
662227494469632	(200010400030104)
662326244278272	(1020300020106)
662423786422272	(1020300020106)
663242328244224	(1000200040206)
663243326226432	(400020405)
663364222746624	(10500030204)
663638622732288	(3010400000304)
663724348342272	(1020200030304)
664326342623232	(400020405)
664872224292864	(102010300030005)
666263732649984	(201010500020202)
666266272229376	(100020600000105)
666388642332672	(2010500010303)
666437239222272	(100020300010206)
667224383422464	(1010300040204)
667244449234944	(200010200070102)
667433632223232	(10300010505)
667634227642368	(1020500020203)
667822344634368	(2010400030302)
668723383222272	(2020200000306)
668924244393984	(302000200040202)
669347346382848	(103010300030301)
669737242363392	(200020300010403)
672497349737472	(200050100030202)
672644382326784	(2020300030203)
672724236828672	(2030300010105)
672746996662272	(200030500010004)
672763383742464	(1030300030302)
673334423322624	(10200030504)
673629923764224	(200020300020204)
674222744272896	(101030200030005)
674742622224384	(1020200040105)
674846382292992	(302010200020104)
676223398674432	(101020300020303)
676486762463232	(1020500020203)
678823872233472	(3030100010304)
682274882322432	(3010100020206)
682362972942336	(201010300010304)
683297772724224	(101040100020105)
684322462236672	(1010400020205)
684479644434432	(101010200070201)
687272777662464	(1050400020003)
687623288389632	(104010300000303)
687743223422976	(101030200020204)
688294824247296	(203010200030004)
688723229343744	(102020100030303)
689437237837824	(103030100020302)
689798422462464	(202010300040003)
692234242228224	(101000100030108)
693323233247232	(100010100010605)
693376282238976	(202020300000303)
693734362933248	(201010200020502)
696632264884224	(102000400030104)
698732223823872	(103020100000305)
699228924346368	(302000300020203)
722222236237824	(1020100010208)
722232467324928	(101020100020206)
722243963363328	(101010200010504)
722249634742272	(100030100030106)
722267322384384	(2020100020305)
722273722232832	(1030000000308)
722282644242432	(1010100040107)
722388274642944	(102020100040104)
722432493748224	(101020000040205)
722674333237248	(1030100020404)
722733248692224	(101020100020206)
722774324772864	(1050100030104)
722822662324224	(1010200020108)
722824743223296	(101020100020206)
722837748842496	(103030100030103)
723226282426368	(2010300010206)
723228233269248	(102010100010306)
723238222823424	(2010000020307)
723323378663424	(1020200020503)
723333442922496	(200010100030404)
723387626422272	(1030200010206)
723398437343232	(101020000020603)
723423237433344	(20000040603)
723426494644224	(100010200060104)
723472943284224	(101020000040205)
723696477364224	(100030300030203)
723739493449728	(301030000030302)
723797392332672	(200040100000404)
723868834332672	(3020200010403)
723892244447232	(101020000040205)
724222624333824	(1010100030306)
724223627624448	(1020200040105)
724263963623424	(100010300030304)
724349243326464	(100010200050303)
724396342247424	(100020100050204)
724428726239232	(101020100020206)
724448364724224	(1020100060104)
724622268432384	(2010200030205)
724834222866432	(2010200030205)
726242327322624	(20200020207)
726737272926336	(100040300000304)
726762324492288	(102020200020105)
727222224863232	(1020100010208)
727329922228224	(201020000010108)
727332433938432	(101020000020603)
727468322337792	(101040100010304)
728222223826944	(102010100020107)
728237746962432	(101030200020204)
728433367732224	(1030100020404)
728647423967232	(101030200020204)
728722336333824	(2020100010504)
729282423324672	(101020100020206)
729978874232832	(203030000010204)
732224238649344	(101010100040304)
732232646433792	(100020200020404)
732423822262272	(1020100010208)
732469262337792	(200030200010304)
732474392444928	(201020000050203)
732639872692224	(201020200010205)
732642482847744	(2030100050103)
732792282292224	(201020000010108)
732872364392448	(102020100030303)
733229222326272	(100020100000308)
733322622739392	(200020100000505)
733438429323264	(101010100030503)
733842323472384	(2020000030503)
734223648227328	(2020100020305)
734238846222336	(2010200020404)
734283262734336	(1020200020503)
734288676323328	(3020200010403)
734332972649472	(200030100030303)
734766974226432	(100030300030203)
734832376233984	(102020100020502)
736282437746688	(3030300020202)
736692226228224	(101010300010107)
736733423849472	(101030100030402)
736848442294272	(102020100040104)
736882663329792	(202020300000303)
737229246824448	(102020100040104)
737232498229248	(202020000020205)
737232888397824	(104030000010303)
737292462262272	(100030200010107)
737489277923328	(202040000010303)
737822823284736	(3030100010304)
738237442424832	(2020000040304)
738799732242432	(201030000020304)
739238224822272	(102020000010207)
739443437236224	(100020100040403)
742286323924992	(301010100020205)
742294266642432	(100010300040105)
742342622773248	(1030100030205)
742383392292864	(202010100020304)
742723432722432	(30000030306)
742733484982272	(102030000030204)
742946238332928	(202010100020304)
743268294623232	(101010200020305)
743283622674432	(1020200030304)
743372399742336	(200030100020502)
743383422222336	(1010100020505)
743423632229376	(100020200020404)
743794223284224	(101020000040205)
743862372728832	(3030100010304)
743924279476224	(200030100040104)
743928376246272	(101030200020204)
743944763326464	(100020300050301)
744223842238464	(2010100050204)
744227743924224	(100030000050105)
744497827282944	(202030000050003)
746222242332672	(20200020207)
746262722322432	(20200020207)
746266294222848	(102010300030005)
746343324647424	(20200060302)
747743333323392	(100030000020702)
747863323877376	(2050200010401)
748423443382272	(2020000040304)
748922338934784	(203020000030302)
749262266339328	(201010300010304)
749346229223424	(200010100040205)
762228474642432	(1020200040105)
762392738322432	(101020100010405)
762422262239232	(100010200010208)
762827946983424	(202020200030103)
763237333647936	(100030300010601)
763262497234944	(200020200040203)
763298239463424	(201010200030303)
763333323282432	(1010100010704)
763428322363392	(101010200010504)
763982232846336	(102010300010403)
764228243423232	(1010100030306)
764263279632384	(101020300020303)
764277232223232	(30100010307)
764924322742272	(100030100030106)
766243482697728	(102030300020103)
766244433733632	(20300030502)
766428747743232	(1040200030203)
766433632398336	(101010400010601)
766883842228224	(4010200020105)
769399226233344	(300010200020403)
769743294824448	(202020100050102)
769837374222336	(101030200010403)
772278736223232	(1040100000306)
772342622263296	(100020300010206)
772723264223232	(30100010307)
772894296244224	(201020100040005)
773229272223744	(100040000020206)
773232442343424	(20000050404)
773472233447424	(40000050303)
773623228686336	(2020400000403)
773724222738432	(1040000020305)
774323337424896	(101030100030402)
774428222324736	(1030100030205)
774822249234432	(101020000040205)
776232432267264	(30300020205)
776663324688384	(3020400020301)
777222826426368	(2030300010105)
777468632629248	(102030300020103)
778722244263936	(101030200020204)
779339272243392	(300030000010404)
779363242463232	(100020200020404)
782227323666432	(1020300010305)
782292286734336	(102020200010304)
782344374239232	(101020000030404)
782366722228224	(2020200010107)
782638923644928	(203010200020203)
782672224223232	(1020100010208)
782762342326272	(1030200010206)
782888334262272	(4020100010205)
783233373339648	(102020100010701)
784276293943296	(301020200020203)
784334233976832	(102020100020502)
786222343323648	(2010200020404)
786346333323264	(1010300020602)
788322732244992	(202020000020205)
789434842742784	(103030000050102)
789468322922496	(302010200020104)
792224362266624	(100010400020106)
792323233422336	(100010100010605)
792367347727872	(101060100010203)
792423264632832	(101010200020305)
794624233439232	(200010100030404)
797269346463744	(200030300040201)
797378422966272	(201040200010104)
797444483383296	(202020100040301)
798433226293248	(202010100020304)
822237362343936	(101010200010504)
822239473434624	(101010100040304)
822263626727424	(1020300020106)
822362432274432	(1010100030306)
822432869646336	(102000400020303)
822443872223232	(2010000020307)
822694744424448	(102010100070003)
822723282468864	(4010200020105)
822733332793344	(101020000020603)
823224386322432	(2000100020406)
823233344274432	(1010000040504)
823244324732928	(102010000030305)
823249333223424	(101000000030505)
823323236327424	(1010100020505)
823364747476992	(201030200030202)
823468838879232	(105010100010303)
823773839228928	(204020000000304)
823873722384384	(4020000020403)
824222223433728	(2010000020307)
824222272978944	(202020000030006)
824232222277632	(1020100010208)
824232429748224	(102010000040106)
824324442292224	(101000000050107)
824329662234624	(101000300030205)
824764477243392	(101030100040203)
826223837773824	(3030100010304)
826282384293888	(106000100010204)
826342263226368	(2000400010305)
826363332329472	(101010200010504)
826433228242944	(102000100040205)
826974782226432	(102020200020105)
827229367222272	(101030100000108)
827348823834624	(4010100030303)
827372266463232	(1020300010305)
827434289332224	(102010000030305)
827922334482432	(102010000030305)
828234469343232	(102000100030404)
828297342222336	(102010100010306)
828372923449344	(202010000040303)
828727722934272	(102040000010106)
829287924498432	(303010000030104)
829722349338624	(202010100020304)
832232347333632	(1010100010704)
832332338233344	(2000000020803)
832772979892224	(302030000010105)
832922464223232	(101000100020307)
833222722332672	(1020100000407)
833349244944384	(202000000060401)
833476328423424	(2010100040403)
833623237343232	(1010100010704)
833823299764224	(202010100020304)
833936922427392	(301010100010404)
834322938494976	(302010100030302)
834333222223872	(2010000010506)
834922423222272	(101010000020208)
836232479244288	(103010100030204)
836942333239296	(301000200010503)
837349364662272	(101020300020303)
842223684943872	(103010100030204)
842224279486464	(102010200050004)
842343243743232	(1010000040504)
842497422262272	(101020100030007)
842633282322432	(2000100020406)
842832347922432	(102010000030305)
842849738293248	(204010000030203)
842922272489472	(202020000030006)
842932676984832	(203010200020203)
843434322296832	(102000100030404)
844228284383232	(4000000030305)
844233833447424	(2010000060402)
844236327739392	(201020100020403)
844323237789696	(202020200020302)
844763347943424	(101020100060301)
844823322427392	(102010000030305)
846248823226368	(4000300020204)
846834362744832	(3010200040302)
847333732799232	(201030000010503)
847444363444224	(1010100080202)
848263246774272	(2030200030104)
848436442693632	(102000300040302)
849339834236928	(303000100020402)
862234873823232	(3010100010405)
862322327322624	(1010200010307)
862872892342272	(103020100010106)
863222223273984	(102010100010306)
863447963664384	(102010400040300)
864323334733824	(2010100030602)
866262946332672	(101010500010204)
866273292767232	(101030300000205)
867344224223232	(1010100030306)
872222492639232	(201010100010207)
872323323346944	(101010100030503)
872329222324224	(101010000020208)
872383332667392	(102020200000503)
872433434492928	(202010000040303)
872923486224384	(103010100030204)
872936396623872	(202020300000303)
873222243876864	(3020200020204)
873232648372224	(2020100020305)
873423422226432	(1010100030306)
873499336722432	(201020100020403)
876243263422464	(1010300040204)
876322267333632	(1020300000504)
876322328297472	(102030100010205)
876322486222848	(4010200020105)
876366222262272	(1020400000107)
877274827333632	(2040100010403)
877667434463232	(1030300030302)
882247623376896	(103020300010203)
883242664722432	(2010200030205)
883364393336832	(103000200010701)
883443322847232	(3010000030404)
887328262324224	(3010100020206)
887397263327232	(102030100000404)
887644323643392	(102010200030402)
888287432933376	(104020100010402)
888682729439232	(204010100010204)
889443223732224	(102010000030305)
892322793234432	(201010000020405)
892726492299264	(401010200020005)
892964773822464	(202020200030103)
893362233673728	(102020200000503)
894324734263296	(201010200030303)
894393423839232	(302000000020503)
896422447742976	(201030200040003)
896462244937728	(202020200030103)
897432724242432	(101020000040205)
897826274279424	(202030100030004)
899643822833664	(203000300020302)
922244324327424	(100010000050206)
922273369823232	(201010100000406)
922276243832832	(102010100010306)
922422389833728	(203010000010305)
922424647237632	(100020200030205)
922432234622976	(200010200020206)
922438628278272	(103020100010106)
922624422838272	(102010100020107)
922679232233472	(200020100010306)
922749964222464	(300010200040005)
922824374943744	(201020000050203)
922937328746496	(301020200020203)
923343473332224	(100010000030604)
923372443348992	(301010000030403)
923379638823936	(302010200000502)
923422726324224	(100010100030207)
923423234936832	(201000100020504)
923932342222848	(202000000020306)
924222397722624	(200020100020107)
924229274443776	(200030100040104)
924368224223232	(101000100020307)
924393233332224	(200000000020605)
926226366234624	(100000500020205)
926234464223232	(100000200030306)
926234643382272	(101010200020305)
926262233874432	(101010200020305)
926373732383232	(101020100000604)
926442426728448	(102010200050004)
926874324762624	(101020300030104)
927223386292224	(201010100010207)
928272428826624	(103010200020006)
928447224348672	(102020100040104)
928634263732224	(101010200020305)
928663233748992	(302010200010303)
929432632246272	(200010200020206)
932233247479296	(300020100020304)
932236244287488	(103010100030204)
932262234292224	(200000100020208)
932293333222272	(200010000000507)
932472743924736	(200030100030303)
932473243828224	(102010000030305)
932632737426432	(100020200020404)
932642284363776	(101020300020303)
933232864223232	(101000100010506)
933427327924224	(200020000030305)
933839272783872	(203030000000403)
933973732343232	(200020000010703)
934837233426432	(101010100030503)
936242272272384	(101020100020206)
936247734632448	(101020200040302)
936723294388224	(202010100020304)
936784244293632	(201010200030303)
937263942623232	(200010200010405)
937428384743424	(102020000050302)
938223339282432	(202000000010505)
938249299427328	(402010000020204)
939447228432384	(202010000040303)
942232676732928	(201020200010205)
942343728463872	(102020100030303)
943242342432768	(101010100040304)
943242676862976	(201020400020103)
943727266234368	(101020300020303)
944223226232832	(101000100020307)
944262342623232	(100000200030306)
944693623222272	(200010200020206)
944946694324224	(300000200060103)
946229222227968	(301010200010007)
946322277433344	(100020100040403)
946324228276224	(101010200030106)
946623622938624	(201000400020204)
947228428468224	(103010100040005)
947232638263296	(201010300010304)
948322337292288	(203010000010305)
962222427242496	(200010200030007)
962222642233344	(100000200030306)
962823398326272	(202010200000305)
964223824822272	(102010100020107)
964328334262272	(101010200020305)
967432348237824	(102020100030303)
967433299273728	(301030100010303)
968462393278464	(202010300030202)
972282422329344	(201010000030206)
972422864437248	(102020100040104)
972746444242944	(200020100070003)
973368484429824	(203010100040202)
974626234638336	(101010400020402)
974733743499264	(300030100040301)
976229242232832	(201010100010207)
978243724394496	(301020100040202)
978433346322432	(101010100030503)
978723826827264	(103030200010104)
979424346636288	(202010300030202)
982336397672448	(202020200020302)
982422624927744	(201020100040005)
983233984462848	(204000100030302)
983276982632448	(203010200020203)
984222942363648	(202000200030204)
984364836323328	(103000200020502)
986862743322624	(102010300020204)
989384442642432	(202000100050203)
994393897362432	(401010100020402)
997226233823232	(201010100000406)
998296243273728	(302020100010204)
999682934243328	(402000100020303)
999949227282432	(501010000020105)

