131072
196608
262144
294912
393216
442368
458752
524288
589824
663552
688128
786432
884736
917504
995328
1032192
1048576
1179648
1327104
1376256
1492992
1548288
1572864
1605632
1769472
1835008
1990656
2064384
2097152
2239488
2322432
2359296
2408448
2654208
2752512
2985984
3096576
3145728
3211264
3359232
3483648
3538944
3612672
3670016
3981312
4128768
4194304
4478976
4644864
4718592
4816896
5038848
5225472
5308416
5419008
5505024
5619712
5971968
6193152
6291456
6422528
6718464
6967296
7077888
7225344
7340032
7558272
7838208
7962624
8128512
8257536
8388608
8429568
8957952
9289728
9437184
9633792
10077696
10450944
10616832
10838016
11010048
11239424
11337408
11757312
11943936
12192768
12386304
12582912
12644352
12845056
13436928
13934592
14155776
14450688
14680064
15116544
15676416
15925248
16257024
16515072
16777216
16859136
17006112
17635968
17915904
18289152
18579456
18874368
18966528
19267584
19668992
20155392
20901888
21233664
21676032
22020096
22478848
22674816
23514624
23887872
24385536
24772608
25165824
25288704
25509168
25690112
26453952
26873856
27433728
27869184
28311552
28449792
28901376
29360128
29503488
30233088
31352832
31850496
32514048
33030144
33554432
33718272
34012224
35271936
35831808
36578304
37158912
37748736
37933056
38263752
38535168
39337984
39680928
40310784
41150592
41803776
42467328
42674688
43352064
44040192
44255232
44957696
45349632
47029248
47775744
48771072
49545216
50331648
50577408
51018336
51380224
52907904
53747712
54867456
55738368
56623104
56899584
57395628
57802752
58720256
59006976
59521392
60466176
61725888
62705664
63700992
64012032
65028096
66060288
66382848
67108864
67436544
68024448
68841472
70543872
71663616
73156608
74317824
75497472
75866112
76527504
77070336
78675968
79361856
80621568
82301184
83607552
84934656
85349376
86093442
86704128
88080384
88510464
89282088
89915392
90699264
92588832
94058496
95551488
96018048
97542144
99090432
99574272
100663296
101154816
102036672
102760448
103262208
105815808
107495424
109734912
111476736
113246208
113799168
114791256
115605504
117440512
118013952
119042784
120932352
123451776
125411328
127401984
128024064
129140163
130056192
132120576
132765696
133923132
134217728
134873088
136048896
137682944
138883248
141087744
143327232
144027072
146313216
148635648
149361408
150994944
151732224
153055008
154140672
154893312
157351936
158723712
161243136
164602368
167215104
169869312
170698752
172186884
173408256
176160768
177020928
178564176
179830784
181398528
185177664
188116992
191102976
192036096
195084288
198180864
199148544
200884698
201326592
202309632
204073344
205520896
206524416
208324872
211631616
214990848
216040608
219469824
222953472
224042112
226492416
227598336
229582512
231211008
232339968
234881024
236027904
238085568
240945152
241864704
246903552
250822656
254803968
256048128
258280326
260112384
264241152
265531392
267846264
268435456
269746176
272097792
275365888
277766496
282175488
286654464
288054144
292626432
297271296
298722816
301327047
301989888
303464448
306110016
308281344
309786624
312487308
314703872
317447424
322486272
324060912
329204736
334430208
336063168
339738624
341397504
344373768
346816512
348509952
352321536
354041856
357128352
359661568
361417728
362797056
370355328
376233984
382205952
384072192
387420489
390168576
396361728
398297088
401769396
402653184
404619264
408146688
411041792
413048832
416649744
423263232
429981696
432081216
438939648
445906944
448084224
452984832
455196672
459165024
462422016
464679936
468730962
469762048
472055808
476171136
481890304
483729408
486091368
493807104
501645312
504094752
509607936
512096256
516560652
520224768
522764928
528482304
531062784
535692528
536870912
539492352
542126592
544195584
550731776
555532992
564350976
573308928
576108288
585252864
594542592
597445632
602654094
603979776
606928896
612220032
616562688
619573248
624974616
629407744
634894848
644972544
648121824
658409472
668860416
672126336
679477248
682795008
688747536
693633024
697019904
703096443
704643072
708083712
714256704
719323136
722835456
725594112
729137052
740710656
752467968
756142128
764411904
768144384
774840978
780337152
784147392
792723456
796594176
803538792
805306368
809238528
813189888
816293376
822083584
826097664
833299488
843308032
846526464
859963392
864162432
877879296
891813888
896168448
903981141
905969664
910393344
918330048
924844032
929359872
937461924
939524096
944111616
952342272
963780608
967458816
972182736
987614208
1003290624
1008189504
1019215872
1024192512
1033121304
1040449536
1045529856
1056964608
1062125568
1071385056
1073741824
1078984704
1084253184
1088391168
1093705578
1101463552
1111065984
1128701952
1134213192
1146617856
1152216576
1162261467
1170505728
1176221088
1189085184
1194891264
1205308188
1207959552
1213857792
1219784832
1224440064
1233125376
1239146496
1249949232
1258815488
1264962048
1269789696
1289945088
1296243648
1316818944
1337720832
1344252672
1358954496
1365590016
1377495072
1387266048
1394039808
1406192886
1409286144
1416167424
1428513408
1438646272
1445670912
1451188224
1458274104
1481421312
1504935936
1512284256
1528823808
1536288768
1549681956
1560674304
1568294784
1585446912
1593188352
1607077584
1610612736
1618477056
1626379776
1632586752
1640558367
1644167168
1652195328
1666598976
1686616064
1693052928
1701319788
1719926784
1728324864
1755758592
1764331632
1783627776
1792336896
1807962282
1811939328
1820786688
1829677248
1836660096
1849688064
1858719744
1874923848
1879048192
1888223232
1897443072
1904684544
1927561216
1934917632
1944365472
1975228416
2006581248
2016379008
2038431744
2048385024
2066242608
2080899072
2091059712
2109289329
2113929216
2124251136
2142770112
2147483648
2157969408
2168506368
2176782336
2187411156
2202927104
2222131968
2257403904
2268426384
2293235712
2304433152
2324522934
2341011456
2352442176
2378170368
2389782528
2410616376
2415919104
2427715584
2439569664
2448880128
2466250752
2478292992
2499898464
2517630976
2529924096
2539579392
2551979682
2579890176
2592487296
2633637888
2646497448
2675441664
2688505344
2711943423
2717908992
2731180032
2744515872
2754990144
2774532096
2788079616
2812385772
2818572288
2832334848
2846164608
2857026816
2877292544
2891341824
2902376448
2916548208
2951578112
2962842624
3009871872
3024568512
3057647616
3072577536
3099363912
3121348608
3136589568
3170893824
3186376704
3214155168
3221225472
3236954112
3252759552
3265173504
3281116734
3288334336
3304390656
3333197952
3373232128
3386105856
3402639576
3439853568
3456649728
3486784401
3511517184
3528663264
3567255552
3584673792
3615924564
3623878656
3641573376
3659354496
3673320192
3699376128
3717439488
3749847696
3758096384
3776446464
3794886144
3809369088
3827969523
3855122432
3869835264
3888730944
3950456832
3969746172
4013162496
4032758016
4076863488
4096770048
4116773808
4132485216
4161798144
4182119424
4218578658
4227858432
4248502272
4269246912
4285540224
4294967296
4315938816
4337012736
4353564672
4374822312
4405854208
4427367168
4444263936
4514807808
4536852768
4586471424
4608866304
4649045868
4682022912
4704884352
4756340736
4779565056
4821232752
4831838208
4855431168
4879139328
4897760256
4921675101
4932501504
4956585984
4999796928
5035261952
5059848192
5079158784
5103959364
5159780352
5184974592
5267275776
5292994896
5350883328
5377010688
5423886846
5435817984
5462360064
5489031744
5509980288
5549064192
5576159232
5624771544
5637144576
5664669696
5692329216
5714053632
5754585088
5782683648
5804752896
5833096416
5903156224
5925685248
5954619258
6019743744
6049137024
6115295232
6145155072
6175160712
6198727824
6242697216
6273179136
6327867987
6341787648
6372753408
6403870368
6428310336
6442450944
6473908224
6505519104
6530347008
6562233468
6576668672
6608781312
6641050752
6666395904
6746464256
6772211712
6805279152
6879707136
6913299456
6973568802
7023034368
7057326528
7134511104
7169347584
7231849128
7247757312
7283146752
7318708992
7346640384
7398752256
7434878976
7499695392
7516192768
7552892928
7589772288
7618738176
7655939046
7710244864
7739670528
7777461888
7900913664
7939492344
8026324992
8065516032
8135830269
8153726976
8193540096
8233547616
8264970432
8323596288
8364238848
8437157316
8455716864
8497004544
8538493824
8571080448
8589934592
8631877632
8674025472
8707129344
8749644624
8811708416
8854734336
8888527872
8931928887
9029615616
9073705536
9172942848
9217732608
9262741068
9298091736
9364045824
9409768704
9512681472
9559130112
9605805552
9642465504
9663676416
9710862336
9758278656
9795520512
9843350202
9865003008
9913171968
9961576128
9999593856
10070523904
10119696384
10158317568
10207918728
10319560704
10330523392
10369949184
10460353203
10534551552
10585989792
10701766656
10754021376
10847773692
10871635968
10924720128
10978063488
11019960576
11098128384
11152318464
11249543088
11274289152
11329339392
11384658432
11428107264
11483908569
11509170176
11565367296
11609505792
11666192832
11806312448
11851370496
11909238516
12039487488
12098274048
12230590464
12290310144
12350321424
12397455648
12485394432
12546358272
12655735974
12683575296
12745506816
12807740736
12856620672
12884901888
12947816448
13011038208
13060694016
13124466936
13153337344
13217562624
13282101504
13332791808
13492928512
13544423424
13610558304
13759414272
13826598912
13894111602
13947137604
14046068736
14114653056
14269022208
14338695168
14408708328
14463698256
14495514624
14566293504
14637417984
14693280768
14765025303
14797504512
14869757952
14942364192
14999390784
15032385536
15105785856
15179544576
15237476352
15311878092
15420489728
15479341056
15495785088
15554923776
15801827328
15878984688
16052649984
16131032064
16271660538
16307453952
16387080192
16467095232
16529940864
16647192576
16728477696
16874314632
16911433728
16994009088
17076987648
17142160896
17179869184
17263755264
17348050944
17414258688
17499289248
17623416832
17709468672
17777055744
17863857774
18059231232
18147411072
18345885696
18435465216
18525482136
18596183472
18728091648
18819537408
18983603961
19025362944
19118260224
19211611104
19284931008
19327352832
19421724672
19516557312
19591041024
19686700404
19730006016
19826343936
19923152256
19999187712
20141047808
20239392768
20316635136
20415837456
20639121408
20661046784
20739898368
20841167403
20920706406
21069103104
21171979584
21403533312
21508042752
21613062492
21695547384
21743271936
21849440256
21956126976
22039921152
22196256768
22304636928
22413546288
22499086176
22548578304
22658678784
22769316864
22856214528
22967817138
23018340352
23130734592
23219011584
23243677632
23332385664
23612624896
23702740992
23818477032
24078974976
24196548096
24407490807
24461180928
24580620288
24700642848
24794911296
24970788864
25092716544
25311471948
25367150592
25491013632
25615481472
25713241344
25769803776
25895632896
26022076416
26121388032
26248933872
26306674688
26435125248
26564203008
26665583616
26795786661
26985857024
27088846848
27221116608
27518828544
27653197824
27788223204
27894275208
28092137472
28229306112
28538044416
28677390336
28817416656
28927396512
28991029248
29132587008
29274835968
29386561536
29530050606
29595009024
29739515904
29884728384
29998781568
30064771072
30211571712
30359089152
30474952704
30623756184
30840979456
30958682112
30991570176
31109847552
31381059609
31603654656
31757969376
32105299968
32262064128
32419593738
32543321076
32614907904
32774160384
32934190464
33059881728
33294385152
33456955392
33620319432
33748629264
33822867456
33988018176
34153975296
34284321792
34359738368
34451725707
34527510528
34696101888
34828517376
34865516448
34998578496
35246833664
35418937344
35554111488
35727715548
36118462464
36156831872
36294822144
36691771392
36870930432
37050964272
37192366944
37456183296
37639074816
37967207922
38050725888
38236520448
38423222208
38569862016
38654705664
38843449344
39033114624
39182082048
39373400808
39460012032
39652687872
39846304512
39998375424
40282095616
40478785536
40633270272
40831674912
41278242816
41322093568
41479796736
41682334806
41841412812
42138206208
42343959168
42807066624
43016085504
43226124984
43391094768
43486543872
43698880512
43912253952
44079842304
44295075909
44392513536
44609273856
44827092576
44998172352
45097156608
45317357568
45538633728
45712429056
45935634276
46036680704
46261469184
46438023168
46487355264
46664771328
47225249792
47405481984
47636954064
48157949952
48393096192
48629390607
48814981614
48922361856
49161240576
49401285696
49589822592
49941577728
50185433088
50430479148
50622943896
50734301184
50982027264
51230962944
51426482688
51539607552
51791265792
52044152832
52242776064
52298274672
52497867744
52613349376
52870250496
53128406016
53331167232
53591573322
53971714048
54177693696
54235247808
54442233216
55037657088
55306395648
55576446408
55788550416
56184274944
56458612224
56950811883
57076088832
57354780672
57634833312
57854793024
57982058496
58265174016
58549671936
58773123072
59060101212
59190018048
59479031808
59769456768
59997563136
60129542144
60423143424
60718178304
60949905408
61247512368
61681958912
61917364224
61983140352
62219695104
62523502209
62762119218
63207309312
63515938752
64210599936
64524128256
64839187476
65086642152
65229815808
65548320768
65868380928
66119763456
66588770304
66913910784
67240638864
67497258528
67645734912
67976036352
68307950592
68568643584
68719476736
68903451414
69055021056
69392203776
69657034752
69731032896
69997156992
70493667328
70837874688
71108222976
71455431096
72236924928
72313663744
72589644288
73222472421
73383542784
73741860864
74101928544
74384733888
74912366592
75278149632
75645718722
75934415844
76101451776
76473040896
76846444416
77139724032
77309411328
77686898688
78066229248
78364164096
78447412008
78746801616
78920024064
79305375744
79692609024
79996750848
80387359983
80564191232
80957571072
81266540544
81352871712
81663349824
82556485632
82644187136
82959593472
83364669612
83682825624
84276412416
84687918336
85614133248
86032171008
86452249968
86782189536
86973087744
87397761024
87824507904
88159684608
88590151818
88785027072
89218547712
89654185152
89996344704
90194313216
90634715136
91077267456
91424858112
91871268552
92073361408
92522938368
92876046336
92974710528
93329542656
94143178827
94450499584
94810963968
95273908128
96315899904
96786192384
97258781214
97629963228
97844723712
98322481152
98802571392
99179645184
99883155456
100370866176
100860958296
101245887792
101468602368
101964054528
102461925888
102852965376
103079215104
103355177121
103582531584
104088305664
104485552128
104596549344
104995735488
105226698752
105740500992
106256812032
106662334464
107183146644
107943428096
108355387392
108470495616
108884466432
110075314176
110612791296
111152892816
111577100832
112368549888
112917224448
113468578083
113901623766
114152177664
114709561344
115269666624
115709586048
115964116992
116530348032
117099343872
117546246144
117671118012
118120202424
118380036096
118958063616
119538913536
119995126272
120259084288
120846286848
121436356608
121899810816
122029307568
122495024736
123363917824
123834728448
123966280704
124439390208
125047004418
125524238436
126414618624
126548911552
127031877504
128421199872
129048256512
129678374952
130173284304
130459631616
131096641536
131736761856
132239526912
132885227727
133177540608
133827821568
134481277728
134994517056
135291469824
135952072704
136615901184
137137287168
137438953472
137806902828
138110042112
138784407552
139314069504
139462065792
139994313984
140987334656
141675749376
142216445952
142910862192
144473849856
144627327488
145179288576
145888171821
146444944842
146767085568
147483721728
148203857088
148769467776
149824733184
150556299264
151291437444
151868831688
152202903552
152946081792
153692888832
154279448064
154618822656
155373797376
156132458496
156728328192
156894824016
157493603232
157840048128
158610751488
159385218048
159993501696
160774719966
161128382464
161915142144
162533081088
162705743424
163326699648
165112971264
165288374272
165919186944
166729339224
167365651248
168552824832
169375836672
170852435649
171228266496
172064342016
172904499936
173564379072
173946175488
174795522048
175649015808
176319369216
176506677018
177180303636
177570054144
178437095424
179308370304
179992689408
180388626432
181269430272
182154534912
182849716224
183043961352
183742537104
184146722816
185045876736
185752092672
185949421056
186659085312
187570506627
188286357654
188900999168
189621927936
189823367328
190547816256
192631799808
193572384768
194517562428
195259926456
195689447424
196644962304
197605142784
198359290368
199766310912
200741732352
201721916592
202491775584
202937204736
203928109056
204923851776
205705930752
206158430208
206710354242
207165063168
208176611328
208971104256
209193098688
209991470976
210453397504
211481001984
212513624064
213324668928
214366293288
215886856192
216710774784
216940991232
217768932864
219667417263
220150628352
221225582592
222305785632
223154201664
224737099776
225834448896
226937156166
227803247532
228304355328
229419122688
230539333248
231419172096
231928233984
233060696064
234198687744
235092492288
235342236024
236240404848
236760072192
237916127232
239077827072
239990252544
240518168576
241162079949
241692573696
242872713216
243799621632
244058615136
244990049472
246727835648
247669456896
247932561408
248878780416
250094008836
251048476872
252829237248
253097823104
254063755008
256842399744
258096513024
259356749904
260346568608
260919263232
262193283072
263473523712
264479053824
264760015527
265770455454
266355081216
267655643136
268962555456
269989034112
270582939648
271904145408
273231802368
274274574336
274565942028
274877906944
275613805656
276220084224
277568815104
278628139008
278924131584
279988627968
281974669312
282429536481
283351498752
284432891904
284735050992
285821724384
288947699712
289254654976
290358577152
291776343642
292889889684
293534171136
294967443456
296407714176
297538935552
299649466368
301112598528
302582874888
303737663376
304405807104
305892163584
307385777664
308558896128
309237645312
310065531363
310747594752
312264916992
313456656384
313789648032
314987206464
315680096256
317221502976
318770436096
319987003392
321549439932
322256764928
323830284288
325066162176
325411486848
326653399296
330225942528
330576748544
331838373888
333458678448
334731302496
337105649664
338751673344
340405734249
341704871298
342456532992
344128684032
345808999872
347128758144
347892350976
349591044096
351298031616
352638738432
353013354036
354360607272
355140108288
356874190848
358616740608
359985378816
360777252864
362538860544
364309069824
365699432448
366087922704
367485074208
368293445632
370091753472
371504185344
371898842112
373318170624
375141013254
376572715308
377801998336
379243855872
379646734656
381095632512
385263599616
387144769536
389035124856
390519852912
391378894848
393289924608
395210285568
396718580736
398655683181
399532621824
401483464704
403443833184
404983551168
405874409472
407856218112
409847703552
411411861504
411848913042
412316860416
413420708484
414330126336
416353222656
417942208512
418386197376
419982941952
420906795008
422962003968
425027248128
426649337856
427102576488
428732586576
431773712384
433421549568
433881982464
435537865728
437664515463
439334834526
440301256704
442451165184
442921190432
444611571264
446308403328
449474199552
451668897792
453874312332
455606495064
456608710656
458838245376
461078666496
462838344192
463856467968
466121392128
468397375488
470184984576
470684472048
472480809696
473520144384
475832254464
478155654144
479980505088
481036337152
482324159898
483385147392
485745426432
487599243264
488117230272
489980098944
493455671296
495338913792
495865122816
497757560832
500188017672
502096953744
505658474496
506195646208
508127510016
512557306947
513684799488
516193026048
518713499808
520693137216
521838526464
524386566144
526947047424
528958107648
529520031054
531540910908
532710162432
535311286272
537925110912
539978068224
541165879296
543808290816
546463604736
548549148672
549131884056
549755813888
551227611312
552440168448
555137630208
557256278016
557848263168
559977255936
562711519881
563949338624
564859072962
566702997504
568865783808
569470101984
571643448768
577895399424
578509309952
580717154304
583552687284
585779779368
587068342272
589934886912
592815428352
595077871104
599298932736
602225197056
605165749776
607475326752
608811614208
611784327168
614771555328
617117792256
617773369563
618475290624
620131062726
621495189504
624529833984
626913312768
627579296064
629974412928
631360192512
634443005952
637540872192
639974006784
640653864732
643098879864
644513529856
647660568576
650132324352
650822973696
653306798592
659002251789
660451885056
661153497088
663676747776
664381785648
666917356896
669462604992
674211299328
677503346688
680811468498
683409742596
684913065984
688257368064
691617999744
694257516288
695784701952
699182088192
702596063232
705277476864
706026708072
708721214544
710280216576
713748381696
717233481216
719970757632
721554505728
723486239847
725077721088
728618139648
731398864896
732175845408
734970148416
736586891264
740183506944
743008370688
743797684224
746636341248
750282026508
753145430616
755603996672
758487711744
759293469312
762191265024
770527199232
774289539072
778070249712
781039705824
782757789696
786579849216
790420571136
793437161472
794280046581
797311366362
799065243648
802966929408
806887666368
809967102336
811748818944
815712436224
819695407104
822823723008
823697826084
824633720832
826841416968
828660252672
832706445312
835884417024
836772394752
839965883904
841813590016
845924007936
847288609443
850054496256
853298675712
854205152976
857465173152
863547424768
866843099136
867763964928
871075731456
875329030926
878669669052
880602513408
884902330368
885842380864
889223142528
892616806656
898948399104
903337795584
907748624664
911212990128
913217421312
917676490752
922157332992
925676688384
927712935936
930196594089
932242784256
936794750976
940369969152
941368944096
944961619392
947040288768
951664508928
956311308288
959961010176
960980797098
962072674304
964648319796
966770294784
971490852864
975198486528
976234460544
979960197888
986911342592
990677827584
991730245632
995515121664
996572678472
1000376035344
1004193907488
1011316948992
1012391292416
1016255020032
1021217202747
1025114613894
1027369598976
1032386052096
1037426999616
1041386274432
1043677052928
1048773132288
1053894094848
1057916215296
1059040062108
1063081821816
1065420324864
1070622572544
1075850221824
1079956136448
1082331758592
1087616581632
1092927209472
1097098297344
1098263768112
1099511627776
1102455222624
1104880336896
1110275260416
1114512556032
1115696526336
1119954511872
1125423039762
1127898677248
1129718145924
1133405995008
1137731567616
1138940203968
1143286897536
1155790798848
1157018619904
1161434308608
1167105374568
1171559558736
1174136684544
1179869773824
1185630856704
1190155742208
1195967049543
1198597865472
1204450394112
1210331499552
1214950653504
1217623228416
1223568654336
1229543110656
1234235584512
1235546739126
1236950581248
1240262125452
1242990379008
1249059667968
1253826625536
1255158592128
1259948825856
1262720385024
1268886011904
1275081744384
1279948013568
1281307729464
1286197759728
1289027059712
1295321137152
1300264648704
1301645947392
1306613597184
1312993546389
1318004503578
1320903770112
1322306994176
1327353495552
1328763571296
1333834713792
1338925209984
1348422598656
1355006693376
1361622936996
1366819485192
1369826131968
1376514736128
1383235999488
1388515032576
1391569403904
1398364176384
1405192126464
1410554953728
1412053416144
1417442429088
1420560433152
1427496763392
1434466962432
1439941515264
1441471195647
1443109011456
1446972479694
1450155442176
1457236279296
1462797729792
1464351690816
1469940296832
1473173782528
1480367013888
1486016741376
1487595368448
1493272682496
1494859017708
1500564053016
1506290861232
1511207993344
1516975423488
1518586938624
1524382530048
1537671920841
1541054398464
1548579078144
1550224166512
1556140499424
1562079411648
1565515579392
1573159698432
1580841142272
1586874322944
1588560093162
1594622732724
1598130487296
1605933858816
1613775332736
1619934204672
1623497637888
1631424872448
1639390814208
1645647446016
1647395652168
1649267441664
1653682833936
1657320505344
1665412890624
1671768834048
1673544789504
1679931767808
1683627180032
1688134559643
1691848015872
1694577218886
1700108992512
1706597351424
1708410305952
1714930346304
1727094849536
1733686198272
1735527929856
1742151462912
1750658061852
1757339338104
1761205026816
1769804660736
1771684761728
1778446285056
1785233613312
1797896798208
1806675591168
1815497249328
1822425980256
1826434842624
1835352981504
1844314665984
1851353376768
1853320108689
1855425871872
1860393188178
1864485568512
1873589501952
1880739938304
1882737888192
1889923238784
1894080577536
1903329017856
1912622616576
1919922020352
1921961594196
1924145348608
1929296639592
1933540589568
1942981705728
1950396973056
1952468921088
1959920395776
1973822685184
1977006755367
1981355655168
1983460491264
1991030243328
1993145356944
2000752070688
2008387814976
2022633897984
2024782584832
2032510040064
2042434405494
2050229227788
2054739197952
2064772104192
2074853999232
2082772548864
2087354105856
2097546264576
2107788189696
2115832430592
2118080124216
2126163643632
2130840649728
2141245145088
2151700443648
2159912272896
2164663517184
2170458719541
2175233163264
2185854418944
2194196594688
2196527536224
2199023255552
2204910445248
2209760673792
2220550520832
2229025112064
2231393052672
2239909023744
2242288526562
2250846079524
2255797354496
2259436291848
2266811990016
2275463135232
2277880407936
2286573795072
2311581597696
2314037239808
2322868617216
2325336249768
2334210749136
2343119117472
2348273369088
2359739547648
2371261713408
2380311484416
2382840139743
2391934099086
2397195730944
2408900788224
2420662999104
2429901307008
2435246456832
2447137308672
2459086221312
2468471169024
2471093478252
2473901162496
2480524250904
2485980758016
2498119335936
2507653251072
2510317184256
2519897651712
2525440770048
2537772023808
2541865828329
2550163488768
2559896027136
2562615458928
2572395519456
2578054119424
2590642274304
2600529297408
2603291894784
2613227194368
2625987092778
2636009007156
2641807540224
2644613988352
2654706991104
2657527142592
2667669427584
2677850419968
2696845197312
2710013386752
2723245873992
2733638970384
2739652263936
2753029472256
2766471998976
2777030065152
2783138807808
2790589782267
2796728352768
2810384252928
2821109907456
2824106832288
2834884858176
2841120866304
2854993526784
2868933924864
2879883030528
2882942391294
2886218022912
2893944959388
2900310884352
2914472558592
2925595459584
2928703381632
2939880593664
2946347565056
2960734027776
2972033482752
2975190736896
2986545364992
2989718035416
3001128106032
3012581722464
3022415986688
3033950846976
3037173877248
3048765060096
3063651608241
3075343841682
3082108796928
3097158156288
3100448333024
3112280998848
3124158823296
3131031158784
3146319396864
3161682284544
3173748645888
3177120186324
3189245465448
3196260974592
3211867717632
3227550665472
3239868409344
3246995275776
3262849744896
3278781628416
3291294892032
3294791304336
3298534883328
3307365667872
3314641010688
3330825781248
3343537668096
3347089579008
3359863535616
3363432789843
3367254360064
3376269119286
3383696031744
3389154437772
3400217985024
3413194702848
3416820611904
3429860692608
3454189699072
3467372396544
3471055859712
3484302925824
3488004374652
3501316123704
3514678676208
3522410053632
3539609321472
3543369523456
3556892570112
3570467226624
3587901148629
3595793596416
3613351182336
3630994498656
3644851960512
3652869685248
3670705963008
3688629331968
3702706753536
3706640217378
3710851743744
3720786376356
3728971137024
3747179003904
3761479876608
3765475776384
3779846477568
3788161155072
3806658035712
3825245233152
3839844040704
3843923188392
3848290697216
3858593279184
3867081179136
3885963411456
3900793946112
3904937842176
3919840791552
3938980639167
3947645370368
3954013510734
3962711310336
3966920982528
3982060486656
3986290713888
4001504141376
4016775629952
4045267795968
4049565169664
4065020080128
4084868810988
4100458455576
4109478395904
4129544208384
4149707998464
4165545097728
4174708211712
4195092529152
4215576379392
4231664861184
4236160248432
4252327287264
4261681299456
4282490290176
4303400887296
4319824545792
4324413586941
4329327034368
4340917439082
4350466326528
4371708837888
4388393189376
4393055072448
4398046511104
4409820890496
4419521347584
4441101041664
4458050224128
4462786105344
4479818047488
4484577053124
4501692159048
4511594708992
4518872583696
4533623980032
4550926270464
4555760815872
4573147590144
4613015762523
4623163195392
4628074479616
4645737234432
4650672499536
4668421498272
4686238234944
4696546738176
4719479095296
4742523426816
4760622968832
4765680279486
4783868198172
4794391461888
4817801576448
4841325998208
4859802614016
4870492913664
4894274617344
4918172442624
4936942338048
4942186956504
4947802324992
4961048501808
4971961516032
4996238671872
5015306502144
5020634368512
5039795303424
5050881540096
5064403678929
5075544047616
5083731656658
5100326977536
5119792054272
5125230917856
5144791038912
5156108238848
5181284548608
5201058594816
5206583789568
5226454388736
5232006561978
5251974185556
5272018014312
5283615080448
5289227976704
5309413982208
5315054285184
5335338855168
5355700839936
5393690394624
5420026773504
5425784582792
5446491747984
5467277940768
5479304527872
5506058944512
5532943997952
5554060130304
5559960326067
5566277615616
5581179564534
5593456705536
5620768505856
5642219814912
5648213664576
5669769716352
5682241732608
5709987053568
5737867849728
5759766061056
5765884782588
5772436045824
5787889918776
5800621768704
5828945117184
5851190919168
5857406763264
5879761187328
5892695130112
5921468055552
5931020266101
5944066965504
5950381473792
5973090729984
5979436070832
6002256212064
6025163444928
6044831973376
6067901693952
6074347754496
6097530120192
6127303216482
6150687683364
6164217593856
6194316312576
6200896666048
6224561997696
6248317646592
6262062317568
6292638793728
6323364569088
6347497291776
6354240372648
6378490930896
6392521949184
6423735435264
6455101330944
6479736818688
6493990551552
6511376158623
6525699489792
6557563256832
6582589784064
6589582608672
6597069766656
6614731335744
6629282021376
6661651562496
6687075336192
6694179158016
6719727071232
6726865579686
6734508720128
6752538238572
6767392063488
6778308875544
6800435970048
6826389405696
6833641223808
6859721385216
6908379398144
6934744793088
6942111719424
6968605851648
6976008749304
7002632247408
7029357352416
7044820107264
7079218642944
7086739046912
7113785140224
7140934453248
7148520419229
7175802297258
7191587192832
7226702364672
7261988997312
7289703921024
7305739370496
7341411926016
7377258663936
7405413507072
7413280434756
7421703487488
7441572752712
7457942274048
7494358007808
7522959753216
7530951552768
7559692955136
7576322310144
7613316071424
7625597484987
7650490466304
7679688081408
7687846376784
7696581394432
7717186558368
7734162358272
7771926822912
7801587892224
7809875684352
7839681583104
7848009842967
7877961278334
7895290740736
7908027021468
7925422620672
7933841965056
7964120973312
7972581427776
8003008282752
8033551259904
8090535591936
8099130339328
8130040160256
8138676874188
8169737621976
8200916911152
8218956791808
8259088416768
8299415996928
8331090195456
8349416423424
8371769346801
8390185058304
8431152758784
8463329722368
8472320496864
8504654574528
8523362598912
8564980580352
8606801774592
8639649091584
8648827173882
8658654068736
8681834878164
8700932653056
8743417675776
8776786378752
8786110144896
8796093022208
8819641780992
8839042695168
8882202083328
8916100448256
8925572210688
8959636094976
8969154106248
9003384318096
9023189417984
9037745167392
9067247960064
9101852540928
9111521631744
9146295180288
9190954824723
9226031525046
9246326390784
9256148959232
9291474468864
9301344999072
9336842996544
9372476469888
9393093476352
9438958190592
9485046853632
9521245937664
9531360558972
9567736396344
9588782923776
9635603152896
9682651996416
9719605228032
9740985827328
9788549234688
9836344885248
9873884676096
9884373913008
9895604649984
9922097003616
9943923032064
9992477343744
10030613004288
10041268737024
10079590606848
10090298369529
10101763080192
10128807357858
10151088095232
10167463313316
10200653955072
10239584108544
10250461835712
10289582077824
10312216477696
10362569097216
10402117189632
10413167579136
10452908777472
10464013123956
10503948371112
10544036028624
10567230160896
10578455953408
10618827964416
10630108570368
10670677710336
10711401679872
10763703445887
10787380789248
10840053547008
10851569165584
10892983495968
10934555881536
10958609055744
11012117889024
11065887995904
11108120260608
11119920652134
11132555231232
11162359129068
11186913411072
11241537011712
11284439629824
11296427329152
11339539432704
11364483465216
11419974107136
11475735699456
11519532122112
11531769565176
11544872091648
11575779837552
11601243537408
11657890234368
11702381838336
11714813526528
11759522374656
11785390260224
11816941917501
11842936111104
11862040532202
11888133931008
11900762947584
11946181459968
11958872141664
12004512424128
12050326889856
12089663946752
12135803387904
12148695508992
12195060240384
12208015311282
12254606432964
12301375366728
12328435187712
12388632625152
12401793332096
12449123995392
12496635293184
12524124635136
12585277587456
12646729138176
12694994583552
12708480745296
12756981861792
12785043898368
12847470870528
12910202661888
12959473637376
12973240760823
12987981103104
13022752317246
13051398979584
13115126513664
13165179568128
13179165217344
13194139533312
13229462671488
13258564042752
13323303124992
13374150672384
13388358316032
13439454142464
13453731159372
13469017440256
13505076477144
13534784126976
13556617751088
13600871940096
13652778811392
13667282447616
13719442770432
13816758796288
13839047287569
13869489586176
13884223438848
13937211703296
13952017498608
14005264494816
14058714704832
14089640214528
14158437285888
14173478093824
14227570280448
14281868906496
14297040838458
14351604594516
14383174385664
14453404729344
14523977994624
14579407842048
14611478740992
14682823852032
14754517327872
14810827014144
14826560869512
14843406974976
14883145505424
14915884548096
14988716015616
15045919506432
15061903105536
15119385910272
15152644620288
15193211036787
15226632142848
15251194969974
15300980932608
15359376162816
15375692753568
15393162788864
15434373116736
15468324716544
15543853645824
15603175784448
15619751368704
15679363166208
15696019685934
15755922556668
15790581481472
15816054042936
15850845241344
15867683930112
15928241946624
15945162855552
16006016565504
16067102519808
16181071183872
16198260678656
16260080320512
16277353748376
16339475243952
16401833822304
16437913583616
16518176833536
16598831993856
16662180390912
16679880978201
16698832846848
16743538693602
16780370116608
16862305517568
16926659444736
16944640993728
17009309149056
17046725197824
17129961160704
17213603549184
17279298183168
17297654347764
17317308137472
17363669756328
17401865306112
17486835351552
17553572757504
17572220289792
17592186044416
17639283561984
17678085390336
17764404166656
17793060798303
17832200896512
17851144421376
17919272189952
17938308212496
18006768636192
18046378835968
18075490334784
18134495920128
18203705081856
18223043263488
18292590360576
18312022966923
18381909649446
18452063050092
18492652781568
18512297918464
18582948937728
18602689998144
18673685993088
18744952939776
18786186952704
18877916381184
18970093707264
18990246039772
19042491875328
19062721117944
19135472792688
19177565847552
19271206305792
19365303992832
19439210456064
19481971654656
19534128475869
19577098469376
19672689770496
19747769352192
19768747826016
19791209299968
19844194007232
19887846064128
19984954687488
20061226008576
20082537474048
20159181213696
20180596739058
20203526160384
20257614715716
20302176190464
20334926626632
20401307910144
20479168217088
20500923671424
20579164155648
20624432955392
20725138194432
20804234379264
20826335158272
20905817554944
20928026247912
21007896742224
21088072057248
21134460321792
21156911906816
21237655928832
21260217140736
21341355420672
21422803359744
21445561257687
21527406891774
21574761578496
21680107094016
21703138331168
21785966991936
21869111763072
21917218111488
22024235778048
22131775991808
22216240521216
22239841304268
22265110462464
22324718258136
22373826822144
22483074023424
22568879259648
22592854658304
22679078865408
22728966930432
22839948214272
22876792454961
22951471398912
23039064244224
23063539130352
23089744183296
23151559675104
23202487074816
23315780468736
23404763676672
23429627053056
23519044749312
23544029528901
23570780520448
23633883835002
23685872222208
23724081064404
23776267862016
23801525895168
23892362919936
23917744283328
24009024848256
24100653779712
24179327893504
24271606775808
24297391017984
24390120480768
24416030622564
24509212865928
24602750733456
24656870375424
24777265250304
24803586664192
24898247990784
24993270586368
25048249270272
25115308040403
25170555174912
25293458276352
25389989167104
25416961490592
25513963723584
25570087796736
25694941741056
25820405323776
25918947274752
25946481521646
25975962206208
26045504634492
26102797959168
26230253027328
26330359136256
26358330434688
26388279066624
26458925342976
26517128085504
26646606249984
26748301344768
26776716632064
26878908284928
26907462318744
26938034880512
27010152954288
27069568253952
27113235502176
27201743880192
27305557622784
27334564895232
27438885540864
27572864474169
27633517592576
27678094575138
27738979172352
27768446877696
27874423406592
27904034997216
28010528989632
28117429409664
28179280429056
28316874571776
28346956187648
28455140560896
28485369059658
28563737812992
28594081676916
28703209189032
28766348771328
28906809458688
29047955989248
29158815684096
29222957481984
29365647704064
29509034655744
29621654028288
29653121739024
29686813949952
29766291010848
29831769096192
29977432031232
30091839012864
30123806211072
30238771820544
30270895108587
30305289240576
30386422073574
30453264285696
30502389939948
30601961865216
30718752325632
30751385507136
30786325577728
30868746233472
30936649433088
31087707291648
31206351568896
31239502737408
31358726332416
31392039371868
31511845113336
31581162962944
31632108085872
31701690482688
31735367860224
31856483893248
31890325711104
32012033131008
32134205039616
32291110337661
32362142367744
32396521357312
32520160641024
32554707496752
32678950487904
32803667644608
32875827167232
33036353667072
33197663987712
33324360781824
33359761956402
33397665693696
33487077387204
33560740233216
33724611035136
33853318889472
33889281987456
34018618298112
34093450395648
34259922321408
34427207098368
34558596366336
34595308695528
34634616274944
34727339512656
34803730612224
34973670703104
35107145515008
35144440579584
35184372088832
35278567123968
35356170780672
35450825752503
35528808333312
35586121596606
35664401793024
35702288842752
35838544379904
35876616424992
36013537272384
36092757671936
36150980669568
36268991840256
36407410163712
36446086526976
36585180721152
36624045933846
36763819298892
36904126100184
36985305563136
37024595836928
37165897875456
37205379996288
37347371986176
37489905879552
37572373905408
37755832762368
37940187414528
37980492079544
38084983750656
38125442235888
38270945585376
38355131695104
38542412611584
38730607985664
38878420912128
38919722282469
38963943309312
39068256951738
39154196938752
39345379540992
39495538704384
39537495652032
39582418599936
39688388014464
39775692128256
39969909374976
40122452017152
40165074948096
40318362427392
40361193478116
40407052320768
40515229431432
40604352380928
40669853253264
40802615820288
40958336434176
41001847342848
41158328311296
41248865910784
41450276388864
41517141862707
41608468758528
41652670316544
41811635109888
41856052495824
42015793484448
42176144114496
42268920643584
42313823813632
42475311857664
42520434281472
42682710841344
42728053589487
42845606719488
42891122515374
43054813783548
43149523156992
43360214188032
43406276662336
43571933983872
43738223526144
43834436222976
44048471556096
44263551983616
44432481042432
44479682608536
44530220924928
44649436516272
44747653644288
44966148046848
45137758519296
45185709316608
45358157730816
45457933860864
45579633110361
45679896428544
45753584909922
45902942797824
46078128488448
46127078260704
46179488366592
46303119350208
46404974149632
46631560937472
46809527353344
46859254106112
47038089498624
47088059057802
47141561040896
47267767670004
47371744444416
47448162128808
47552535724032
47603051790336
47784725839872
47835488566656
48018049696512
48201307559424
48358655787008
48543213551616
48594782035968
48780240961536
48832061245128
49018425731856
49205501466912
49313740750848
49554530500608
49607173328384
49796495981568
49986541172736
50039642934603
50096498540544
50230616080806
50341110349824
50586916552704
50779978334208
50833922981184
51027927447168
51140175593472
51389883482112
51640810647552
51837894549504
51892963043292
51951924412416
52091009268984
52205595918336
52460506054656
52660718272512
52716660869376
52776558133248
52917850685952
53034256171008
53293212499968
53379182394909
53496602689536
53553433264128
53757816569856
53814924637488
53876069761024
54020305908576
54139136507904
54226471004352
54403487760384
54611115245568
54669129790464
54877771081728
54936068900769
55145728948338
55267035185152
55356189150276
55477958344704
55536893755392
55748846813184
55808069994432
56021057979264
56234858819328
56358560858112
56633749143552
56693912375296
56910281121792
56970738119316
57127475625984
57188163353832
57406418378064
57532697542656
57813618917376
58095911978496
58317631368192
58445914963968
58602385427607
58731295408128
59018069311488
59243308056576
59306243478048
59373627899904
59532582021696
59663538192384
59954864062464
60183678025728
60247612422144
60477543641088
60541790217174
60610578481152
60772844147148
60906528571392
61004779879896
61203923730432
61437504651264
61502771014272
61572651155456
61737492466944
61873298866176
62175414583296
62412703137792
62479005474816
62717452664832
62784078743736
63023690226672
63162325925888
63264216171744
63403380965376
63470735720448
63712967786496
63780651422208
64024066262016
64268410079232
64336683773061
64582220675322
64724284735488
64793042714624
65040321282048
65109414993504
65357900975808
65607335289216
65751654334464
66072707334144
66395327975424
66465861139202
66648721563648
66719523912804
66795331387392
66974154774408
67121480466432
67449222070272
67706637778944
67778563974912
68037236596224
68186900791296
68519844642816
68630377364883
68854414196736
69117192732672
69190617391056
69269232549888
69454679025312
69607461224448
69947341406208
70214291030016
70288881159168
70368744177664
70557134247936
70632088586703
70712341561344
70901651505006
71057616666624
71172243193212
71328803586048
71404577685504
71677088759808
71753232849984
72027074544768
72185515343872
72301961339136
72537983680512
72814820327424
72892173053952
73170361442304
73248091867692
73527638597784
73808252200368
73970611126272
74049191673856
74331795750912
74410759992576
74694743972352
74979811759104
75144747810816
75345924121209
75511665524736
75880374829056
75960984159088
76169967501312
76250884471776
76541891170752
76710263390208
77084825223168
77461215971328
77756841824256
77839444564938
77927886618624
78136513903476
78308393877504
78690759081984
78991077408768
79074991304064
79164837199872
79376776028928
79551384256512
79939818749952
80244904034304
80330149896192
80636724854784
80722386956232
80814104641536
81030458862864
81208704761856
81339706506528
81605231640576
81916672868352
82003694685696
82316656622592
82497731821568
82718593422507
82900552777728
83034283725414
83216937517056
83305340633088
83623270219776
83712104991648
84031586968896
84352288228992
84537841287168
84627647627264
84950623715328
85040868562944
85365421682688
85456107178974
85691213438976
85782245030748
86109627567096
86299046313984
86720428376064
86812553324672
87143867967744
87476447052288
87668872445952
88096943112192
88527103967232
88864962084864
88959365217072
89060441849856
89298873032544
89495307288576
89932296093696
90275517038592
90371418633216
90716315461632
90812685325761
90915867721728
91159266220722
91359792857088
91507169819844
91805885595648
92156256976896
92254156521408
92358976733184
92606238700416
92809948299264
93263121874944
93619054706688
93718508212224
94076178997248
94176118115604
94283122081792
94535535340008
94743488888832
94896324257616
95105071448064
95206103580672
95569451679744
95670977133312
96036099393024
96402615118848
96717311574016
96873331012983
97086427103232
97189564071936
97560481923072
97664122490256
98036851463712
98411002933824
98627481501696
99109061001216
99214346656768
99592991963136
99698791708803
99973082345472
100079285869206
100192997081088
100461232161612
100682220699648
101173833105408
101559956668416
101667845962368
102055854894336
102280351186944
102779766964224
103281621295104
103675789099008
103785926086584
103903848824832
104182018537968
104411191836672
104921012109312
105321436545024
105433321738752
105553116266496
105835701371904
106068512342016
106352477257509
106586424999936
106758364789818
106993205379072
107106866528256
107515633139712
107629849274976
107752139522048
108040611817152
108278273015808
108452942008704
108806975520768
109222230491136
109338259580928
109755542163456
109872137801538
110291457896676
110534070370304
110712378300552
110955916689408
111073787510784
111497693626368
111616139988864
112042115958528
112469717638656
112717121716224
113267498287104
113387824750592
113820562243584
113941476238632
114254951251968
114376326707664
114812836756128
115065395085312
115627237834752
116191823956992
116635262736384
116759166847407
116891829927936
117204770855214
117462590816256
118036138622976
118486616113152
118612486956096
118747255799808
119065164043392
119327076384768
119909728124928
120367356051456
120495224844288
120955087282176
121083580434348
121221156962304
121545688294296
121813057142784
122009559759792
122407847460864
122875009302528
123005542028544
123145302310912
123474984933888
123746597732352
124350829166592
124551425588121
124825406275584
124958010949632
125434905329664
125568157487472
126047380453344
126324651851776
126528432343488
126806761930752
126941471440896
127425935572992
127561302844416
128048132524032
128184160768461
128536820158464
128673367546122
129164441350644
129448569470976
129586085429248
130080642564096
130218829987008
130715801951616
131214670578432
131503308668928
132145414668288
132790655950848
132931722278404
133297443127296
133439047825608
133590662774784
133948309548816
134242960932864
134898444140544
135413275557888
135557127949824
136074473192448
136373801582592
136738899331083
137039689285632
137260754729766
137708828393472
138234385465344
138381234782112
138538465099776
138909358050624
139214922448896
139894682812416
140428582060032
140577762318336
140737488355328
141114268495872
141264177173406
141424683122688
141803303010012
142115233333248
142344486386424
142657607172096
142809155371008
143354177519616
143506465699968
144054149089536
144371030687744
144603922678272
145075967361024
145629640654848
145784346107904
146340722884608
146496183735384
147055277195568
147616504400736
147941222252544
148098383347712
148663591501824
148821519985152
149389487944704
149959623518208
150118928803809
150289495621632
150691848242418
151023331049472
151760749658112
151921968318176
152339935002624
152501768943552
153083782341504
153420526780416
154169650446336
154922431942656
155513683648512
155678889129876
155855773237248
156273027806952
156616787755008
157381518163968
157982154817536
158149982608128
158329674399744
158753552057856
159102768513024
159879637499904
160137547184727
160489808068608
160660299792384
161273449709568
161444773912464
161628209283072
162060917725728
162417409523712
162679413013056
163210463281152
163833345736704
164007389371392
164633313245184
164808206702307
164995463643136
165437186845014
165801105555456
166068567450828
166433875034112
166610681266176
167246540439552
167424209983296
168063173937792
168704576457984
169075682574336
169255295254528
169901247430656
170081737125888
170730843365376
170912214357948
171382426877952
171564490061496
172219255134192
172598092627968
173440856752128
173625106649344
174287735935488
174952894104576
175337744891904
175807156282821
176193886224384
177054207934464
177729924169728
177918730434144
178120883699712
178597746065088
178990614577152
179864592187392
180551034077184
180742837266432
181432630923264
181625370651522
181831735443456
182318532441444
182719585714176
183014339639688
183611771191296
184312513953792
184508313042816
184717953466368
185212477400832
185619896598528
186526243749888
187238109413376
187437016424448
188152357994496
188352236231208
188566244163584
189071070680016
189486977777664
189792648515232
190210142896128
190412207161344
191138903359488
191341954266624
192072198786048
192805230237696
193010051319183
193434623148032
193746662025966
194172854206464
194379128143872
195120963846144
195328244980512
196073702927424
196822005867648
197254963003392
198218122002432
198428693313536
199185983926272
199397583417606
199946164690944
200158571738412
200385994162176
200922464323224
201364441399296
202347666210816
203119913336832
203335691924736
204111709788672
204560702373888
205559533928448
205891132094649
206563242590208
207351578198016
207571852173168
207807697649664
208364037075936
208822383673344
209842024218624
210642873090048
210866643477504
211106232532992
211671402743808
211896265760109
212137024684032
212704954515018
213172849999872
213516729579636
213986410758144
214213733056512
215031266279424
215259698549952
215504279044096
216081223634304
216556546031616
216905884017408
217613951041536
218444460982272
218676519161856
219511084326912
219744275603076
220582915793352
221068140740608
221424756601104
221911833378816
222147575021568
222995387252736
223232279977728
224084231917056
224939435277312
225434243432448
226037772363627
226534996574208
226775649501184
227641124487168
227882952477264
228509902503936
228752653415328
229625673512256
230130790170624
231254475669504
232383647913984
232630513987207
233270525472768
233518333694814
233783659855872
234409541710428
234925181632512
236072277245952
236973232226304
237224973912192
237494511599616
238130328086784
238654152769536
239819456249856
240734712102912
240990449688576
241910174564352
242167160868696
242442313924608
243091376588592
243626114285568
244019119519584
244815694921728
245750018605056
246011084057088
246290604621824
246949969867776
247493195464704
248155780267521
248701658333184
249102851176242
249650812551168
249916021899264
250869810659328
251136314974944
252094760906688
252649303703552
253056864686976
253613523861504
253882942881792
254851871145984
255122605688832
256096265048064
256368321536922
257073640316928
257346735092244
258328882701288
258897138941952
259172170858496
260161285128192
260437659974016
261431603903232
262429341156864
263006617337856
264290829336576
265581311901696
265863444556808
266594886254592
266878095651216
267181325549568
267896619097632
268485921865728
269796888281088
270826551115776
271114255899648
272148946384896
272438055977283
272747603165184
273477798662166
274079378571264
274521509459532
275417656786944
276468770930688
276762469564224
277076930199552
277818716101248
278429844897792
279789365624832
280857164120064
281155524636672
281474976710656
282228536991744
282528354346812
282849366245376
283606606020024
284230466666496
284688972772848
285315214344192
285618310742016
286708355039232
287012931399936
288108298179072
288742061375488
289207845356544
290151934722048
290619993038949
291259281309696
291568692215808
292681445769216
292992367470768
294110554391136
295233008801472
295882444505088
296196766695424
297327183003648
297643039970304
298778975889408
299096375126409
299919247036416
300237857607618
300578991243264
301383696484836
302046662098944
303521499316224
303843936636352
304679870005248
305003537887104
306167564683008
306841053560832
308339300892672
309844863885312
311027367297024
311357778259752
311711546474496
312546055613904
313233575510016
314763036327936
315964309635072
316299965216256
316659348799488
317507104115712
318205537026048
319057431772527
319759274999808
320275094369454
320979616137216
321320599584768
322546899419136
322889547824928
323256418566144
324121835451456
324834819047424
325358826026112
326420926562304
327666691473408
328014778742784
329266626490368
329616413404614
329990927286272
330874373690028
331602211110912
332137134901656
332867750068224
333221362532352
334493080879104
334848419966592
336126347875584
337409152915968
338151365148672
338510590509056
339802494861312
340163474251776
341461686730752
341824428715896
342764853755904
343128980122992
344438510268384
345196185255936
346881713504256
347250213298688
348575471870976
349905788209152
350277500542221
350675489783808
351614312565642
352387772448768
354108415868928
355459848339456
355837460868288
356241767399424
357195492130176
357981229154304
359729184374784
361102068154368
361485674532864
362865261846528
363250741303044
363663470886912
364637064882888
365439171428352
366028679279376
367223542382592
368625027907584
369016626085632
369435906932736
370424954801664
371239793197056
373052487499776
373654276764363
374476218826752
374874032848896
376304715988992
376704472462416
377132488327168
378142141360032
378973955555328
379585297030464
380420285792256
380824414322688
382277806718976
382683908533248
384144397572096
384552482305383
385610460475392
386020102638366
386869246296064
387493324051932
388345708412928
388758256287744
390241927692288
390656489961024
392147405854848
393644011735296
394509926006784
396436244004864
396857386627072
398371967852544
399892329381888
400317143476824
400771988324352
401844928646448
402728882798592
404695332421632
406239826673664
406671383849472
408223419577344
409121404747776
410216697993249
411119067856896
411782264189298
413126485180416
414703156396032
415143704346336
415615395299328
416728074151872
417644767346688
419684048437248
421285746180096
421733286955008
422212465065984
423342805487616
423792531520218
424274049368064
425409909030036
426345699999744
427033459159272
427972821516288
428427466113024
430062532558848
430519397099904
431008558088192
432162447268608
433113092063232
433811768034816
435227902083072
436888921964544
437353038323712
439022168653824
439488551206152
441165831586704
442136281481216
442849513202208
443823666757632
444295150043136
445990774505472
446464559955456
448168463834112
449878870554624
450356786411427
450868486864896
452075544727254
453069993148416
453551299002368
455282248974336
457019805007872
457505306830656
459251347024512
460261580341248
462508951339008
464767295827968
466541050945536
467036667389628
467567319711744
468819083420856
469850363265024
472144554491904
473946464452608
474449947824384
474989023199232
476260656173568
477308305539072
479638912499712
480412641554181
481469424205824
481980899377152
483820349128704
484334321737392
484884627849216
486182753177184
487252228571136
488038239039168
489631389843456
491500037210112
492022168114176
492581209243648
493899939735552
494424620106921
494986390929408
496311560535042
497403316666368
498205702352484
499301625102336
499832043798528
501739621318656
502272629949888
504189521813376
505298607407104
506113729373952
507227047723008
507765885763584
509703742291968
510245211377664
512192530096128
514147280633856
514693470184488
516657765402576
517794277883904
518344341716992
520322570256384
522863207806464
524858682313728
526013234675712
527421468848463
528581658673152
531162623803392
533189772509184
533756191302432
534362651099136
535793238195264
536971843731456
539593776562176
541653102231552
542228511799296
544297892769792
544876111954566
545495206330368
546955597324332
548158757142528
549043018919064
550835313573888
552937541861376
553524939128448
554153860399104
555637432202496
556859689795584
559578731249664
561714328240128
562311049273344
562949953421312
564457073983488
565056708693624
565698732490752
567213212040048
568460933332992
569377945545696
570630428688384
571236621484032
573416710078464
574025862799872
576216596358144
577484122750976
578415690713088
579030153957549
580303869444096
581239986077898
582518562619392
583137384431616
585362891538432
588221108782272
590466017602944
591764889010176
592393533390848
594654366007296
597557951778816
599838494072832
600475715215236
601157982486528
602767392969672
604093324197888
607042998632448
609359740010496
610007075774208
612335129366016
613682107121664
616678601785344
617673396283947
619689727770624
622054734594048
622715556519504
623423092948992
625092111227808
626467151020032
629526072655872
631928619270144
632599930432512
633318697598976
635014208231424
635688797280327
636411074052096
638114863545054
639518549999616
640550188738908
641959232274432
642641199169536
645093798838272
645779095649856
646512837132288
648243670902912
649669638094848
650717652052224
652841853124608
655333382946816
656029557485568
658533252980736
659981854572544
661748747380056
663204422221824
664274269803312
665735500136448
666442725064704
668986161758208
672252695751168
674818305831936
676302730297344
677021181018112
678113317090881
679604989722624
682923373461504
685529707511808
686257960245984
688877020536768
690392370511872
693763427008512
697150943741952
699811576418304
700555001084442
701350979567616
703228625131284
704775544897536
708216831737856
710919696678912
711674921736576
712483534798848
714390984260352
715962458308608
719458368749568
722204136308736
722971349065728
725730523693056
726501482606088
727326941773824
729274129765776
730878342856704
732057358558752
734447084765184
737250055815168
738033252171264
738871813865472
740849909603328
742479586394112
744467340802563
746104974999552
747308553528726
748952437653504
749748065697792
752609431977984
754264976654336
756284282720064
757947911110656
759170594060928
760840571584512
761648828645376
764555613437952
768288795144192
771220920950784
772040205276732
773738492592128
774986648103864
776691416825856
780483855384576
784294811709696
787288023470592
789019852013568
792872488009728
796743935705088
799784658763776
800634286953648
801543976648704
803689857292896
805457765597184
809390664843264
812479653347328
813342767698944
816446839154688
817314167931849
818242809495552
820433395986498
822238135713792
823564528378596
826252970360832
829406312792064
830287408692672
831230790598656
833456148303744
835289534693376
839368096874496
842571492360192
843466573910016
844424930131968
846685610975232
848548098736128
850819818060072
852691399999488
854066918318544
855945643032576
856854932226048
860125065117696
862017116176384
864324894537216
866226184126464
867623536069632
870455804166144
871859979116847
873777843929088
878044337307648
882331663173408
884272562962432
885699026404416
887647333515264
891981549010944
896336927668224
899757741109248
900713572822854
901736973729792
904151089454508
906139986296832
910564497948672
914039610015744
915010613661312
918502694049024
920523160682496
925017902678016
929534591655936
933082101891072
934073334779256
935134639423488
937638166841712
939700726530048
944289108983808
947892928905216
948899895648768
949978046398464
952521312347136
954616611078144
957172295317581
959277824999424
960825283108362
962938848411648
963961798754304
967640698257408
969769255698432
972365506354368
974504457142272
976076478078336
979262779686912
983000074420224
985162418487296
987799879471104
989972781858816
992623121070084
994806633332736
996411404704968
998603250204672
1003479242637312
1008379043626752
1010597214814208
1012227458747904
1014454095446016
1019407484583936
1024385060192256
1028294561267712
1029386940368976
1033315530805152
1035588555767808
1040645140512768
1045726415612928
1049717364627456
1050832501626663
1052026469351424
1054842937696926
1057163317346304
1062325247606784
1066379545018368
1067512382604864
1068725302198272
1071586476390528
1073943687462912
1079187553124352
1083306204463104
1084457023598592
1088595785539584
1090990412660736
1093911194648664
1096317514285056
1098086037838128
1101670627147776
1105875083722752
1108307720798208
1111274864404992
1113719379591168
1119157462499328
1120962830293089
1123428656480256
1125899906842624
1128914147966976
1131397464981504
1134426424080096
1136921866665984
1138755891091392
1141260857376768
1146833420156928
1152433192716288
1154968245501952
1156831381426176
1158060307915098
1162479972155796
1165037125238784
1170725783076864
1176442217564544
1180932035205888
1183529778020352
1189308732014592
1195115903557632
1199676988145664
1200951430430472
1202315964973056
1205534785939344
1208186648395776
1214085997264896
1218719480020992
1220014151548416
1224670258732032
1227364214243328
1230650093979747
1233357203570688
1235346792567894
1239379455541248
1244109469188096
1246846185897984
1250184222455616
1252934302040064
1259052145311744
1263857238540288
1266637395197952
1270028416462848
1272822148104192
1276229727090108
1279037099999232
1281100377477816
1283918464548864
1290187597676544
1293025674264576
1296487341805824
1299339276189696
1301435304104448
1310666765893632
1317066505961472
1319963709145088
1323497494760112
1328548539606624
1331471000272896
1337972323516416
1344505391502336
1349636611663872
1351070359234281
1352605460594688
1356226634181762
1359209979445248
1365846746923008
1371059415023616
1372515920491968
1377754041073536
1380784741023744
1387526854017024
1394301887483904
1399623152836608
1402701959135232
1406457250262568
1409551089795072
1416433663475712
1421839393357824
1424967069597696
1428781968520704
1431924916617216
1438916737499136
1441237924662543
1444408272617472
1451461047386112
1454653883547648
1458548259531552
1461756685713408
1464114717117504
1474500111630336
1477743627730944
1481699819206656
1484959172788224
1488934681605126
1494617107057452
1497904875307008
1505218863955968
1508529953308672
1512568565440128
1518341188121856
1521681143169024
1529111226875904
1536577590288384
1542441841901568
1544080410553464
1549973296207728
1553382833651712
1560967710769152
1568589623419392
1574576046941184
1578039704027136
1582264406545389
1585744976019456
1593487871410176
1599569317527552
1603087953297408
1607379714585792
1610915531194368
1618781329686528
1624959306694656
1632893678309376
1636485618991104
1640866791972996
1644476271427584
1647129056757192
1658812625584128
1662461581197312
1666912296607488
1670579069386752
1685142984720384
1688849860263936
1693371221950464
1697096197472256
1701639636120144
1708133836637088
1711891286065152
1720250130235392
1724034232352768
1728649789074432
1735247072139264
1737090461872647
1743719958233694
1747555687858176
1756088674615296
1764663326346816
1771398052808832
1775294667030528
1783963098021888
1792673855336448
1799515482218496
1803473947459584
1808302178909016
1812279972593664
1821128995897344
1828079220031488
1837005388098048
1841046321364992
1850035805356032
1853020188851841
1866164203782144
1870269278846976
1875276333683424
1879401453060096
1895785857810432
1899956092796928
1905042624694272
1909233222156288
1914344590635162
1921650566216724
1925877696823296
1935281396514816
1939538511396864
1944731012708736
1952152956156672
1966000148840448
1970324836974592
1975599758942208
1985246242140168
1992822809409936
1997206500409344
2006958485274624
2016758087253504
2024454917495808
2028908190892032
2034339951272643
2038814969167872
2048770120384512
2056589122535424
2066631061610304
2071177111535616
2081290281025536
2099434729254912
2104052938702848
2109685875393852
2114326634692608
2132759090036736
2137450604396544
2143172952781056
2147887374925824
2166612408926208
2177191571079168
2181980825321472
2187822389297328
2196172075676256
2211750167445504
2216615441596416
2222549728809984
2233402022407689
2241925660586178
2246857312960512
2251799813685248
2257828295933952
2268852848160192
2277511782182784
2282521714753536
2293666840313856
2304866385432576
2313662762852352
2324959944311592
2330074250477568
2341451566153728
2361864070411776
2367059556040704
2378617464029184
2399353976291328
2404631929946112
2411069571878688
2416373296791552
2437438960041984
2449340517464064
2454728428486656
2461300187959494
2470693585135788
2488218938376192
2493692371795968
2500368444911232
2527714477080576
2533274790395904
2540056832925696
2552459454180216
2562200754955632
2567836929097728
2580375195353088
2592974683611648
2602870608208896
2615579937350541
2621333531787264
2634133011922944
2657097079213248
2662942000545792
2675944647032832
2699273223327744
2705210921189376
2712453268363524
2718419958890496
2742118830047232
2755508082147072
2761569482047488
2799246305673216
2805403918270464
2812914500525136
2843678786715648
2849934139195392
2857563937041408
2871516885952743
2882475849325086
2888816545234944
2902922094772224
2917096519063104
2928229434235008
2949000223260672
2963399638413312
2989234214114904
2995809750614016
3010437727911936
3036682376243712
3043362286338048
3058222453751808
3084883683803136
3099946592415456
3106765667303424
3149152093882368
3156079408054272
3164528813090778
3199138635055104
3206175906594816
3214759429171584
3249918613389312
3265787356618752
3281733583945992
3294258113514384
3317625251168256
3333824593214976
3362888490879267
3370285969440768
3386742443900928
3416267673274176
3423782572130304
3440500260470784
3470494144278528
3487439916467388
3495111375716352
3542796105617664
3550589334061056
3599030964436992
3606947894919168
3616604357818032
3656158440062976
3674010776196096
3691950281939241
3706040377703682
3732328407564288
3750552667366848
3791571715620864
3810085249388544
3843301132433448
3851755393646592
3870562793029632
3904305912313344
3932000297680896
3985645618819872
3994413000818688
4048909834991616
4057816381784064
4068679902545286
4113178245070848
4133262123220608
4198869458509824
4219371750787704
4265518180073472
4286345905562112
4323713773987629
4333224817852416
4354383142158336
4392344151352512
4423500334891008
4483851321172356
4493714625921024
4555023564365568
4565043429507072
4627325525704704
4649919888623184
4723728140823552
4746793219636167
4798707952582656
4822139143757376
4874877920083968
4898681034928128
4941387170271576
4976437876752384
5055428954161152
5124401509911264
5135673858195456
5205741216417792
5231159874701082
5314194158426496
5398546446655488
5424906536727048
5484237660094464
5511016164294144
5559060566555523
5598492611346432
5687357573431296
5764951698650172
5777633090469888
5856458868470016
5978468428229808
6073364752487424
6103019853817929
6169767367606272
6199893184830912
6298304187764736
6398277270110208
6499837226778624
6588516227028768
6725776981758534
6832535346548352
6940988288557056
6974879832934776
7085592211235328
7198061928873984
7312316880125952
7412080755407364
7686602264866896
7808611824626688
7846739812051623
7971291237639744
8097819669983232
8226356490141696
8647427547975258
8784688302705024
8967702642344712
9110047128731136
9254651051409408
9882774340543152
10088665472637801
10248803019822528
10411482432835584
11118121133111046
11529903397300344
11712917736940032
12971141321962887
13177032454057536
14824161510814728
16677181699666569
