3486784401
3099363912
2754990144
1934917632
1719926784
1528823808
1358954496
1207959552
1073741824
2711943423
2410616376
2142770112
1904684544
1693052928
1504935936
1337720832
1189085184
1056964608
939524096
2109289329
1874923848
1666598976
1481421312
1316818944
1170505728
1040449536
924844032
822083584
1458274104
1296243648
1152216576
1024192512
910393344
809238528
719323136
1275989841
1134213192
1008189504
896168448
796594176
708083712
629407744
992436543
882165816
771895089
686128968
600362847
533655864
415065672
363182463
322828856
282475249
2324522934
2066242608
1836660096
1289945088
1146617856
1019215872
905969664
805306368
1807962282
1607077584
1428513408
1269789696
1128701952
1003290624
891813888
792723456
704643072
1406192886
1249949232
1111065984
987614208
877879296
780337152
693633024
616562688
1093705578
972182736
864162432
768144384
682795008
606928896
539492352
850659894
756142128
672126336
597445632
531062784
472055808
661624362
588110544
514596726
457419312
400241898
355770576
311299254
276710448
242121642
1549681956
1377495072
1224440064
967458816
859963392
764411904
679477248
603979776
536870912
1205308188
1071385056
952342272
846526464
752467968
668860416
594542592
528482304
469762048
937461924
833299488
740710656
658409472
585252864
520224768
462422016
411041792
729137052
648121824
576108288
512096256
455196672
404619264
359661568
567106596
504094752
448084224
398297088
354041856
314703872
441082908
343064484
266827932
207532836
161414428
1162261467
1033121304
918330048
816293376
644972544
573308928
509607936
452984832
402653184
903981141
803538792
714256704
634894848
564350976
501645312
445906944
396361728
352321536
703096443
624974616
555532992
493807104
438939648
390168576
346816512
308281344
546852789
486091368
432081216
384072192
341397504
303464448
269746176
425329947
378071064
336063168
298722816
265531392
236027904
330812181
294055272
257298363
228709656
200120949
177885288
155649627
138355224
121060821
387420489
301327047
234365481
182284263
141776649
110270727
85766121
66706983
51883209
129140163
100442349
78121827
60761421
47258883
36756909
28588707
22235661
392073696
43046721
304946208
33480783
237180384
26040609
184473632
20253807
15752961
12252303
9529569
6751269
5250987
4084101
2250423
1750329
964467
750141
321489
137781
774840978
688747536
612220032
544195584
483729408
429981696
382205952
339738624
301989888
268435456
602654094
535692528
476171136
11239424
9834496
120932352
6588344
105815808
232339968
25509168
206524416
22674816
20155392
17915904
180708864
19840464
17635968
15676416
13934592
8429568
1451188224
2048
7375872
5647152
90699264
13436928
11757312
10450944
9289728
6422528
31505922
5619712
4917248
413343
3764768
550731776
60466176
10077696
8957952
8817984
7838208
6967296
6193152
4816896
4214784
725594112
1024
3687936
2823576
413048832
45349632
1102248
4302592
472392
367416
157464
132120576
122472
102760448
52488
44040192
216040608
40824
168031584
11943936
17496
14680064
72013536
6718464
5971968
5878656
5225472
4644864
4128768
3211264
2809856
2458624
1882384
275365888
30233088
5038848
4478976
3981312
4408992
3919104
3483648
3096576
2752512
13502538
2408448
2107392
1843968
177147
1613472
3359232
2985984
2654208
2939328
2612736
2322432
2064384
1835008
9001692
1605632
1404928
1229312
2519424
2239488
1990656
1769472
2204496
1959552
1741824
1548288
1376256
1204224
1053696
2420208
175616
3048192
221184
7260624
526848
2667168
193536
460992
2370816
172032
131712
2286144
165888
153664
2032128
147456
531441
4840416
351232
2000376
145152
1778112
129024
307328
1580544
114688
1210104
87808
1469664
1524096
110592
3630312
263424
108864
1333584
96768
230496
1185408
86016
1037232
75264
1259712
65856
46656
192036096
36288
149361408
139968
117440512
10616832
474360768
52081218
15552
64012032
8257536
368947264
40507614
12096
49787136
1354752
98304
3538944
158120256
17360406
5184
21337344
72576
279936
234881024
8605184
944784
11010048
54010152
222264
16128
66382848
56448
4096
16859136
163296
197568
14336
59006976
59049
537824
1572864
7715736
1632586752
2304
9483264
43904
734832
979776
489888
666792
48384
199148544
217728
2765952
200704
28224
12754584
116169984
81648
5505024
27005076
8064
33191424
12544
5668704
51631104
209952
176160768
857304
62208
256048128
7340032
36006768
10752
44255232
148176
3429216
248832
839808
2074464
150528
2571912
524288
186624
518616
37632
17006112
154893312
629856
1806336
131072
642978
95256
4718592
210827008
23147208
6912
28449792
592704
43008
177020928
1382976
100352
1679616
9633792
31104
128024064
1714608
124416
345744
25088
11337408
103262208
419904
12582912
61725888
18432
75866112
254016
3584
14751744
3111696
225792
16384
67436544
653184
2709504
196608
7077888
316240512
34720812
10368
42674688
395136
28672
118013952
82944
1143072
1555848
112896
8192
33718272
326592
444528
32256
132765696
3670016
18003384
5376
22127616
571536
41472
170698752
7168
29503488
98784
4194304
20575296
84672
6144
25288704
244944
205520896
24192
99574272
14155776
69441624
285768
20736
85349376
8388608
41150592
12288
50577408
169344
1306368
2359296
2448880128
3456
14224896
296352
21504
88510464
93312
12845056
63011844
18816
8503056
77446656
314928
80707214
264241152
3161088
229376
3556224
258048
8470728
136048896
614656
4000752
290304
50176
691488
3612672
262144
1285956
4064256
294912
702464
4572288
331776
10890936
57344
790272
5143824
466948881
1048576
373248
64512
889056
5308416
7776
32006016
12386304
18144
74680704
15925248
23328
96018048
1088391168
1536
6322176
2097152
10287648
2176782336
3072
12644352
42336
54432
224042112
69984
58720256
288054144
6291456
30862944
9216
37933056
127008
4148928
301056
4667544
24576
101154816
338688
806736
27648
113799168
381024
4741632
344064
5334336
387072
921984
6001128
435456
5419008
393216
1928934
6096384
442368
6858432
497664
559872
5531904
401408
6223392
32768
134873088
451584
36864
151732224
508032
458752
7112448
516096
8001504
580608
7225344
7962624
11664
48009024
8128512
589824
9144576
663552
746496
8297856
602112
9335088
49152
202309632
677376
55296
227598336
762048
688128
10668672
774144
12002256
870912
10838016
786432
3857868
12192768
884736
13716864
995328
15431472
3145728
1119744
11063808
802816
12446784
65536
903168
14002632
73728
1016064
917504
4500846
1032192
16003008
1161216
1179648
1327104
1492992
27216
112021056
34992
29360128
144027072
4608
18966528
63504
104976
88080384
9437184
421654016
46294416
13824
56899584
190512
14450688
16257024
18289152
16515072
81015228
18579456
20901888
23514624
240945152
26453952
271063296
29760696
16777216
82301184
18874368
92588832
21233664
104162436
23887872
26873856
309786624
34012224
348509952
38263752
26244
22020096
108020304
61236
51380224
252047376
78732
66060288
324060912
142884
183708
154140672
2151296
236196
198180864
333396
428652
551124
6453888
708588
777924
1000188
1815156
2333772
3000564
4235364
619573248
68024448
5445468
7001316
174254976
19131876
9882516
158723712
1240029
11294304
181398528
12706092
204073344
1417176
12907776
1594323
14521248
16336404
16595712
18670176
21003948
24004512
19267584
94517766
21676032
24385536
27433728
24772608
121522842
27869184
31352832
35271936
361417728
39680928
406594944
44641044
25165824
123451776
28311552
138883248
31850496
156243654
35831808
40310784
464679936
51018336
522764928
57395628
13176688
211631616
1653372
15059072
241864704
16941456
272097792
1889568
17210368
2125764
19361664
21781872
19668992
24893568
28005264
22478848
25690112
126023688
28901376
32514048
36578304
33030144
39366
162030456
37158912
41803776
47029248
481890304
52907904
542126592
59521392
1640558367
33554432
164602368
37748736
185177664
42467328
208324872
47775744
53747712
697019904
76527504
19765032
317447424
362797056
25412184
408146688
2834352
25815552
32672808
37340352
42007896
38535168
189035532
43352064
48771072
54867456
49545216
243045684
55738368
62705664
70543872
79361856
89282088
50331648
246903552
56623104
277766496
63700992
312487308
71663616
80621568
102036672
6353046
114791256
23059204
75497472
370355328
2893401
26353376
423263232
29647548
3306744
30118144
3720087
33882912
38118276
3779136
34420736
4251528
38723328
4782969
43563744
49009212
39337984
56010528
44957696
220541454
57802752
283553298
65028096
73156608
74317824
364568526
83607552
94058496
119042784
133923132
67108864
329204736
84934656
416649744
95551488
468730962
107495424
153055008
172186884
91854
77070336
1075648
118098
99090432
214326
179830784
275562
231211008
3226944
354294
297271296
500094
7529536
826686
9680832
1062882
1166886
1500282
22588608
2480058
29042496
3188646
2722734
3500658
8168202
10501974
203297472
22320522
261382464
28697814
14823774
238085568
19059138
306110016
24504606
609892416
66961566
784147392
86093442
34588806
113246208
39530064
44471322
4960116
45177216
50824368
57177414
6377292
58084992
65345616
73513818
84015792
86704128
97542144
109734912
111476736
125411328
141087744
178564176
200884698
100663296
127401984
143327232
161243136
229582512
258280326
46118408
150994944
5786802
52706752
59295096
6613488
60236288
7440174
67765824
76236552
7558272
68841472
9565938
87127488
98018424
78675968
89915392
115605504
130056192
146313216
148635648
167215104
188116992
267846264
134217728
169869312
191102976
214990848
344373768
69177612
226492416
8680203
79060128
88942644
9920232
90354432
11160261
101648736
114354828
14348907
130691232
147027636
173408256
195084288
219469824
222953472
250822656
282175488
357128352
401769396
201326592
254803968
286654464
322486272
459165024
516560652
92236816
103766418
11573604
105413504
118590192
133413966
13226976
120472576
14880348
135531648
152473104
171532242
15116544
137682944
196036848
157351936
260112384
292626432
334430208
376233984
