4096
6144
8192
9216
12288
13824
14336
16384
18432
20736
21504
24576
27648
28672
31104
32256
32768
36864
41472
43008
46656
48384
49152
50176
55296
57344
62208
64512
65536
69984
72576
73728
75264
82944
86016
93312
96768
98304
100352
104976
108864
110592
112896
114688
124416
129024
131072
139968
145152
147456
150528
157464
163296
165888
169344
172032
175616
186624
193536
196608
200704
209952
217728
221184
225792
229376
236196
244944
248832
254016
258048
262144
263424
279936
290304
294912
301056
314928
326592
331776
338688
344064
351232
354294
367416
373248
381024
387072
393216
395136
401408
419904
435456
442368
451584
458752
472392
489888
497664
508032
516096
524288
526848
531441
551124
559872
571536
580608
589824
592704
602112
614656
629856
653184
663552
677376
688128
702464
708588
734832
746496
762048
774144
786432
790272
802816
826686
839808
857304
870912
884736
889056
903168
917504
921984
944784
979776
995328
1016064
1032192
1048576
1053696
1062882
1102248
1119744
1143072
1161216
1179648
1185408
1204224
1229312
1240029
1259712
1285956
1306368
1327104
1333584
1354752
1376256
1382976
1404928
1417176
1469664
1492992
1524096
1548288
1572864
1580544
1594323
1605632
1653372
1679616
1714608
1741824
1769472
1778112
1806336
1835008
1843968
1889568
1928934
1959552
1990656
2000376
2032128
2064384
2074464
2097152
2107392
2125764
2151296
2204496
2239488
2286144
2322432
2359296
2370816
2408448
2458624
2480058
2519424
2571912
2612736
2654208
2667168
2709504
2752512
2765952
2809856
2834352
2893401
2939328
2985984
3000564
3048192
3096576
3111696
3145728
3161088
3188646
3211264
3226944
3306744
3359232
3429216
3483648
3538944
3556224
3612672
3670016
3687936
3720087
3779136
3857868
3919104
3981312
4000752
4064256
4128768
4148928
4194304
4214784
4251528
4302592
4408992
4478976
4500846
4572288
4644864
4667544
4718592
4741632
4782969
4816896
4840416
4917248
4960116
5038848
5143824
5225472
5308416
5334336
5419008
5505024
5531904
5619712
5668704
5786802
5878656
5971968
6001128
6096384
6193152
6223392
6291456
6322176
6377292
6422528
6453888
6613488
6718464
6751269
6858432
6967296
7001316
7077888
7112448
7225344
7260624
7340032
7375872
7440174
7529536
7558272
7715736
7838208
7962624
8001504
8128512
8257536
8297856
8388608
8429568
8503056
8605184
8680203
8817984
8957952
9001692
9144576
9289728
9335088
9437184
9483264
9565938
9633792
9680832
9834496
9920232
10077696
10287648
10450944
10501974
10616832
10668672
10838016
10890936
11010048
11063808
11160261
11239424
11294304
11337408
11573604
11757312
11943936
12002256
12192768
12386304
12446784
12582912
12644352
12754584
12845056
12907776
13226976
13436928
13502538
13716864
13934592
14002632
14155776
14224896
14348907
14450688
14521248
14680064
14751744
14880348
15059072
15116544
15431472
15676416
15752961
15925248
16003008
16257024
16336404
16515072
16595712
16777216
16859136
16941456
17006112
17210368
17360406
17635968
17915904
18003384
18289152
18579456
18670176
18874368
18966528
19131876
19267584
19361664
19668992
19840464
20155392
20253807
20575296
20901888
21003948
21233664
21337344
21676032
21781872
22020096
22127616
22320522
22478848
22588608
22674816
23147208
23514624
23887872
24004512
24385536
24504606
24772608
24893568
25165824
25288704
25412184
25509168
25690112
25815552
26040609
26353376
26453952
26873856
27005076
27433728
27869184
28005264
28311552
28449792
28697814
28901376
29042496
29360128
29503488
29760696
30118144
30233088
30862944
31352832
31505922
31850496
32006016
32514048
32672808
33030144
33191424
33480783
33554432
33718272
33882912
34012224
34420736
34720812
35271936
35831808
36006768
36578304
36756909
37158912
37340352
37748736
37933056
38118276
38263752
38535168
38723328
39337984
39530064
39680928
40310784
40507614
41150592
41803776
42007896
42467328
42674688
43046721
43352064
43563744
44040192
44255232
44641044
44957696
45177216
45349632
46294416
47029248
47258883
47775744
48009024
48771072
49009212
49545216
49787136
50331648
50577408
50824368
51018336
51380224
51631104
52081218
52706752
52907904
53747712
54010152
54867456
55738368
56010528
56623104
56899584
57177414
57395628
57802752
58084992
58720256
59006976
59295096
59521392
60236288
60466176
60761421
61725888
62705664
63011844
63700992
64012032
65028096
65345616
66060288
66382848
66961566
67108864
67436544
67765824
68024448
68841472
69441624
70543872
71663616
72013536
73156608
73513818
74317824
74680704
75497472
75866112
76236552
76527504
77070336
77446656
78121827
78675968
79060128
79361856
80621568
81015228
82301184
83607552
84015792
84934656
85349376
85766121
86093442
86704128
87127488
88080384
88510464
88942644
89282088
89915392
90354432
90699264
92236816
92588832
94058496
94517766
95551488
96018048
97542144
98018424
99090432
99574272
100442349
100663296
101154816
101648736
102036672
102760448
103262208
104162436
105413504
105815808
107495424
108020304
109734912
110270727
111476736
112021056
113246208
113799168
114354828
114791256
115605504
116169984
117440512
118013952
118590192
119042784
120472576
120932352
121522842
123451776
125411328
126023688
127401984
128024064
129140163
130056192
130691232
132120576
132765696
133413966
133923132
134217728
134873088
135531648
136048896
137682944
138355224
138883248
141087744
141776649
143327232
144027072
146313216
147027636
148635648
149361408
150994944
151732224
152473104
153055008
154140672
154893312
156243654
157351936
158120256
158723712
161243136
162030456
164602368
167215104
168031584
169869312
170698752
171532242
172186884
173408256
174254976
176160768
177020928
177885288
178564176
179830784
180708864
181398528
182284263
184473632
185177664
188116992
189035532
191102976
192036096
195084288
196036848
198180864
199148544
200120949
200884698
201326592
202309632
203297472
204073344
205520896
206524416
207532836
208324872
210827008
211631616
214990848
216040608
219469824
220541454
222953472
224042112
226492416
227598336
228709656
229582512
231211008
232339968
234365481
234881024
236027904
237180384
238085568
240945152
241864704
243045684
246903552
250822656
252047376
254803968
256048128
257298363
258280326
260112384
261382464
264241152
265531392
266827932
267846264
268435456
269746176
271063296
272097792
275365888
276710448
277766496
282175488
283553298
286654464
288054144
292626432
294055272
297271296
298722816
301327047
301989888
303464448
304946208
306110016
308281344
309786624
311299254
312487308
314703872
316240512
317447424
322486272
322828856
324060912
329204736
330812181
334430208
336063168
339738624
341397504
343064484
344373768
346816512
348509952
352321536
354041856
355770576
357128352
359661568
361417728
362797056
364568526
368947264
370355328
376233984
378071064
382205952
384072192
387420489
390168576
392073696
396361728
398297088
400241898
401769396
402653184
404619264
406594944
408146688
411041792
413048832
415065672
416649744
421654016
423263232
425329947
429981696
432081216
438939648
441082908
445906944
448084224
452984832
455196672
457419312
459165024
462422016
464679936
466948881
468730962
469762048
472055808
474360768
476171136
481890304
483729408
484243284
486091368
493807104
501645312
504094752
509607936
512096256
514596726
516560652
520224768
522764928
528482304
531062784
533655864
535692528
536870912
539492352
542126592
544195584
546852789
550731776
553420896
555532992
564350976
567106596
573308928
576108288
585252864
588110544
594542592
597445632
600362847
602654094
603979776
606928896
609892416
612220032
616562688
619573248
622598508
624974616
629407744
632481024
634894848
644972544
645657712
648121824
658409472
661624362
668860416
672126336
679477248
682795008
686128968
688747536
693633024
697019904
703096443
704643072
708083712
711541152
714256704
719323136
722835456
725594112
726364926
729137052
737894528
740710656
752467968
756142128
764411904
768144384
771895089
774840978
780337152
784147392
792723456
796594176
800483796
803538792
805306368
809238528
813189888
816293376
822083584
826097664
830131344
833299488
843308032
846526464
850659894
859963392
864162432
877879296
882165816
891813888
896168448
903981141
905969664
910393344
914838624
918330048
924844032
929359872
933897762
937461924
939524096
944111616
948721536
952342272
963780608
967458816
968486568
972182736
987614208
992436543
1003290624
1008189504
1019215872
1024192512
1029193452
1033121304
1040449536
1045529856
1056964608
1062125568
1067311728
1071385056
1073741824
1078984704
1084253184
1088391168
1089547389
1093705578
1101463552
1106841792
1111065984
1128701952
1129900996
1134213192
1146617856
1152216576
1162261467
1170505728
1176221088
1189085184
1194891264
1200725694
1205308188
1207959552
1213857792
1219784832
1224440064
1233125376
1239146496
1245197016
1249949232
1258815488
1264962048
1269789696
1275989841
1289945088
1291315424
1296243648
1316818944
1323248724
1337720832
1344252672
1358954496
1365590016
1372257936
1377495072
1387266048
1394039808
1400846643
1406192886
1409286144
1416167424
1423082304
1428513408
1438646272
1445670912
1451188224
1452729852
1458274104
1475789056
1481421312
1504935936
1512284256
1528823808
1536288768
1543790178
1549681956
1560674304
1568294784
1585446912
1593188352
1600967592
1607077584
1610612736
1618477056
1626379776
1632586752
1640558367
1644167168
1652195328
1660262688
1666598976
1686616064
1693052928
1694851494
1701319788
1719926784
1728324864
1755758592
1764331632
1783627776
1792336896
1801088541
1807962282
1811939328
1820786688
1829677248
1836660096
1849688064
1858719744
1867795524
1874923848
1879048192
1888223232
1897443072
1904684544
1927561216
1934917632
1936973136
1944365472
1975228416
1984873086
2006581248
2016379008
2038431744
2048385024
2058386904
2066242608
2080899072
2091059712
2109289329
2113929216
2124251136
2134623456
2142770112
2147483648
2157969408
2168506368
2176782336
2179094778
2187411156
2202927104
2213683584
2222131968
2257403904
2259801992
2268426384
2293235712
2304433152
2315685267
2324522934
2341011456
2352442176
2378170368
2389782528
2401451388
2410616376
2415919104
2427715584
2439569664
2448880128
2466250752
2478292992
2490394032
2499898464
2517630976
2529924096
2539579392
2542277241
2551979682
2579890176
2582630848
2592487296
2633637888
2646497448
2675441664
2688505344
2711943423
2717908992
2731180032
2744515872
2754990144
2774532096
2788079616
2801693286
2812385772
2818572288
2832334848
2846164608
2857026816
2877292544
2891341824
2902376448
2905459704
2916548208
2951578112
2962842624
2977309629
3009871872
3024568512
3057647616
3072577536
3087580356
3099363912
3121348608
3136589568
3170893824
3186376704
3201935184
3214155168
3221225472
3236954112
3252759552
3265173504
3268642167
3281116734
3288334336
3304390656
3320525376
3333197952
3373232128
3386105856
3389702988
3402639576
3439853568
3456649728
3486784401
3511517184
3528663264
3567255552
3584673792
3602177082
3615924564
3623878656
3641573376
3659354496
3673320192
3699376128
3717439488
3735591048
3749847696
3758096384
3776446464
3794886144
3809369088
3827969523
3855122432
3869835264
3873946272
3888730944
3950456832
3954653486
3969746172
4013162496
4032758016
4076863488
4096770048
4116773808
4132485216
4161798144
4182119424
4202539929
4218578658
4227858432
4248502272
4269246912
4285540224
4294967296
4315938816
4337012736
4353564672
4358189556
4374822312
4405854208
4427367168
4444263936
4514807808
4519603984
4536852768
4586471424
4608866304
4631370534
4649045868
4682022912
4704884352
4756340736
4779565056
4802902776
4821232752
4831838208
4855431168
4879139328
4897760256
4921675101
4932501504
4956585984
4980788064
4999796928
5035261952
5059848192
5079158784
5084554482
5103959364
5159780352
5165261696
5184974592
5267275776
5292994896
5350883328
5377010688
5403265623
5423886846
5435817984
5462360064
5489031744
5509980288
5549064192
5576159232
5603386572
5624771544
5637144576
5664669696
5692329216
5714053632
5754585088
5782683648
5804752896
5810919408
5833096416
5903156224
5925685248
5931980229
5954619258
6019743744
6049137024
6115295232
6145155072
6175160712
6198727824
6242697216
6273179136
6327867987
6341787648
6372753408
6403870368
6428310336
6442450944
6473908224
6505519104
6530347008
6537284334
6562233468
6576668672
6608781312
6641050752
6666395904
6746464256
6772211712
6779405976
6805279152
6879707136
6913299456
6947055801
6973568802
7023034368
7057326528
7134511104
7169347584
7204354164
7231849128
7247757312
7283146752
7318708992
7346640384
7398752256
7434878976
7471182096
7499695392
7516192768
7552892928
7589772288
7618738176
7626831723
7655939046
7710244864
7739670528
7747892544
7777461888
7900913664
7909306972
7939492344
8026324992
8065516032
8135830269
8153726976
8193540096
8233547616
8264970432
8323596288
8364238848
8405079858
8437157316
8455716864
8497004544
8538493824
8571080448
8589934592
8631877632
8674025472
8707129344
8716379112
8749644624
8811708416
8854734336
8888527872
8931928887
9029615616
9039207968
9073705536
9172942848
9217732608
9262741068
9298091736
9364045824
9409768704
9512681472
9559130112
9605805552
9642465504
9663676416
9710862336
9758278656
9795520512
9805926501
9843350202
9865003008
9913171968
9961576128
9999593856
10070523904
10119696384
10158317568
10169108964
10207918728
10319560704
10330523392
10369949184
10460353203
10534551552
10585989792
10701766656
10754021376
10806531246
10847773692
10871635968
10924720128
10978063488
11019960576
11098128384
11152318464
11206773144
11249543088
11274289152
11329339392
11384658432
11428107264
11483908569
11509170176
11565367296
11609505792
11621838816
11666192832
11806312448
11851370496
11863960458
11909238516
12039487488
12098274048
12230590464
12290310144
12350321424
12397455648
12485394432
12546358272
12607619787
12655735974
12683575296
12745506816
12807740736
12856620672
12884901888
12947816448
13011038208
13060694016
13074568668
13124466936
13153337344
13217562624
13282101504
13332791808
13492928512
13544423424
13558811952
13610558304
13759414272
13826598912
13841287201
13894111602
13947137604
14046068736
14114653056
14269022208
14338695168
14408708328
14463698256
14495514624
14566293504
14637417984
14693280768
14765025303
14797504512
14869757952
14942364192
14999390784
15032385536
15105785856
15179544576
15237476352
15253663446
15311878092
15420489728
15479341056
15495785088
15554923776
15801827328
15818613944
15878984688
16052649984
16131032064
16209796869
16271660538
16307453952
16387080192
16467095232
16529940864
16647192576
16728477696
16810159716
16874314632
16911433728
16994009088
17076987648
17142160896
17179869184
17263755264
17348050944
17414258688
17432758224
17499289248
17623416832
17709468672
17777055744
17795940687
17863857774
18059231232
18078415936
18147411072
18345885696
18435465216
18525482136
18596183472
18728091648
18819537408
18983603961
19025362944
19118260224
19211611104
19284931008
19327352832
19421724672
19516557312
19591041024
19611853002
19686700404
19730006016
19826343936
19923152256
19999187712
20141047808
20239392768
20316635136
20338217928
20415837456
20639121408
20661046784
20739898368
20841167403
20920706406
21069103104
21171979584
21403533312
21508042752
21613062492
21695547384
21743271936
21849440256
21956126976
22039921152
22196256768
22304636928
22413546288
22499086176
22548578304
22658678784
22769316864
22856214528
22880495169
22967817138
23018340352
23130734592
23219011584
23243677632
23332385664
23612624896
23702740992
23818477032
24078974976
24196548096
24407490807
24461180928
24580620288
24700642848
24794911296
24970788864
25092716544
25215239574
25311471948
25367150592
25491013632
25615481472
25713241344
25769803776
25895632896
26022076416
26121388032
26149137336
26248933872
26306674688
26435125248
26564203008
26665583616
26795786661
26985857024
27088846848
27221116608
27518828544
27653197824
27788223204
27894275208
28092137472
28229306112
28538044416
28677390336
28817416656
28927396512
28991029248
29132587008
29274835968
29386561536
29417779503
29530050606
29595009024
29739515904
29884728384
29998781568
30064771072
30211571712
30359089152
30474952704
30623756184
30840979456
30958682112
31109847552
31381059609
31603654656
31757969376
32105299968
32262064128
32419593738
32543321076
32614907904
32774160384
32934190464
33059881728
33294385152
33456955392
33620319432
33748629264
33822867456
33988018176
34153975296
34284321792
34359738368
34451725707
34527510528
34696101888
34828517376
34998578496
35246833664
35554111488
35727715548
36118462464
36294822144
36691771392
36870930432
37050964272
37192366944
37456183296
37639074816
37822859361
37967207922
38050725888
38236520448
38423222208
38569862016
38654705664
38843449344
39033114624
39182082048
39373400808
39460012032
39652687872
39998375424
40282095616
40633270272
40831674912
41278242816
41479796736
41682334806
41841412812
42138206208
42343959168
42807066624
43016085504
43226124984
43391094768
43486543872
43698880512
43912253952
44079842304
44295075909
44392513536
44609273856
44998172352
45097156608
45317357568
45712429056
45935634276
46036680704
46438023168
46664771328
47405481984
47636954064
48157949952
48393096192
48629390607
48814981614
48922361856
49161240576
49401285696
49589822592
49941577728
50185433088
50622943896
50734301184
50982027264
51426482688
51539607552
51791265792
52242776064
52497867744
52613349376
53331167232
53591573322
54177693696
54442233216
55037657088
55306395648
55576446408
55788550416
56184274944
56458612224
56950811883
57076088832
57354780672
57854793024
57982058496
58265174016
58773123072
59060101212
59190018048
59997563136
60129542144
60949905408
61247512368
61917364224
62219695104
62523502209
62762119218
63207309312
63515938752
64210599936
64524128256
65086642152
65229815808
65548320768
66119763456
66588770304
67497258528
67645734912
68568643584
68719476736
68903451414
69657034752
69997156992
71108222976
71455431096
72236924928
72589644288
73222472421
73383542784
73741860864
74384733888
74912366592
75934415844
76101451776
77139724032
77309411328
78364164096
78746801616
79996750848
80387359983
81266540544
81663349824
82556485632
82959593472
83682825624
84276412416
85614133248
86782189536
86973087744
88159684608
88590151818
89996344704
91424858112
91871268552
92876046336
93329542656
94143178827
94810963968
96315899904
97629963228
97844723712
99179645184
101245887792
102852965376
103355177121
104485552128
104995735488
106662334464
108355387392
110075314176
111577100832
113901623766
115709586048
117546246144
118120202424
119995126272
121899810816
123834728448
125524238436
130173284304
132239526912
132885227727
134994517056
137137287168
139314069504
146444944842
148769467776
151868831688
154279448064
156728328192
167365651248
170852435649
173564379072
176319369216
188286357654
195259926456
198359290368
219667417263
223154201664
251048476872
282429536481
