22223279232
22243237632
22293263232
22429343232
22443982848
22622326272
22634422272
22662623232
22722239232
22722964992
22732222464
22792347648
22862932992
22873632768
22948282368
23224223232
23226642432
23232282624
23273236224
23298637824
23342323392
23362228224
23386226688
23632342272
23634623232
23679226368
23742222336
23873439744
23926223232
23983423488
24263442432
24322424832
24324323328
24342239232
24343732224
24373343232
24736223232
26223243264
26233362432
26263222272
26289349632
26828734464
27273867264
27496433664
27734482944
27924922368
28276383744
28349927424
28442492928
28772222976
28872474624
29272223232
29728363392
29743386624
32222437632
32223246336
32236372224
32236434432
32279482368
32362343424
32382623232
32472244224
32472389376
33223924224
33249678336
33333239232
33432383232
33478292736
33622972992
33639349248
33647467392
33823222272
33884946432
34222362624
34334834688
34337229696
34366622976
34822324224
36233236224
36337932288
36466827264
37693942272
38224822272
38232244224
38472247296
38682427392
42229223424
42232223232
42234642432
42249682944
42263327232
42299449344
42366633984
43372723968
43439348736
43674494976
43774746624
43826282496
43872288768
44222644224
44429672448
44646432768
46233234432
46423222272
47224246272
47947382784
48384442368
62283644928
62423322624
62667779328
63222239232
63292223232
66394847232
67287822336
67623377472
67889332224
68333497344
69242729472
72236924928
72277223424
72364223232
72766439424
72868626432
73322226432
73426372992
74383884288
74473426944
74494328832
74632223232
76497426432
76932882432
77223272448
77448462336
79274329344
82324242432
82934399232
84222222336
88326733824
92262924288
92976823296
93228392448
93238843392
93424223232
94434729984
94622846976
94643748864
96244236288
96349492224
96633347328
99436626432
99474697728

