222234292224
222246623232
222292242432
222433247232
222482792448
222863228928
223234228224
223283423232
223326222336
223387766784
224233242624
224234422272
224987922432
226939636224
227223263232
227339384832
227344223232
228322934784
228793227264
228938379264
229229372736
229762842624
232224233472
232332323328
232484732928
232972443648
233282322432
233469983232
233673636672
233943634944
236643337728
237932722944
239224223232
242223243264
242238947328
242336489472
242378293248
243743883264
243862327296
246276882432
246326427648
249286367232
249846239232
262324666368
264962783232
269232242688
272278734336
272624873472
272882663424
273222222336
273223222272
274422629376
276329273472
286383734784
287724939264
288268222464
288278839296
288424722432
288836222976
292297227264
292326838272
293376287232
294732732672
296484323328
299488223232
322246729728
322279243776
322683346944
322822324224
322983438336
323396623872
323429842944
324244242432
324922834944
326232244224
329298794496
329963922432
332472397824
332748767232
333264927744
333432889344
334276927488
338872246272
342393827328
342424682496
342498336768
342946234368
346934762496
347393297664
347932827648
349646782464
362266297344
363482339328
366263783424
366334327296
367839263232
372379327488
373947622272
379298723328
382274629632
382432223232
382687248384
396832794624
398338228224
422498377728
422942736384
423328923648
423388643328
424296382464
427866292224
427928223744
428363292672
428673337344
432262324224
432264978432
432282396672
432794492928
433333369728
433846222848
434982223872
436337362944
437664632832
437736628224
438274228224
438793334784
442339688448
442928922624
443438779392
446246682624
446249336832
447244664832
449223376896
462922324992
463273364736
463493394432
467449823232
477226294272
479239794432
479424282624
484733878272
484849483776
487262748672
493347262464
496294428672
496333246464
498732982272
622272393792
622342324224
622684274688
622972933632
623262947328
624367263744
628247273472
632222226432
633292494336
633442664448
634366328832
638272438272
642487222272
643736346624
646242333696
662422634496
676243427328
677942286336
682274783232
683366326272
689636892672
693264863232
722348347392
723323768832
723738322944
723872443392
724266676224
724282933248
724932343296
724992436224
726432924672
728363446272
729267743232
729392283648
732266293248
732729727296
733224296448
737269247232
743333842944
747262236672
748343328768
762226827264
767293938432
768334823424
774737623296
782222966784
782629392384
792662298624
796922364672
822274424832
822846947328
823873462272
826329268224
826432782336
826934427648
826962296832
827742633984
829742247936
829832822784
832934264832
834787344384
863833227264
867623436288
872333328384
878377844736
883397394432
887222439936
896834322432
922737844224
922878738432
923242364928
923484229632
924678623232
927662367744
927973283328
929232248832
929834422272
934342262784
934723939968
944927327232
947264274432
948422836224
972324476928
973928696832
974234677248
977242226688
978282676224
982233464832
982263324672
982346932224
998266332672
