428224
623232
772224
624896
272896
343424
972288
932224
226944
833984
236672
292736
364928
227968
334464
372224
382336
222336
337984
949632
239232
648832
223232
239232
623232
836672
332672
862272
322624
793664
266432
897792
743424
924288
243392
894464
463232
397632
322432
686272
663424
427264
242624
732224
222336
277824
477824
279424
328832
896384
638272
844224
423232
339392
223936
236224
394432
223744
834624
242432
422272
348224
764224
433472
669248
492224
242432
232768
274432
623744
374336
322432
263232
783232
462336
342272
639872
662336
927232
873344
242624
324224
786624
692224
372928
432896
362944
239232
434368
287296
223232
979328
766464
234432
824832
342272
742336
229632
862272
223424
247936
334464
422272
476672
324288
433792
926336
874432
244672
727424
222336
722432
447872
328384
247744
863424
263424
673344
283392
223232
743936
647296
863744
623296
843392
423232
472384
732224
692224
322368
324736
337792
273344
247424
663424
732224
432448
243328
262272
322432
632832
223872
283328
693824
262272
836224
322432
662464
772928
678272
262272
247424
422272
227328
477248
423936
324224
874432
396672
222848
473472
482624
232384
862976
493632
229376
632832
226944
794432
283392
933248
268224
922624
386432
326272
632832
242432
228224
272832
796288
626496
433728
342272
388224
222336
332224
223232
732224
332224
227392
432384
623232
326336
239232
324672
287424
333248
463424
283264
366464
396928
622272
826432
233792
444736
372224
727424
293632
327232
932672
646272
329472
424832
327232
822272
324672
729472
473344
329728
423232
282432
492672
449472
439424
249472
822464
223232
223232
298432
327872
222336
344384
293632
772224
222272
236928
222272
393344
867392
343872
782336
639872
772224
446272
234368
286336
744832
227392
332224
326272
243328
722944
336832
263232
434688
267648
399232
822272
623232
447232
462336
849984
633472
332224
373824
324224
236672
228224
332928
726784
772224
239424
434624
283648
792448
222976
234624
364992
466432
298432
639232
232832
622272
839232
223232
332224
623424
783232
327424
364288
367232
828736
274944
292288
262272
826432
693248
223744
334464
424832
237824
223232
362496
292224
324672
823424
422272
624448
246272
327232
872768
222336
442368
743744
444224
326336
386432
222272
623232
482432
672832
422272
233344
633472
278272
334336
274432
224384
223872
247744
236224
628224
933824
223872
683264
224384
763392
429632
348224
232384
439232
468224
664832
782272
833344
367232
942272
692224
623232
272832
276224
727424
348736
942272
943232
926336
332672
239872
228672
962432
282432
836736
982272
642432
327744
329344
223744
948224
323648
994624
324224
422464
639232
772224
272832
744832
267264
622272
236672
282624
268928
842432
878272
322432
322624
438272
437248
722432
479232
343424
463744
332224
879744
444736
772224
874624
249472
243392
623232
223232
468992
737664
279232
223232
372224
282432
272768
693248
379264
222784
272448
298432
722432
383232
222464
293632
482624
262272
732288
782272
837632
239232
324224
463232
842432
833344
346624
234432
233472
239744
324224
492928
447232
627328
997376
343936
372864
679232
423232
244224
643328
382272
736448
283264
372224
284224
338432
238272
222336
324928
287232
626432
228224
284224
794432
692224
277632
428672
923392
433472
772224
349824
233728
623872
629376
397824
762432
939392
642944
223424
293632
346368
372736
943872
298944
783232
623232
222272
843392
228224
233472
472896
772224
946432
722432
227392
792832
363264
226432
242624
622336
226624
378432
322432
334336
338944
322432
934272
264832
227264
442944
223488
463424
323648
628224
324224
823424
648832
422784
674432
332224
242432
222272
666624
222336
384832
362944
722432
327424
343232
767232
663744
662336
983296
323648
449728
276224
882624
332224
436224
772736
634432
424448
796224
334336
836224
722432
624896
292864
267328
422272
322688
924288
724224
393344
226432
242432
262272
743232
634624
362432
289344
623232
822336
343232
223232
234624
249344
687232
232832
226432
226624
342464
222976
322432
273472
222272
826624
423872
232768
222272
294272
283264
223232
872832
682432
997376
884224
932736
247424
722624
764736
492672
463232
427328
286336
426688
434432
724864
462336
837632
432448
244224
247744
223232
934272
234624
383232
637248
422272
324224
694272
723328
222272
828224
336832
693632
234496
272832
388224
323328
236736
732224
227264
232896
932992
264448
444224
327232
349632
927232
333632
738368
336384
638336
862464
923328
924736
863232
324992
823424
222272
327232
274624
223232
263232
348736
229632
362624
622336
627392
927744
483328
222272
622272
262272
282432
423232
222336
224384
642368
622272
439232
823232
487232
399232
423232
367232
296832
292224
427392
222272
233344
972224
244672
633728
246272
328448
264384
364672
743424
233728
663232
367424
723264
323328
329984
347392
687232
264832
372992
232832
422272
424448
247232
936832
362624
823424
662272
494272
333824
827264
372864
783424
932992
274624
332224
878464
964224
364224
439424
433344
728384
389824
367232
224768
434432
333376
263744
222464
292288
423424
229248
488448
343936
226432
226624
268672
339264
439872
437632
392448
223872
374272
628224
223232
274944
732224
364224
228224
777344
492224
222272
324224
834432
744832
632832
738624
722944
928832
423232
636224
639232
837248
663232
483392
277824
333376
842432
732224
233344
282624
794432
263424
283264
763776
627392
327232
862272
346432
339264
733248
332672
434624
383872
224832
462272
924288
822272
638272
333376
444224
296448
284928
737344
423232
463744
248832
933824
382336
892224
249344
343232
246336
383232
938432
274944
343232
423488
223744
492288
246272
622336
862272
682624
223488
322432
343744
667648
922624
623232
422272
626432
927296
334336
747264
886464
232448
887232
323264
223232
772224
978432
677248
422784
882432
276736
292928
244224
223232
466624
222784
294464
722432
242944
322624
247424
923392
223232
233344
332224
222464
292224
244288
927232
223232
222272
342272
782336
223424
323264
324224
397824
487424
697472
384832
223232
973632
932672
432384
372224
324224
263424
373632
492928
844224
266432
223232
932224
892224
792384
922624
334336
332672
666624
343232
372224
262272
422336
223872
223744
766976
373824
623232
326272
832384
743232
633472
427392
364928
934784
728832
236736
362944
323648
273792
392832
272896
373632
334272
262272
472448
483392
227328
277248
382272
447424
343232
324992
239232
262272
223744
244224
322432
477248
996224
322432
262272
222976
383232
863424
323264
224384
623488
324224
232832
226432
344832
772224
263424
274432
439232
438272
623232
366976
668224
487424
926272
433472
323328
429632
222336
622464
326784
322432
323264
263232
842624
237824
292224
222464
363264
228224
473344
623232
224832
623424
843264
423232
239232
724224
233344
726336
226432
273664
463232
642624
636224
378496
648832
342784
882432
228928
247424
622464
247232
933824
323648
332928
389248
843328
772224
474624
828224
463232
224832
724672
924224
277824
823424
244928
347264
246336
326784
822272
223872
462272
472448
284224
934272
273472
332736
394624
422272
493696
374336
949824
636224
978432
422272
374272
932672
434432
223232
442624
223232
244224
644224
322432
423232
232832
383232
249344
273728
396224
232832
322624
327232
242624
324736
636224
244224
284928
277376
692224
266368
462464
639232
223232
332224
292224
338432
327424
322624
946944
326272
483392
623232
342272
232384
423296
223232
647232
239488
274432
293632
447232
367232
633792
343424
223232
364928
993664
234624
233728
223232
243328
439424
622336
482432
739264
367232
622464
822336
463232
728832
636672
879936
338432
277632
346368
484288
227328
344832
262464
332672
296832
322624
463232
327232
824384
494272
234496
828224
287232
233472
423232
327424
724224
226432
923392
246272
223232
382272
644224
223232
373376
383232
292736
438272
262784
437632
444224
337472
247232
273344
832896
399744
664832
933248
233344
367296
433472
926272
624384
327424
432832
923648
324224
838272
387328
622336
279424
274944
946432
342272
248832
823424
323392
382272
246336
723328
383424
363392
249344
322432
993472
628288
284672
333632
623232
434944
837248
448832
967232
372736
432384
263232
333824
734336
328832
274432
783424
246464
623872
822272
423232
376448
949632
346624
322624
479424
228288
262272
444928
337344
474432
224384
672768
373248
322432
738432
223232
342336
282432
724224
327488
332224
266624
247424
444672
442368
823424
938496
733824
277632
436864
367936
837632
223872
684672
239232
332672
266624
423424
676672
248384
938432
926272
263872
727232
242944
822272
332992
222272
422272
332224
323328
922432
487424
443264
364224
383488
342272
247424
623488
864384
262848
233472
294272
222336
246272
333632
383424
324672
823424
726272
247424
243648
264384
472384
943232
286336
629632
932224
943232
422272
374272
237696
926336
239232
362432
283264
742784
246272
396672
274944
488384
673728
687744
736832
399424
422272
478272
236672
226432
463424
382336
232448
829248
724864
722368
223232
422272
284672
643328
422784
377472
399232
932992
637248
783872
373632
289344
224832
228224
327744
272768
393344
226624
464448
623232
634624
932224
267648
627648
826368
229376
447232
986432
423232
622272
333824
863232
863872
399232
924672
436224
374272
327296
627264
274688
269824
923648
428736
222272
824832
638336
326272
823232
822464
276224
423232
872832
823424
767232
234432
323328
962432
466496
362432
232832
622336
223232
294272
387264
842432
368384
423936
388224
463232
742336
484224
944832
234944
474624
342336
332224
869248
683264
298624
383296
822272
224832
938432
663424
222336
324672
233984
233728
223744
232384
276224
232448
463424
723392
732672
222272
234944
324224
442624
928384
432448
322432
362624
332224
442432
468224
236224
623424
493248
627328
228672
724736
263232
626432
443648
866624
764928
736832
223232
623232
333824
373248
293248
422272
223232
462336
943232
333824
338624
484224
423936
373632
273344
299392
692224
226944
428224
794432
292736
499264
327424
646272
323328
378432
233728
222464
239232
493632
239232
322432
343424
243328
662272
222848
293248
894464
623232
223232
283392
343424
284864
236288
463232
278336
422272
443328
779648
243328
326272
223232
847232
236992
492672
733248
222272
239872
432768
337472
284288
926336
322432
737664
262272
222272
773248
383232
639232
242944
236864
636288
439872
423232
846336
329472
822272
322944
463232
233664
442624
233344
493632
467776
239232
338624
683392
838464
824832
868224
832384
362624
422976
343424
293248
732736
762624
232384
466688
733632
622464
664832
263296
334272
322432
276672
239232
233792
223424
276224
772224
332992
422272
262272
274432
322432
922432
327232
333888
272384
236736
227392
262336
736896
794432
223232
472832
273664
693376
634432
233472
242944
367424
263232
487232
223424
476224
623744
764224
334272
222272
487424
223424
342272
242432
774272
223744
237824
362432
222272
373824
262272
998464
444864
439232
343296
943232
222976
237632
422464
869376
292672
732224
224832
844224
222336
232384
944832
426368
372224
287232
722624
823872
263872
634624
763264
636672
486272
243264
248448
723328
332224
432384
273792
349824
874432
324224
247232
422784
932224
262272
232832
372224
222464
223232
489344
743424
962624
323328
866496
373632
234368
473472
932224
463232
372672
746624
226624
322432
436864
432384
223232
682432
276224
833344
684224
236672
247232
422272
239232
267968
826496
647936
722624
433664
429248
423232
463872
274624
373824
732672
324224
242432
242432
463424
372224
624896
343424
322432
643328
274432
242432
363264
733248
322432
292224
636288
639424
244224
393728
772288
383424
983232
436224
683328
626368
287232
383424
636224
222272
222336
677632
637632
323328
422272
322624
368448
282432
267264
723264
439424
483328
674432
233472
743424
229248
234432
226944
422272
322432
342272
484224
464448
323392
743232
239232
622784
493248
224832
623232
323392
223232
223232
462336
233344
223232
244672
234368
962432
863232
232832
262784
722496
282624
322432
332736
243328
227328
642496
282432
324224
272384
769344
623232
364288
232448
993344
242944
728832
284224
232832
234624
232832
772864
882432
228736
267264
772224
743232
287232
426432
647424
442432
273984
362432
222976
222272
223232
327296
287744
436224
733632
427328
362368
226432
466432
224832
362944
243328
238464
242496
333376
628224
732224
233728
223232
423232
372224
663232
262272
433344
292224
742272
492224
463872
244288
642432
484992
446336
239232
226432
247232
339328
273664
277824
249728
222336
362496
678336
269632
262272
279232
972224
427392
233344
647232
234624
424384
246336
293632
386432
236224
283648
943232
229632
883392
322432
234624
224384
962432
422272
468224
263424
426432
233664
332224
293632
262784
423232
243392
627328
994432
623232
223232
423424
622336
267328
974272
227392
946432
884224
747328
493248
233664
683328
462336
822272
663424
373376
463424
324224
483328
938624
724224
937344
633344
242432
322624
383232
248448
324736
223424
393728
493632
628736
347776
362368
326336
343744
642432
343232
326272
722432
384448
863232
427648
463936
244224
223232
926272
943232
497664
493824
372224
463424
349248
273472
322432
273344
282368
724928
646272
422336
233472
263232
233344
463232
227328
463232
262272
242624
743232
327232
487232
362432
434944
263488
742272
783232
228928
622336
323328
442368
923264
246272
762944
226432
793728
834944
642432
436864
324928
382336
724224
643968
726976
222272
484224
927232
623232
822336
276224
292864
376448
329728
238464
442432
322624
482432
326272
343872
332224
423232
222336
692224
993728
242624
823232
642496
237696
247424
376768
222464
239232
673664
432384
223232
934272
922368
962624
399232
233472
242496
922496
222336
442432
239424
738432
222336
743232
222336
773376
824832
269248
344832
367872
282432
474432
634496
396864
867264
922432
224832
422272
478272
942464
363328
234624
324736
424896
333824
236672
436224
728832
663232
236672
432384
883264
436224
322944
936832
922624
933824
268992
362432
623232
223232
332224
462272
822272
266368
226432
223232
363392
278272
238272
422464
426432
222336
386624
343424
878976
227328
223232
232832
226432
223232
923392
372224
628288
222272
228224
376832
932224
742272
322624
443392
227392
327232
233344
392448
247232
373824
223424
933248
922944
223232
973632
346432
228224
324224
343424
722432
743232
628928
362432
722432
229632
439232
732224
332672
689984
687232
862464
447232
223232
226432
373632
342272
663744
237248
294272
932672
866432
423424
634496
723392
293248
242944
262272
332224
442624
292224
234368
328832
484224
633472
623232
786432
222272
422464
779264
444224
244736
242944
338432
229632
324224
284224
326272
762432
292928
227392
444224
378496
734336
676224
333376
637248
279424
399424
223424
263488
442432
733248
223296
232832
362432
263232
239232
268224
332928
322432
322432
832384
923392
234944
628224
976832
338624
388224
962432
223232
242432
747264
262272
422272
267328
496832
282624
632832
343232
982336
223872
832896
843392
232832
743232
242432
486272
428224
234432
743424
242944
723328
948224
246272
242944
324224
263296
932224
423232
633984
749824
332288
294464
874624
767232
378944
222336
469248
299392
724224
327424
499392
622464
933376
272384
343424
343232
347392
833344
762944
234624
333248
228224
232832
727232
244224
799872
842368
823936
293696
222272
744832
222336
672832
836224
724224
329344
937728
323264
437632
684224
332928
334784
436736
442432
374784
386432
423424
223232
639232
243328
487232
292224
223232
964224
946432
722432
422272
322624
439424
839296
299264
222336
234624
262464
342272
848384
233344
242496
237248
243392
247232
343296
683392
373376
843392
422272
248896
243328
223232
964224
827328
868224
274496
632448
332672
324224
633664
876928
673664
223232
463232
476672
423232
663424
426624
228928
634624
278272
392832
884224
243392
934464
229632
347328
732224
276736
723264
328832
869632
423936
882432
667392
267328
294272
682432
333824
732224
934272
292672
447232
292224
422272
834432
969344
383744
297728
932224
368896
293824
733824
247424
648384
222336
682624
662272
623424
622272
292224
372672
326784
239424
828224
234496
223232
692224
934272
437248
639488
793472
223232
222272
674624
232832
478336
373632
292864
323776
637824
322624
927232
427264
244224
844928
323392
679232
486272
863424
763264
332672
824384
322624
732224
742272
839424
287232
822272
944384
232832
964672
772224
376384
627392
663424
263296
322432
424832
733824
287424
323392
436736
322432
274432
997632
433984
262272
263232
228224
463232
222272
933248
377472
722368
228224
222336
222272
346432
967232
826432
333824
442368
642432
822336
924672
444224
493824
644224
282432
623232
346624
442432
494336
323392
382464
343424
233472
383232
788224
436224
323328
222336
348224
478272
829824
983232
423296
263424
232832
227328
832832
732928
876672
344832
363648
279424
472832
369792
222272
338432
926272
423872
727424
224832
434432
382272
922624
622336
332672
464384
322432
668224
636224
633472
438336
462336
623232
222272
869824
924224
322432
628224
443648
622336
224384
734272
632832
483328
423296
268224
283776
373376
364672
823232
328832
663424
423424
322432
473344
649344
222336
228224
836928
422272
329472
926464
823424
772224
223232
764224
322432
474944
623232
236224
876224
322432
723264
439424
836224
492224
927232
224832
922624
222272
724224
243392
262272
627328
826624
628736
332992
343424
224832
423424
243776
239232
373632
467264
423296
446272
636224
222336
262272
299328
222784
233984
272448
239232
348224
834432
468224
228736
249344
722432
286336
284224
244224
483264
242432
838272
444224
232832
626432
222272
263232
932224
927232
364672
236864
443392
626432
643968
322944
399232
642432
223424
228224
422464
623232
327232
489728
487296
822272
223232
234432
343232
822272
696384
972672
232832
239232
222848
838464
233472
322368
322624
432896
372224
233344
863424
248832
723392
287744
839296
342272
422272
649728
266624
294272
232832
643392
337664
282624
743296
232832
966464
367232
722368
467328
373248
292224
227328
239232
324224
639232
232832
974272
423424
393344
478336
262272
264832
323392
292224
224448
383424
622848
332224
322432
442944
263232
237632
222272
272384
394624
422272
236288
228224
884224
327936
624448
662272
824768
739328
432832
884736
223232
322432
443264
296832
233344
833984
767232
322624
224384
224384
327232
324672
363392
832768
332672
294272
793344
628224
823424
223296
337472
722432
223296
247232
832384
667264
833728
463424
332224
238336
462464
364224
462336
324224
376448
923392
626432
226432
222336
332224
292224
722432
393728
222272
632832
399232
372672
222336
662272
224384
239232
223232
369344
332672
223232
343232
292224
382464
372992
382272
894464
474368
229248
446272
297472
262272
333632
898624
423232
743296
423232
343872
292224
679232
344832
227392
943424
843264
228736
623232
638464
424832
238272
677248
232384
994432
438336
334272
934272
322624
287232
499648
623872
783232
436928
729728
423744
276224
324736
292672
367232
373632
426624
422272
238336
722432
726272
274432
443648
736832
642432
633472
228224
283264
924864
242688
646272
423232
347648
647296
383872
432832
623232
476224
646784
827392
229376
743232
832448
339328
223232
293376
634624
423424
244736
286336
324224
923328
636224
489344
274944
463232
267264
823744
382272
642432
923392
236224
362432
266432
792384
324928
436224
642432
932224
747392
324224
347328
922496
272384
229632
227392
223232
223744
482432
443776
227968
962432
222272
763264
732224
343232
272448
223232
663232
423232
477696
222272
234432
272768
629632
222272
447232
422336
442368
262272
222848
234432
267392
226432
324224
222272
783232
423424
244928
292864
439424
689664
323968
222272
942336
327232
623872
246272
744832
344448
333376
944448
772224
462272
727232
383872
372992
463232
322944
239232
786432
324224
727296
223232
439424
829376
736384
827264
948224
372224
624768
383232
396672
323392
829824
378432
663232
367232
346432
327744
442368
362624
223232
322432
927232
228672
244288
822464
633472
469632
327232
294336
226432
327232
438272
427264
422272
294464
664832
223232
383232
863424
229824
343232
633344
422272
432448
368384
322432
793472
664768
222848
633344
244224
662336
292224
428224
438272
362432
322432
327232
482432
237632
943872
437632
388224
343424
623424
463744
272768
644224
626624
228224
334976
722432
227648
362624
822336
372224
267392
233472
842624
629632
926272
647232
942848
262272
329472
343232
723328
249472
423232
244224
222272
278464
223232
422464
388992
723328
447424
233472
229248
244224
466432
642944
223232
323264
223232
222336
343424
923392
237248
443392
236224
782336
389632
222336
238272
644224
638336
329664
623296
844224
768448
747264
239232
246336
229632
478272
222272
329472
339328
422272
922624
224896
444224
279232
232832
222336
923328
324992
762432
332224
263232
733248
222464
264832
723328
327232
383872
227264
843264
338432
272832
244672
242432
928832
333376
433472
482624
372224
822272
362368
324224
222272
433472
342464
847232
236672
436224
732672
446272
324224
762432
292224
233472
232832
293632
332672
826432
326272
468928
283264
322496
393472
724224
823424
244224
247424
847232
732672
433792
423232
374272
963264
223232
484224
347392
883264
833472
342272
734272
343424
237824
287232
484224
289344
732224
222848
834432
396224
327232
367232
483328
363648
943232
223488
723328
373632
937344
923328
666432
783744
393472
633984
322624
243968
628864
236672
267264
332288
244224
284224
442624
222336
394624
722432
337344
633472
772224
423232
372224
674432
492672
726272
732672
322688
238336
464448
349824
263744
433344
228672
773248
347264
223232
343232
239488
233984
763392
282432
623232
324224
223232
462464
226432
873984
633472
243328
363392
322944
343232
487424
443392
322368
442624
233472
732224
462464
323328
442944
222336
234688
322432
434368
322432
239424
347328
223232
238272
622336
248832
722432
434432
233792
664832
244224
622336
322944
992832
362432
232832
424832
388224
382784
623424
244224
437824
398336
322432
739328
223232
863232
436672
632832
762624
247424
228224
423424
462784
273728
764224
872832
223232
436224
629632
422272
344448
226432
823232
836224
932224
322944
789824
734336
263488
227648
228224
822336
944832
223424
263232
322432
274432
782336
243264
392448
279232
634944
943424
372224
282624
642688
372224
323264
232448
466432
823424
423232
923328
223232
263232
222272
743936
342336
362624
484224
934336
233728
222272
372224
868224
242624
229632
223232
922432
863232
838272
274432
842432
764288
284736
834624
722432
222272
662336
279424
434432
232832
226432
228224
639232
239232
269376
772736
323328
229632
282432
678272
463232
462464
843328
322432
277632
823424
642432
298368
832384
242432
282944
362624
262272
362432
222272
389632
922432
282432
267392
642432
723264
827392
438272
722432
223232
434432
622272
222336
343232
233344
933824
322432
497344
493824
663424
633728
282624
284224
423232
333824
733632
433792
723264
724864
322432
732992
332736
687232
329728
834432
382848
732224
627264
332224
376448
423232
738432
229824
332288
833728
648832
264448
332672
334336
239232
233344
343232
222272
982336
262272
233472
223232
988224
638336
463232
227328
372864
662272
943232
227328
383424
432896
943424
442624
622336
242432
249472
334336
964224
634432
223232
338432
884992
342464
633728
233472
237824
342272
223296
276224
333696
393472
844224
636288
463232
443264
227968
339328
327424
286336
234432
223232
243328
642432
384832
333632
237824
929344
238976
262272
422464
773248
244224
243264
423936
239232
222272
834624
623936
494272
236224
222336
823232
622464
422464
773248
462464
222272
666432
299392
734272
742272
292928
634432
776448
622336
924288
223232
933632
223744
323392
223232
836224
237824
233344
762432
329344
322432
329344
242432
444224
262272
737472
468928
222272
743424
388736
432832
272896
466432
249344
482368
222272
998976
322432
623424
269824
463232
268224
327232
292224
422464
293632
376832
983424
262272
243392
924224
642432
926272
872384
223232
447232
922432
234624
263232
342272
483776
922624
442624
343424
224832
333824
742272
932224
983424
222272
282368
342272
228224
242432
222272
244672
476672
228224
263232
977728
228224
223936
327232
274432
327488
343424
426624
298496
226432
777984
223232
732224
298624
922624
842944
262272
666624
982336
329344
236672
827264
333824
328832
723328
643328
693632
228864
962432
623232
239232
742272
924224
323328
324736
223232
836224
843328
223872
777344
436288
232768
432384
223232
722432
724224
366272
274944
624448
424832
243328
274432
932672
342272
322624
424768
882432
866432
684224
347264
647232
327424
286272
233728
374336
493632
246272
293632
627264
396928
382464
232832
324224
767296
223232
667264
783232
342464
287232
294464
462272
442432
222784
423872
228224
432384
642432
432384
636672
223232
742272
838272
622272
467328
329344
264384
333632
892224
687232
343232
243648
372736
247232
764224
243392
922432
292864
262848
766272
244288
243648
377344
949248
864832
863296
287232
388224
687232
449728
323328
743936
463232
332224
463232
862336
273344
326784
387392
222336
339392
382272
726272
223232
423424
222272
399232
624832
324224
244672
272832
244224
383872
677824
223232
472832
949632
966272
429632
662272
472384
666944
263232
742272
447424
222336
463488
427328
342272
722432
223296
247296
232832
332224
276224
943232
974272
327872
722432
399232
423232
247424
326272
633728
324224
227392
244224
362432
228224
277376
833728
223232
437248
242688
242624
238848
422272
423232
863232
284736
862464
222336
646272
734464
332736
862272
732224
863232
333376
663744
364672
322432
448832
723328
334336
242432
263232
647232
943232
327744
337344
223232
423232
263296
826432
293696
329792
322432
243648
237824
428672
626432
642432
463232
328832
822272
644224
239232
432896
223232
742464
682624
382336
442624
443328
423424
822272
234496
269248
228224
722496
294336
263232
326464
423232
436288
836224
239232
782464
378624
324736
292224
386432
824448
923776
343424
292672
466624
239232
297344
932224
682432
772224
336384
222272
474432
422784
223232
383232
363392
272448
223424
627328
482432
423296
343232
928384
633472
324224
242432
292224
336384
268736
728448
423232
822336
223232
282432
222336
239232
338432
367232
492672
933632
629632
763264
923328
247232
728832
632832
334272
827264
228224
624832
322432
232832
663232
828224
286464
232448
727744
322944
238272
248832
736832
868224
242624
876224
268736
449472
327744
223232
839232
284672
334272
332224
863232
443264
932224
322944
723328
727424
482432
362368
892224
267264
423424
722432
669696
432832
277824
328832
783744
727232
372672
842368
263232
223232
268928
222336
728448
822272
372224
622464
726272
444224
223488
433472
629632
626496
439424
243264
246272
447232
294272
672832
423424
326272
932224
623296
223232
937344
737472
622336
322432
323264
223232
367232
323328
474624
873728
236224
343744
633472
224832
732672
692224
433664
343872
348672
444992
222272
246272
428928
498432
882432
724224
436672
374272
229248
229376
663424
236672
223232
227776
943232
973824
243392
422976
867648
924224
732224
292736
982464
227328
399232
348224
244224
323328
283392
428672
324864
948224
242432
643264
322432
242432
263232
424448
884224
223424
348224
738432
742784
242432
944384
947328
234368
722432
667392
322496
727424
722432
223488
763264
323392
274944
362432
432448
322432
674432
363392
222336
787328
442496
628224
227264
233728
327424
224768
422272
222464
943232
322624
222272
623424
844672
228992
222464
363328
447232
244224
222464
646272
943232
324224
246336
322432
262272
646272
423488
827392
438272
262336
623936
233984
423232
672832
266624
823872
332224
328832
367232
723776
822272
722432
924928
246272
223232
272832
932224
423232
733632
278272
428224
324224
237632
327424
439232
783232
329344
233728
232832
222336
623232
223424
223232
223232
244224
223232
823424
222336
822272
823424
622464
373632
223296
922624
239232
228672
327232
326336
943296
823232
738432
244288
836864
338432
327424
223232
322624
292224
626432
223232
364928
244224
343424
322432
233344
842432
623744
224384
626624
484224
223232
232832
626944
623744
329728
276288
393344
372224
623232
249984
226624
623424
222784
224832
367232
792384
223232
222336
439424
433472
743232
922368
334336
434624
438272
628736
334272
274432
327232
843264
343232
962432
868224
727424
223424
383296
364288
239232
922368
793664
429632
423232
284288
223232
926272
329344
827328
622272
626432
267968
322944
762624
763264
224768
924992
692224
334784
294272
324224
937664
738432
834624
323328
723392
333632
223744
922624
322432
666624
262272
734336
334272
243264
782464
373632
238336
322432
247424
232832
233472
622272
239424
322432
234432
622784
328384
724224
473344
327232
422336
734336
492672
423744
223232
422464
747328
283328
262784
234624
334336
242432
836928
444224
482624
767232
839296
364224
643328
293632
242432
479232
372224
384384
442432
836224
933376
223232
634624
263424
222848
322624
833664
334336
923264
922368
846336
239232
422272
322432
463232
782336
236224
293632
446464
723328
476736
229632
267328
427776
226432
863232
373632
642624
722432
249344
333632
343232
473344
429632
726272
244864
623296
642944
822464
263232
432384
699264
222272
933632
492288
348928
466432
226432
243392
367232
283328
222464
246272
434496
376832
494336
344832
783232
628224
396224
244224
243264
882432
236288
247232
422272
388224
443328
663424
324224
228992
226624
244672
994432
822464
236672
292224
932224
842624
274944
243264
283264
364224
223232
434432
462336
932224
439232
237248
922432
324736
463744
322688
332224
822272
222336
434432
628224
324224
982336
623232
223488
732224
623424
383232
463232
223232
486272
276224
289472
796928
423872
427264
644224
222272
224384
278336
432448
638272
922432
228224
324224
222336
434432
397632
332224
622336
434432
436928
263424
242432
228224
439744
247424
434432
227328
834368
296832
324224
449664
783424
679872
624384
923264
372224
629376
766848
364224
663424
244672
223744
222336
386432
322432
268224
763392
484224
328384
692224
333632
962432
326336
263232
747328
483392
426688
983232
642624
846336
794944
223424
342336
436672
729472
248832
229632
363392
377984
668928
282624
923392
327232
444224
367232
264448
282432
372736
222272
463424
622336
427264
246272
626432
662272
224384
346624
463424
772224
233472
339328
232448
932224
743424
796224
492224
687424
373248
337984
448832
924224
276224
222336
223232
223296
343872
274432
337472
637824
222336
324224
292992
322432
724224
246272
422272
932224
324992
626432
673344
394624
927232
239232
382272
647424
282368
324224
444928
224832
244224
239424
243264
372224
398336
266624
422848
374336
433792
443776
232448
672832
774272
324224
636224
294272
333824
827328
863232
227392
364928
642496
244224
498432
923264
623232
263296
233472
244224
274432
627328
922624
432384
372736
422272
846336
363264
924224
274432
422272
374336
249344
329344
242624
432384
246272
469248
343232
874624
243328
742272
668224
224832
732672
432832
263232
232832
238272
446784
238272
724224
237632
228224
742272
327232
772224
463232
622336
236224
284736
232768
247424
729728
292864
792448
622464
623232
472448
293632
242432
336384
223232
262784
226432
426944
732224
463232
463424
422464
422272
324224
372224
744832
336448
836224
374272
968832
764224
636224
323328
223232
292224
234624
744832
648832
722432
722432
263232
272832
497984
783872
724224
792384
432768
623744
432832
442432
932224
722432
964224
343936
426624
324288
233344
729664
773376
972928
442944
223424
862336
772224
324224
723328
424832
432448
366784
463232
962432
244224
342272
638272
263232
722944
874624
843264
322368
222272
368832
427264
433472
382272
484224
462464
382272
282624
447232
843328
326848
423232
823424
468224
234432
744832
446336
239232
334272
483648
224384
236992
272832
322432
636224
367232
233344
892224
226432
233792
337984
222464
243328
823232
294784
664448
222336
247232
224832
892672
622272
364224
322944
324224
363328
923328
377344
442624
723392
322432
223232
732224
227328
322944
366272
237824
472384
326336
742272
383232
726272
332224
334336
268224
226624
482624
927232
689792
723328
284224
633472
327424
644224
934784
373248
343232
823424
262272
223232
392832
286272
337728
229632
423232
286272
623296
423424
869632
492224
692224
732672
923264
922432
276224
463232
349824
372224
824384
843328
367744
623232
764224
263424
382464
629632
323648
682432
324224
282944
622336
742272
724224
348224
334464
223424
292736
322432
662272
227392
624384
263936
332736
232832
992832
246272
392448
342848
324672
423232
423232
373632
262976
222272
327424
727232
223872
476224
432832
342272
323328
332224
274432
342272
226624
287232
284224
932224
772864
633792
273472
234624
447232
332672
372224
223424
428928
484224
223232
228224
382272
492672
423232
223424
272832
487424
627264
343936
348224
228224
783232
242496
782272
223232
342272
822336
287296
249344
424448
728832
344448
428224
228864
234368
934272
482432
482624
629824
447232
422784
222272
223232
362432
363264
232832
436224
927232
243392
223232
732224
292672
472832
729472
322432
732224
263232
263424
324224
284224
427392
246272
787328
646272
424832
339328
244224
327232
222272
744768
228224
274432
494464
227392
333248
239872
783232
393472
427392
444224
843392
367424
442432
722432
463232
343424
842624
244288
827264
926464
432896
267392
432832
322432
234944
363968
443264
922432
726272
433472
724224
342272
629248
223232
273664
222272
327232
242944
222272
223872
644224
232832
642944
763392
242624
322432
724224
236224
444224
234624
943232
422464
482432
723264
922368
422464
423488
822272
222464
243264
346624
337344
322432
483264
638336
392384
292224
764224
442432
222336
623424
373632
447232
748224
244224
634368
442944
223296
323648
722432
322432
324224
322624
267328
869632
987264
422272
373632
344832
423488
227328
623424
772224
662272
226944
332224
378496
222336
422272
894464
674432
892224
297472
872832
732224
934272
422272
629632
426624
723264
383232
623232
936832
324224
287424
624768
324224
277632
428288
228224
632832
622464
322368
773632
263424
248448
433792
362624
264384
287232
327232
367232
679232
227328
927232
223744
338432
763264
287232
837824
226432
222464
222272
662272
822272
422336
367232
663424
447424
222272
267648
639232
263232
863232
472448
343424
228736
673664
434432
222336
423296
274432
324736
834432
642432
279488
232832
246336
343232
288384
299392
234432
423424
236224
242432
236224
286464
292928
623232
222272
223232
377472
929344
722432
243648
423424
422272
244736
422272
463232
234432
322432
893824
334464
483392
268224
347392
623872
839424
272896
234624
242624
722432
838272
386944
323392
322432
223232
223424
327744
342272
443648
642688
349824
442624
779392
622336
482432
943232
223744
366464
943232
322368
734464
732224
343424
722432
273664
222272
682432
927232
223232
369344
232448
223232
223872
334272
244224
273664
462976
223232
223232
623744
236224
732224
424832
827264
324736
263232
222464
436224
449472
286272
446336
442432
643264
274624
342272
628224
223488
884224
722496
943424
262272
226432
623232
327232
847232
343232
269632
273344
674432
892224
242432
326784
642624
834432
329344
342784
223232
292224
327232
343872
443328
623232
932672
863872
382272
766464
223296
789632
626624
394624
393472
949376
783424
273792
277632
228224
222272
242432
434624
322432
862272
367424
226624
279232
223872
343232
239232
223232
463232
662272
342336
282624
324224
634432
792832
222272
427328
924224
868224
223488
242432
374336
942464
324224
644224
329792
444224
678272
322432
327232
774464
242432
226624
622272
427392
962432
372672
422848
399744
228736
924224
842432
322432
282432
267392
423744
494336
226944
286464
388224
868864
238336
473472
244224
224896
279232
223232
342272
247424
242432
332928
482624
643648
446464
743232
383936
282368
222336
463872
732672
292224
938368
342272
223296
473344
773248
329472
326272
463424
783232
386944
424832
633472
428224
237376
326336
324224
734464
662848
434624
664832
967232
732288
332224
322432
273728
326848
388224
222336
242432
638336
898432
346624
738432
227392
973248
932224
927232
226432
623232
497344
479232
293824
464832
922624
664384
688448
442432
694272
636224
223232
223232
772224
287232
333824
427392
224384
282944
932224
237376
662784
383232
223424
484224
464384
932224
222272
927232
266432
363264
239232
262976
236224
723328
222784
444928
223232
244224
847744
337792
743232
623232
883328
326272
222272
343232
373248
293888
222464
422272
382464
273472
743232
274432
673664
223232
432768
462336
273472
223424
884992
324864
474432
329344
222336
442432
262272
726272
432832
433792
373632
223232
222336
223872
223232
432384
372224
724224
642432
782272
224832
224384
444224
674432
772224
222336
924224
434688
642624
948224
982272
237632
292672
232448
948672
767232
293632
438272
289344
263232
222336
274432
467328
222272
289728
322944
723264
322432
374336
322432
283968
246848
722624
383232
762432
223232
372224
644224
692224
222336
244224
366272
367232
436224
383424
223232
743424
363392
332288
263232
973632
294272
422464
322368
924224
486272
322944
763264
223232
373632
326272
422464
734336
462976
622336
222272
244864
642432
722432
642432
292928
292224
422976
297664
222464
623424
333248
234624
242432
336384
644992
643328
227392
682432
476224
372224
927232
222848
322432
367232
322432
692224
348928
444672
248832
327232
222272
449664
373632
227392
332928
223232
282624
834432
633472
492672
329344
246272
343424
236864
723264
322496
687232
382272
329472
282432
834432
263936
272832
234624
626432
362432
223232
922624
239232
746432
322368
323264
244864
324224
362368
924224
462336
363264
822336
324672
292224
727488
423232
233728
283328
682496
974272
372672
364224
622464
427392
237632
232448
368384
339392
279232
283264
276992
223936
224448
427328
343872
783232
294272
262464
723264
374272
262272
323264
263232
292224
423424
276224
934336
223232
428928
374336
492672
666496
922624
686464
874432
282432
643648
226432
283264
447424
223424
247744
476672
833344
679232
834432
244224
423232
263744
396672
436224
662464
866432
847488
443264
392832
427328
223424
782272
623424
223232
732224
636224
239232
383232
249344
324224
672832
772992
342336
223872
293632
262272
444224
332672
932224
226624
226432
247232
449344
733888
232768
442368
663936
943232
324224
827328
326272
222336
742464
826432
223232
247424
382336
793664
262272
324672
292224
222272
348672
262272
382464
343232
233472
863232
646272
233344
937344
377344
229824
783232
282432
423424
443392
286336
832384
496384
333376
223232
294336
223232
222272
339328
337472
222336
263424
692224
223232
366336
273984
222336
228224
329344
343424
623232
442624
263488
224384
327232
226432
228224
437376
742272
224832
327232
427264
946432
242432
234432
644224
428224
423872
263232
376832
227264
422272
222848
447744
693824
373248
633344
327296
942272
623232
234624
922432
222336
423232
422272
226432
232448
647424
643264
642944
482432
223936
227392
323648
293248
682624
946432
236928
923392
292864
442432
643328
223232
743232
234432
863232
263424
334336
294272
223744
473472
423936
332672
722432
322432
428224
343936
293632
332224
324224
284672
463232
223488
323648
839232
623872
446784
422464
722432
388224
322624
427328
628224
663232
223424
322624
323264
233984
922624
232384
372736
644224
324992
447872
327424
383232
476224
423232
223744
322432
279424
332672
244224
383232
223232
324224
242432
423232
227264
423232
644224
632448
222336
742272
272832
442496
223424
867392
943232
263424
422848
926272
934784
623232
924672
226944
662272
933824
264384
722624
226368
743232
674944
632448
392448
762432
236928
283264
964864
293248
473728
628224
262272
222336
277632
236288
964224
937472
249344
727296
436224
444224
242624
342336
942336
748672
422272
326336
427648
633472
629376
264768
229632
724992
234432
626432
783424
743296
222272
333824
223424
292224
428864
222336
463232
773248
263296
482624
673344
993472
222336
837632
326272
932224
998272
233472
223232
324224
222336
287232
322368
227264
292224
626432
427328
434432
826496
624384
623232
743232
336832
623232
383232
232384
382464
882432
624896
347328
732224
922624
292672
333824
847232
444224
423936
384448
249344
222272
447936
462464
622272
762432
222976
244224
223936
762624
234624
772224
948288
362432
237824
327232
322432
749376
284928
264832
234624
843264
337792
447424
636224
422272
682624
738432
264832
326272
732224
687232
224384
222336
432384
222784
762944
684224
283392
283264
243264
622336
822272
924224
899392
242432
633472
822272
283264
724224
272448
423744
827264
336832
727232
223232
326272
233344
332224
373632
428224
229376
962624
443328
923264
743232
623424
629376
332224
764224
943232
324672
667392
232832
322432
622464
633472
862336
293632
924992
433344
447232
239424
287232
228224
392832
426624
932224
473472
224448
327424
247232
233344
463232
222272
884224
644224
732224
222272
922432
286272
823424
332672
222272
787264
223424
663232
344384
339392
324224
623424
444224
222336
362432
423232
823232
643264
447424
299392
272384
222464
263232
748736
322688
467776
626432
494272
423232
423232
736384
772224
234432
383424
362432
229248
722496
233344
423232
223232
642432
436224
232832
263296
842624
892224
282624
394624
422784
229888
822336
222336
383232
682432
222336
722432
272384
724224
222464
327232
242368
332224
463232
338624
994432
466432
244864
333248
334272
633472
763392
942464
743232
782336
292224
222464
847424
274432
622336
464384
694336
223424
228224
278272
328832
234432
232832
693376
738624
946432
447232
396224
239232
223744
266432
642496
224384
774272
243264
224384
942336
226624
686336
443264
633344
333824
244224
247232
277248
223232
324672
237632
227328
823424
364864
868672
389632
423232
228224
322432
268224
286464
422272
822272
223232
432448
822336
442624
334336
442624
746624
442368
233472
663232
342272
223232
222336
332928
423232
923264
229376
242432
373248
276224
642432
362368
927232
326272
249344
379392
226624
372224
427392
286336
667264
328448
932224
423232
343232
222336
383232
324224
223232
442432
433728
842624
992384
278272
472448
342272
689472
943232
222976
322624
229248
263232
423424
274432
668224
873472
623232
924224
443392
232832
242432
644864
963328
743296
343232
263232
344832
642432
342272
264832
879232
324992
329344
927232
462272
267392
823232
422336
244224
424832
422272
226432
273344
347264
497792
423744
249728
276224
823424
423424
242432
332224
222272
229248
743424
372864
844288
247424
432832
244224
332224
943232
236224
433344
282496
246272
262272
222976
662464
668224
222272
232768
863232
322432
783232
447232
228224
286464
924224
472832
242944
663296
832832
266624
422272
327232
732224
372736
223232
222464
334272
244224
783232
433344
623424
626432
264832
422464
643264
646272
222272
776832
292992
628224
663424
242624
683264
927232
623232
873344
462272
436224
228992
922944
223744
423232
824832
823232
322432
342784
423232
323392
372224
482624
943232
923264
823424
364288
322944
364224
284992
362624
693824
923392
622272
427264
839232
642432
228224
623232
244736
334272
363392
226624
226432
223232
674432
383232
342272
434432
339264
823296
282368
482432
223232
247232
823232
324224
627392
463424
323968
222464
223424
262272
822784
223424
922944
842432
328448
222464
224832
924224
422272
464832
342272
722624
222848
933248
229632
944832
623232
932224
678272
823872
383232
622336
378432
242432
322432
327232
223744
246336
386432
422272
272832
423424
934272
484224
732864
666624
332224
244864
732224
226624
322944
322432
223232
333632
224832
228224
822272
833664
249344
627328
433344
924224
222272
364672
348224
222336
224384
382272
223232
338432
324224
263936
226432
284224
847232
222272
333824
228224
742272
847232
392768
223232
228224
367424
394624
234432
743232
932224
342272
232384
482432
482432
424832
442624
274432
823424
682624
223488
726272
646464
244224
287232
234368
367424
733632
363392
336448
223232
994432
232448
233984
323328
274432
373632
292224
293632
444224
223232
622464
244224
322496
226432
723328
622464
238336
743424
224832
424832
223232
343296
222848
228224
432832
686272
223232
324864
423232
322688
234624
743232
347264
742272
324224
222336
663232
463232
227392
823232
422272
394624
228224
742272
432832
962432
223232
782272
863424
344448
483328
244224
734464
429824
232832
324224
438272
222336
922432
668224
386432
634624
229248
223232
936832
226432
228224
622464
484224
324224
236224
337664
223232
232832
399744
338432
863232
628224
799232
264832
226432
229376
228224
222464
743232
242688
264448
249472
264384
223232
962624
674624
226624
647232
492224
847232
428672
722944
323392
429632
323392
482432
428672
322432
442432
223232
626432
244224
233472
422272
324224
873344
222464
722432
942464
444224
262272
234624
223232
423424
394432
842624
943232
282624
732224
438272
332224
362368
274368
228224
444672
249344
284224
644224
282432
287232
922624
232832
244224
282432
928896
782336
