33247488
24223232
29624832
72372224
86378496
74962432
49266432
32447232
29726976
48233472
36223232
22327296
47623424
62972928
34697472
46793728
26226944
22277376
49992448
82337792
24233728
79743232
22328832
29329664
26228224
42979328
42234368
28263424
27977728
42299392
23448832
23743232
63322624
94949632
22279936
73247232
34232832
24466432
46862336
38427648
82748672
22326272
38772224
24223232
42836224
72293632
72632832
32223744
23922432
27273728
63286784
23228928
36472832
32232448
26233344
47642624
63647232
24442368
72969472
72724992
42727424
92722432
47222784
43892736
78322944
24229888
84342272
39634432
28423424
74868224
44242432
36282624
36223232
32242944
38262272
74742272
92479232
73283328
72786432
96863744
72662272
44344832
24334336
97327872
82769664
27838464
33774336
34243328
23349248
32244224
26836224
89643264
22366464
73432832
27663872
33742336
27743232
84334336
44479232
64223232
24436224
39337984
32837632
29626624
24229376
46844928
33364224
22292224
88824832
92762624
26283264
72679424
78723328
76227328
46332928
33332224
22223872
98672384
27892224
43783424
69233664
24333824
96468224
33362432
24437248
44342784
24227328
72843264
77468672
33227264
34262272
76469248
26742272
72429824
22693632
23373824
24328448
78222848
79273984
44233472
38322432
38687232
27237632
32348672
83474688
34297344
46362624
62287872
42277632
77742848
42633728
73292288
43237632
38443264
88724224
24282624
47438336
23444224
92223232
32872448
73422336
82229248
49972224
32267264
63862784
28434432
82324224
42729472
44832768
79623424
32944384
63473664
22239232
32288768
37887744
38623232
37277696
24487424
23223296
73434624
28772864
23372288
28277248
24662272
27732992
37223424
22388224
38297344
23397632
47433984
42222336
24743936
22239232
63223296
96472832
22623232
44639232
42824448
32628224
34324224
23446272
24663296
28722432
22687232
26226432
62469632
23224832
37422336
47768832
22234624
23442432
22764288
26292224
62426624
83322624
67828224
22778368
48622336
29242624
27282432
32442368
64224768
26326272
36372224
22234624
82232832
62422272
32988672
27442432
67423232
62236672
23337472
42226432
22623232
44248832
36628992
22324224
24372992
88374272
92722944
33447424
22646272
33942272
24424448
72444928
26942464
62292224
93422336
26874624
48223232
76222464
47463936
24438272
33748224
26249728
68447232
74923264
42623744
92383232
27666432
43327232
23886848
78663936
27962624
28434432
92447232
43896832
22642944
49332992
26422272
42834432
64223232
62267392
24649728
23877632
86294784
46623232
92692224
73678336
93238272
33823232
48263424
62324224
39294464
32366336
93238784
22222336
44788224
22462976
29772288
34326272
22744832
73262336
39438336
27382272
22834432
76446464
23226624
77733376
42838272
22687232
22962432
47274496
27892992
98322432
23733248
73392384
26224896
63698944
37778432
66236928
23423488
32244224
37266432
28632832
34289664
27326976
39423232
23273472
26937344
33332224
92922624
44978432
23762432
24894976
72263424
39732224
46482432
86443264
22623232
23634432
32633344
26322432
32662272
22734336
26247424
34676224
22322688
49243392
23738368
37224448
43427328
32489472
69232384
22967296
33223424
43762688
22228224
63668224
29723392
64274944
64372224
67247872
76244992
26696448
43926272
23742464
22932224
62232832
23433472
78747392
72724224
66622464
74367232
24222464
36223232
32722432
24223232
92342272
77938944
22738432
36374272
32223232
37343232
32664832
46832384
37366272
32244736
24233472
36927232
23263232
72327424
37863424
88694272
26738688
64283392
33489664
42262272
92244224
72423936
27262464
24223232
24922624
47263744
24242432
73262336
28223232
64973824
32242432
79222272
24377344
79762944
43368448
22382336
32863744
22747392
34994432
26263296
34437632
48372224
27828224
36263424
36443392
23422464
62768384
47764224
79742464
62463232
82293248
37946624
66372864
24447232
24468992
33243392
43834368
42292224
74277632
84327936
24233728
23226368
44244224
84282624
23268864
22324224
26776832
37232384
73633792
28773632
24323328
26284288
44342272
93792992
22674432
22646272
97323264
94672384
23374336
27327232
27922432
33242624
34332928
43487232
92244224
87348736
33232384
48223232
27382272
37428224
32223744
82742272
48332288
32473344
29364736
83444224
37362432
36724224
48924672
72439296
29362432
82437632
24423424
99423232
36233472
86772224
82733824
43237376
83822336
22623232
37933824
47282432
26322944
23422464
36772224
94943232
23369472
73343744
34243328
28242432
27294464
23774976
33227264
23434496
24242432
22367232
94727424
28223232
69224448
82386944
62322432
62226432
27349248
72864768
77324288
32276224
33462272
36833792
93776384
28327936
42239232
34426368
98268672
77486336
27634432
29439232
44372224
23749376
32383232
23922432
86262272
29223424
32822272
43644672
77337664
63263232
67467264
23327232
22328832
82292224
72743424
42964224
42277632
64472832
29432832
26873344
93783296
32722944
42422272
42326272
62324224
22428672
36363264
44423424
32332288
72923392
87342848
22442496
34233344
24632832
27922432
23922432
72873472
28286464
26847744
24442624
32287232
23327232
33746944
64622336
23732224
74676224
24372224
27222272
43932672
44372224
92762624
42422272
29944832
32372224
72242432
42343936
33293824
94228224
43282432
69343232
38223872
24427264
24244224
22264832
24233472
78436864
24363264
42232832
22396928
26486272
34889472
33268224
28636672
42446336
22864384
73934336
46222336
72628224
24222464
82322432
33298432
24244224
74623232
44728832
29262336
77338624
32273664
73272832
76244224
23382272
33479424
42247424
23924224
23222272
32726272
32263424
43227392
72863232
39932672
27723264
67422464
23322624
93394432
23349248
46422272
99388672
22642944
23222272
24367872
24223232
26923264
28372224
32244224
22623232
36224768
77236224
22836224
62424832
62788864
63222272
32822272
23476224
88922624
23337472
36624384
22382848
32227328
68788224
26422272
47384832
64376832
82292224
26228224
32793344
44622336
73324288
63263232
49339392
87327744
24822272
22324224
74427392
63227392
27232768
43833344
32496384
72274432
64223232
36227328
27236864
82322432
43282944
84942336
43232768
62334976
22292992
92436224
34666496
62222336
77329696
33227264
39732224
76923392
74328832
68293632
93963392
33266432
32439296
24233472
23847424
98344448
42623232
42239488
34228224
22292224
94676992
48724224
82233344
44323328
92479744
43322624
89249792
22823424
43323648
22266368
88223232
32722432
23422464
26343424
63738624
89227264
78644736
42226944
82422784
28443392
72327424
84244224
43343872
22736384
62223872
23476224
62923264
68223232
47926272
37428224
26233344
82437632
34232832
72242432
22234624
92244224
92747264
62942464
73342464
33273344
73239232
38923264
43286272
34222336
63284224
42234624
92662272
23427328
66237696
84387328
79824896
49247232
22679296
64223232
46729472
74623232
24743424
82422272
93822464
24982272
32942336
23442432
47228928
24227328
43922944
22267392
23322624
37323776
23226368
72647424
33746432
63382272
23223296
27222272
92444672
22324224
42932224
33268992
44222464
44242432
83367424
84274432
66644224
94289664
37722624
22943232
24633344
72468736
64282624
83498496
24997376
87826432
27772672
37242624
37432832
62367232
24727296
23324672
43623936
37686272
23429632
47924224
37276672
24374272
43337984
47764736
84274432
66222336
63284224
24229376
29262848
26324224
28978432
22943232
24443392
32227328
26778624
24224768
22322432
88244224
78262272
22729984
24246272
73273344
74676736
27346432
72663296
42344448
92223232
33349632
22989824
33292288
23824896
22422272
93289984
72242944
24242432
27487744
22642432
32487424
23796224
96223232
23242496
34422272
43862272
86842624
36444672
93234688
83346432
69228288
46233344
72923392
63843328
23926272
23297792
99423232
37622272
69247232
97392384
23224832
23893248
83422976
67333888
92366336
43382272
22234624
23442432
47843328
92788224
83482624
76784384
32346624
42932224
22364928
42324224
42623232
23473664
22367232
26288384
72223232
23422464
73394432
69369344
44246272
38736384
67824896
23323392
23723264
83239424
69343232
68242432
32327424
96373248
22332928
22373376
43762432
37266432
23282432
23627264
42836224
22623232
82629632
43423232
43962368
47933696
32622336
67342336
72327424
34396672
37236224
67623936
23423232
37684224
22843392
32647424
82742272
39282944
34834432
33242624
92282624
88438784
28374272
69947648
46292224
24722432
66239232
62742784
38629376
43222272
72244224
74392832
39442432
47383296
86774272
24223744
27322624
47839232
74322432
96338432
88246272
37236224
22823936
42238464
26736384
32372736
46733824
83743232
72329472
73343232
72664832
42723328
37882368
87322624
46243328
38362624
39449344
22623232
62422272
24443392
42634496
32327936
64223232
64922624
97333248
72423936
64379392
88447232
74226432
64693248
76743936
34292224
62383872
46676224
43474432
92276224
72626432
43323392
32244224
22238976
27442432
24722432
29462272
83743232
63433984
64223232
32636672
72432384
62987776
86294272
26384384
29247232
73224448
42932224
79327232
73477632
39222272
42623232
87224832
33232896
24223232
63476224
42446336
68223232
46426624
46222336
37232384
62428672
77224448
22329344
33983232
23422464
69238272
62326272
24686336
24246272
37477632
88436224
22324736
47348224
98332672
86262272
27273728
22262784
22343936
98296832
22222336
34292224
27344896
98638336
23742464
33233664
82482688
93237248
32476672
84628992
34222848
66823424
82642432
64636672
77492224
32246272
22322432
74232832
68223232
37326336
26332672
24342272
47922688
67666432
22244864
83383296
29426432
24434432
49234432
32227328
24447488
22842624
27839232
44474368
62936832
68222464
24732672
27467264
42234624
24498432
97434624
92762624
42364672
32667648
74339328
28328448
22827264
82233344
82473472
32438272
27662848
39724288
33722368
92223232
32372224
32724224
38373632
36634624
23336448
22783232
94934272
23427328
93742336
33298944
44374272
62727424
64223232
74322944
24329472
24439296
42326272
38644224
29622272
22243328
22324224
42322432
94469632
44278272
86422272
28244224
26226432
22746624
22732288
48342272
42623232
24292864
32649984
72229376
42332672
39222272
83422464
49234944
32223232
27642368
44634368
83222272
44393984
46382848
42363392
49737472
82326784
36828672
96662272
83742464
23322624
23764224
44272896
22224384
82292992
98674432
62463232
72233472
82322432
72942336
72724224
62236672
44434432
77662464
88389632
23422976
24247296
29343744
37837824
22462464
42228224
33247232
82238976
62933248
64884224
23823872
24346368
36237824
67324928
63363328
34742272
22384384
22232832
44242432
74642944
93748224
33237248
48692224
24772864
62324224
43223296
48842496
82426368
33269248
22823424
78663424
42922496
26422272
37343232
37433344
94644224
43284224
77364224
93449728
92332672
34332672
44447232
24333824
27624448
63623424
43326464
42247424
26239232
64724224
68432384
22866432
27322624
72926336
24492288
24863232
22228224
33938432
22337792
23826944
46962432
67732224
23967232
36333824
23324672
74232832
38649344
46433792
22262272
62337792
92444928
72692224
82847744
82292224
64392448
22326272
22739392
29323264
23472384
48227328
46222336
62734336
76323328
72649472
74226432
76233984
37746688
26228224
23849472
42294272
63329792
46824448
98229248
88397824
62262272
77923328
23284736
42424832
32242432
24822272
37236224
23924992
66642432
22773248
92292864
32722432
84982272
38332928
94623232
22674432
99742336
22222336
32229376
23284224
72728832
79476224
76246272
63326464
42238464
43924224
27282944
42332672
22322432
94222848
24647424
33323392
23877376
43382272
38934784
66339328
29223424
74642432
38322432
62239232
46983424
33647936
97234944
39463424
23282432
22363392
32846336
43423232
79632384
32223232
22742272
82697728
33733632
47743232
32398336
42228224
26233344
94824448
74222336
36223232
22263296
64223232
96244224
72223744
42343424
33447424
28686336
22738432
37424896
22324736
49234432
32267264
24688384
26426368
32629248
44263936
72243392
42463232
23666432
86734336
74239232
22228224
23644928
24223232
42326272
34262272
73339648
93943296
33976832
43323648
33323264
32244992
42742784
22922496
62266624
33422336
47727872
64632832
33439232
46463744
22966272
83383296
26293248
62343936
73434624
26727424
32274432
69646336
72223232
44424448
82468864
32793344
86322432
44274432
24732928
33223424
36327424
47476992
38879232
39228928
22384384
23433728
72978944
22277632
29748224
42292224
62234624
77243392
37773824
84293888
63226368
32329472
28242944
82226432
67222272
23834624
66463232
89332224
34482432
69343232
42222336
23449344
22934272
24498432
49338624
47333632
38233344
79892224
64223232
22332672
44944384
28423424
37343232
99764224
22427392
38494976
22223872
23222272
79244288
33239296
64662272
84943872
79486464
43743232
22262272
82322432
47922432
38293248
72489472
76984832
22296832
84383232
33447424
27739392
37789696
47943424
22427392
23226368
62744832
32799232
63444224
46774272
42693632
34236928
73823232
27322624
92342272
23273984
63664384
34733824
46332672
92767232
24223232
92639232
23346944
22324224
32667392
34492928
86224384
96623872
43876864
48372224
22226432
36722432
63422464
67333632
28297472
86222848
22262272
27333632
34463232
23376896
64722432
93336832
22847232
62324224
63327232
23643392
32933376
29439232
23732224
93234432
92299264
73822464
33673728
34263296
23839232
47742976
44937728
24242432
74279424
22833664
24327424
69823232
43832832
89833728
47237632
34622976
28278272
22838272
32233472
64222464
74943744
28746496
73332224
43348992
38823936
26324224
34936832
42222848
97722624
74443776
24223232
33332224
66234624
64223232
43382272
33874432
32383232
26728448
24762624
86292224
28826624
24348672
63732224
33748992
32246272
47479296
44287488
34292224
33222272
43924736
43828224
37426432
84363776
64223232
27924224
72783872
32343232
33426432
72272384
34632448
94388224
44293632
42623232
84743424
39282432
99427328
28432384
76732928
28463872
42432768
76862976
66234368
26232832
42623232
23222272
94324224
22227968
77433344
28276224
22938624
28468224
38263296
37292288
27242496
42233344
98326272
24822272
34262272
48237824
99273728
93278464
22329344
64437248
44242944
84429824
34638336
43499264
42232832
24394496
46322432
26827264
46636288
97672448
24927744
84462848
82632448
42363648
36323328
43322624
42642432
97362432
33823232
43273728
34243328
27282432

