232
632
232
232
848
272
272
232
232
992
464
648
992
768
368
232
432
624
224
824
392
224
688
272
232
368
336
744
232
488
432
832
328
232
224
232
232
264
432
272
632
464
264
664
944
368
744
424
928
976
624
232
392
624
632
336
224
432
368
424
232
224
376
224
336
232
232
736
992
248
392
272
432
624
688
696
976
224
224
288
264
272
272
224
296
392
424
232
432
944
232
344
984
968
736
976
624
496
768
224
448
768
432
272
272
784
368
928
624
328
232
232
232
336
472
224
344
472
928
424
232
424
432
432
992
288
944
832
232
432
432
448
336
344
432
232
336
824
288
296
448
392
232
984
976
864
288
224
328
432
728

