223279232
243237632
293263232
429343232
443982848
622326272
634422272
662623232
722239232
722964992
732222464
792347648
862932992
873632768
948282368
224223232
226642432
232282624
273236224
298637824
342323392
362228224
386226688
632342272
634623232
679226368
742222336
873439744
926223232
983423488
263442432
322424832
324323328
342239232
343732224
373343232
736223232
223243264
233362432
263222272
289349632
828734464
273867264
496433664
734482944
924922368
276383744
349927424
442492928
772222976
872474624
272223232
728363392
743386624
222437632
223246336
236372224
236434432
279482368
362343424
382623232
472244224
472389376
223924224
249678336
333239232
432383232
478292736
622972992
639349248
647467392
823222272
884946432
222362624
334834688
337229696
366622976
822324224
233236224
337932288
466827264
693942272
224822272
232244224
472247296
682427392
229223424
232223232
234642432
249682944
263327232
299449344
366633984
372723968
439348736
674494976
774746624
826282496
872288768
222644224
429672448
646432768
233234432
423222272
224246272
947382784
384442368
283644928
423322624
667779328
222239232
292223232
394847232
287822336
623377472
889332224
333497344
242729472
236924928
277223424
364223232
766439424
868626432
322226432
426372992
383884288
473426944
494328832
632223232
497426432
932882432
223272448
448462336
274329344
324242432
934399232
222222336
326733824
262924288
976823296
228392448
238843392
424223232
434729984
622846976
643748864
244236288
349492224
633347328
436626432
474697728

