2373428224
6278623232
8622772224
4748624896
3384272896
9722343424
3384972288
3722932224
9638226944
2833833984
9742236672
2722292736
7226364928
4422227968
4342334464
7336372224
3642382336
8222222336
7623337984
2426949632
2326239232
3846648832
8624223232
2262239232
7222623232
9223836672
3282332672
2343862272
7223322624
2423793664
6229266432
3764897792
2224743424
2422924288
7229243392
7432894464
3322463232
2499397632
7682322432
6389686272
4226663424
3276427264
9849242624
3223732224
2398222336
4243277824
9862477824
8434279424
2382328832
2922896384
4883638272
6449844224
3923423232
3233339392
8429223936
2333236224
2277394432
2472223744
4343834624
8324242432
6234422272
3367348224
2227764224
7683433472
3663669248
2733492224
9332242432
9283232768
3232274432
2222623744
8463374336
6626322432
8247263232
4322783232
7832462336
2972342272
8322639872
3227662336
6424927232
4482873344
7833242624
3366324224
2293786624
4432692224
2229372928
2372432896
3233362944
6278239232
4693434368
7423287296
8928223232
3434979328
8632766464
9273234432
2824824832
4892342272
4329742336
4732229632
8263862272
7429223424
2766247936
2422334464
3322422272
2232476672
4333324288
2294433792
2262926336
7433874432
8233244672
3722727424
9246222336
4392722432
3322447872
2349328384
2793247744
3733863424
2332263424
2223673344
2292283392
3632223232
4728743936
4238647296
3624863744
8333623296
9494843392
8339423232
2867472384
2343732224
2928692224
8363322368
7342324736
6242337792
3273273344
2262247424
7698663424
4263732224
3363432448
2342243328
4622262272
2322322432
9232632832
3622223872
2733283328
3327693824
7838262272
9286836224
4322322432
3993662464
8283772928
7322678272
4222262272
3942247424
6442422272
2736227328
4823477248
3328423936
8774324224
3273874432
4266396672
8246222848
3626473472
2643482624
3433232384
2372862976
8327493632
2464229376
6224632832
3222226944
4427794432
3924283392
3386933248
2233268224
6496922624
2746386432
2342326272
3232632832
4324242432
2242228224
2273272832
2742796288
7723626496
8223433728
6444342272
3278388224
2238222336
2833332224
8448223232
7223732224
3729332224
2247227392
9292432384
2342623232
2477326336
4662239232
4343324672
4973287424
4337333248
2847463424
8662283264
2434366464
2422396928
3437622272
2327826432
2323233792
3443444736
3672372224
7322727424
2884293632
4383327232
3227932672
9278646272
4324329472
8386424832
6639327232
4384822272
9223324672
2474729472
3292473344
2672329728
4323423232
6427282432
6222492672
2633449472
2942439424
2822249472
7429822464
2272223232
4848223232
6433298432
2389327872
7726222336
4483344384
2228293632
6238772224
2263222272
7722236928
8327222272
2926393344
2263867392
4363343872
4832782336
2242639872
2622772224
3323446272
3442234368
9622286336
2682744832
2743227392
4497332224
2246326272
3222243328
2224722944
6633336832
2263263232
7736434688
2298267648
2482399232
3872822272
2742623232
2292447232
2344462336
4423849984
4342633472
8273332224
7239373824
8246324224
7422236672
4642228224
9326332928
2276726784
7246772224
4363239424
7233434624
7472283648
8242792448
3892222976
7422234624
9329364992
2232466432
3393298432
2844639232
3338232832
2237622272
8383839232
6272223232
3233332224
4843623424
2242783232
2436327424
3332364288
3446367232
2723828736
7992274944
8449292288
2222262272
9239826432
4672693248
4424223744
6822334464
9762424832
6332237824
2224223232
9232362496
3242292224
6327324672
2334823424
6282422272
4363624448
9224246272
6367327232
2243872768
3422222336
6288442368
2243743744
9627444224
8637326336
9722386432
3463222272
7686623232
3262482432
2823672832
9242422272
9394233344
7974633472
4692278272
7672334336
8272274432
9422224384
7222223872
2393247744
2269236224
3272628224
2649933824
8422223872
2444683264
2222224384
3376763392
4223429632
2743348224
2329232384
3273439232
4332468224
2444664832
3337782272
7723833344
6326367232
8437942272
3328692224
8838623232
6673272832
6436276224
2282727424
2623348736
9237942272
4734943232
4822926336
3634332672
2332239872
6483228672
2338962432
7947282432
6734836736
9228982272
2442642432
7223327744
3782329344
4264223744
3264948224
2263323648
6323994624
2822324224
4367422464
2428639232
4222772224
2433272832
4282744832
3472267264
2829622272
2222236672
8832282624
2326268928
6429842432
2269878272
2242322432
3447322624
2384438272
6672437248
7432722432
3264479232
2826343424
3362463744
2849332224
2222879744
3427444736
3886772224
2222874624
2326249472
2333243392
4422623232
8672223232
2624468992
2474737664
8269279232
2272223232
2632372224
2363282432
3642272768
3232693248
2682379264
3439222784
6247272448
3873298432
3432722432
3324383232
7324222464
4292293632
3347482624
2862262272
3262732288
6233782272
2432837632
7734239232
4422324224
4234463232
4733842432
6747833344
2232346624
7433234432
9232233472
2734239744
3238324224
8762492928
4436447232
2422627328
3264997376
2226343936
2622372864
7443679232
2323423232
8376244224
7324643328
3763382272
2229736448
7462283264
3224372224
3487284224
6232338432
3293238272
3342222336
6627324928
3272287232
8244626432
7266228224
6223284224
2363794432
8432692224
2222277632
3894428672
7236923392
7283433472
4622772224
6822349824
9372233728
3324623872
7622629376
6424397824
3327762432
7272939392
2482642944
2469223424
3268293632
2364346368
7344372736
2372943872
4249298944
3234783232
3222623232
3239222272
6326843392
4322228224
3392233472
3627472896
7838772224
2444946432
3368722432
4343227392
8444792832
3444363264
2222226432
6329242624
2276622336
8723226624
4239378432
2882322432
2392334336
2272338944
3826322432
4362934272
3238264832
6937227264
2943442944
2668223488
3423463424
2439323648
3784628224
9494324224
6238823424
4886648832
7362422784
9222674432
2337332224
9332242432
2743222272
7632666624
2686222336
6699384832
2337362944
4296722432
4724327424
2693343232
3484767232
2773663744
9227662336
3324983296
7223323648
2773449728
9492276224
2473882624
7249332224
4464436224
4742772736
2927634432
2296424448
3823796224
6232334336
3334836224
2472722432
2428624896
2432292864
2839267328
9866422272
6334322688
4662924288
2332724224
8222393344
3422226432
2276242432
2942262272
9323743232
8244634624
3929362432
4223289344
2262623232
2343822336
3669343232
8848223232
2782234624
6232249344
2238687232
2474232832
2622226432
3827226624
4737342464
8436222976
4226322432
4263273472
3383222272
2924826624
2297423872
2643232768
4823222272
2298294272
2982283264
7424223232
3226872832
2769682432
2992997376
7624884224
2866932736
2342247424
9933722624
3323764736
2222492672
6842463232
3443427328
2262286336
4733426688
8444434432
9266724864
2328462336
2272837632
2243432448
4424244224
7449247744
6272223232
4474934272
3662234624
2428383232
4723637248
2474422272
7622324224
4224694272
2442723328
6823222272
8283828224
3273336832
2234693632
2384234496
3473272832
2334388224
4628323328
3333236736
4343732224
4377227264
7233232896
3422932992
6332264448
9387444224
2479327232
2273349632
3624927232
7233333632
2679738368
8344336384
6282638336
4332862464
3229923328
4727924736
2432863232
2362324992
7934823424
7447222272
3239327232
4277274624
6464223232
3383263232
8223348736
3388229632
6222362624
3732622336
2229627392
2224927744
8224483328
4343222272
2333622272
2222262272
8267282432
6227423232
8446222336
2494224384
4963642368
2237622272
7273439232
2233823232
4939487232
4226399232
6243423232
6694367232
4482296832
3722292224
3482427392
3223222272
9426233344
7937972224
6873244672
3394633728
3432246272
7844328448
9349264384
4222364672
7344743424
3772233728
2333663232
4283367424
2723723264
3796323328
6332329984
2876347392
6638687232
3366264832
2364372992
3722232832
4922422272
3272424448
7649247232
3474936832
6638362624
3822823424
8772662272
9229494272
4848333824
3282827264
8334372864
9623783424
3422932992
4437274624
9233332224
6322878464
3638964224
2237364224
9342439424
4229433344
3443728384
7293389824
4742367232
4424224768
7932434432
2239333376
2223263744
2924222464
2497292288
6872423424
4274229248
3728488448
8434343936
7966226432
9267226624
9226268672
2627339264
6447439872
4266437632
8332392448
8342223872
2424374272
2776628224
2464223232
2344274944
2663732224
7277364224
2338228224
6334777344
2829492224
9223222272
2262324224
3266834432
2234744832
6976632832
6483738624
2272722944
4343928832
3283423232
4947636224
2332639232
7766837248
6973663232
8423483392
4627277824
2463333376
6333842432
2263732224
2226233344
4224282624
2347794432
3372263424
2246283264
2226763776
3229627392
3223327232
6343862272
6723346432
3923339264
4247733248
4242332672
6833434624
8226383872
2399224832
3233462272
7222924288
2224822272
6643638272
3839333376
4443444224
6824296448
4732284928
3927737344
9347423232
4482463744
2928248832
2873933824
9242382336
2323892224
4232249344
7333343232
2239246336
2876383232
8433938432
2488274944
3333343232
3279423488
2328223744
2468492288
2232246272
2372622336
2743862272
2662682624
2364223488
4642322432
4637343744
6272667648
4464922624
3238623232
9322422272
3972626432
8927927296
3848334336
3332747264
8333886464
4368232448
3393887232
9373323264
7424223232
7294772224
9432978432
2234677248
2434422784
2228882432
7324276736
7223292928
9432244224
9376223232
3837466624
7247222784
8239294464
8424722432
2892242944
2263322624
3622247424
4276923392
8624223232
4482233344
3673332224
2332222464
4346292224
2639244288
2232927232
4224223232
2423222272
4332342272
7744782336
2773223424
6333323264
7334324224
7224397824
7296487424
2462697472
2923384832
7488223232
6963973632
3627932672
4828432384
4424372224
2342324224
9484263424
7234373632
2362492928
4929844224
6629266432
7232223232
2826932224
2643892224
2683792384
8272922624
9432334336
3322332672
7264666624
2629343232
2328372224
2926262272
3249422336
4662223872
3224223744
7472766976
7447373824
9222623232
4374326272
2466832384
6443743232
2262633472
7434427392
2394364928
2242934784
3828728832
9333236736
2977362944
4887323648
3786273792
4742392832
6344272896
4338373632
9233334272
2286262272
7482472448
8343483392
7248227328
6484277248
2467382272
3993447424
2373343232
7226324992
8886239232
3422262272
3272223744
6472244224
8482322432
7223477248
2722996224
2338322432
7262262272
3732222976
3836383232
4293863424
2333323264
2462224384
2722623488
2246324224
3322232832
4382226432
7428344832
7934772224
4924263424
3424274432
2937439232
6688438272
3222623232
9242366976
6623668224
4336487424
8223926272
2739433472
7668323328
4623429632
6494222336
4434622464
2942326784
2722322432
6333323264
2423263232
4434842624
4732237824
6426292224
4332222464
4228363264
7266228224
3324473344
3334623232
2639224832
3323623424
9224843264
2323423232
2646239232
2892724224
2722233344
8723726336
2974226432
2348273664
2826463232
2223642624
3283636224
4262378496
8326648832
6228342784
2292882432
7823228928
7942247424
8242622464
2273247232
6633933824
7463323648
3342332928
2926389248
2223843328
4622772224
4232474624
9323828224
3978463232
2223224832
2749724672
2223924224
6227277824
4398823424
3493244928
2638347264
8223246336
2862326784
4992822272
4262223872
2433462272
3642472448
4239284224
3722934272
2423273472
6273332736
2634394624
4266422272
3342493696
3439374336
4623949824
8243636224
4232978432
2282422272
6648374272
9243932672
8972434432
2336223232
7228442624
7632223232
3432244224
3246644224
3794322432
8499423232
2234232832
7836383232
4328249344
4787273728
6393396224
2362232832
2263322624
3823327232
3433242624
4222324736
3267636224
3432244224
9484284928
6242277376
6272692224
6222266368
7222462464
2332639232
6432223232
3649332224
8746292224
3224338432
6692327424
2487322624
4724946944
3238326272
3239483392
9926623232
2876342272
9433232384
9386423296
2272223232
4839647232
4322239488
3264274432
9332293632
6228447232
9222367232
6233633792
9834343424
8736223232
3242364928
2442993664
4238234624
3484233728
6336223232
3222243328
2334439424
2628622336
7342482432
3433739264
7334367232
2882622464
7223822336
7242463232
2324728832
6644636672
4243879936
6328338432
9422277632
3244346368
6633484288
8224227328
2228344832
2883262464
2242332672
7346296832
9639322624
9226463232
2223327232
2263824384
2237494272
2672234496
7339828224
4424287232
3424233472
2323423232
2628327424
3724724224
3742226432
2388923392
2424246272
3296223232
4323382272
3422644224
9472223232
3974373376
7484383232
2242292736
4736438272
4342262784
6842437632
8299444224
4287337472
7297247232
2473273344
8426832896
6874399744
7276664832
2842933248
2322233344
2637367296
7827433472
4223926272
8436624384
4324327424
7229432832
4432923648
4326324224
2822838272
9244387328
8324622336
3362279424
7832274944
3628946432
2268342272
2464248832
3246823424
4363323392
2627382272
9487246336
2394723328
7937383424
2434363392
2344249344
2226322432
3477993472
2383628288
2624284672
3243333632
3334623232
2372434944
3222837248
6723448832
6239967232
2336372736
3228432384
3223263232
6624333824
8222734336
4862328832
7328274432
3223783424
3293246464
7724623872
6448822272
3667423232
7462376448
3642949632
7336346624
8439322624
6293479424
3673228288
7422262272
4264444928
4289337344
2739474432
2974224384
6368672768
7336373248
3474322432
2334738432
2432223232
6243342336
2763282432
6332724224
2347327488
2273332224
2394266624
3222247424
6332444672
9424442368
6334823424
2232938496
3622733824
3262277632
4374436864
8243367936
4224837632
4262223872
4342684672
4998239232
2434332672
3242266624
2376423424
4443676672
3263248384
6337938432
2223926272
8829263872
2229727232
3996242944
3232822272
3237332992
4823222272
2426422272
3329332224
6244323328
9723922432
4832487424
2466443264
4733364224
4472383488
2684342272
2662247424
3842623488
2782864384
3837262848
2224233472
6938294272
3422222336
2328246272
6667333632
3249383424
7943324672
2974823424
3292726272
7398247424
4233243648
3477264384
3379472384
2862943232
2262286336
3282629632
3322932224
2494943232
7274422272
4264374272
7342237696
2246926336
2774239232
2329362432
2838283264
2922742784
3384246272
2634396672
3832274944
2329488384
3833673728
3222687744
8223736832
3623399424
7434422272
2743478272
4222236672
2446226432
4463463424
7322382336
7344232448
2923829248
4274724864
6433722368
7232223232
3882422272
7232284672
3692643328
6722422784
2342377472
3346399232
2622932992
9363637248
3224783872
4226373632
2223289344
3663224832
7234228224
4327327744
3242272768
3262393344
2227226624
3343464448
2246623232
3396634624
2442932224
8666267648
3433627648
2224826368
2672229376
6228447232
2227986432
4227423232
7229622272
9376333824
3232863232
2438863872
2482399232
2624924672
3744436224
3432374272
2822327296
4927627264
2236274688
3832269824
6224923648
2237428736
7767222272
9272824832
6362638336
6422326272
2329823232
3829822464
2676276224
2467423232
6426872832
3246823424
6364767232
8393234432
3332323328
4242962432
7247466496
9337362432
4986232832
2244622336
2848223232
4634294272
7333387264
6669842432
2292368384
8384423936
2222388224
4266463232
3369742336
3762484224
3933944832
4673234944
8632474624
6227342336
9697332224
2322869248
2924683264
2678298624
2627383296
2336822272
4479224832
2449938432
3362663424
6862222336
2343324672
2744233984
8268233728
9272223744
6233232384
2372276224
8224232448
2479463424
4273723392
3784732672
8279222272
7329234944
8342324224
9244442624
3334928384
2323432448
2322322432
6478362624
3233332224
2727442432
9372468224
9293236224
2827623424
6237493248
2774627328
4723228672
4436724736
4263263232
3236626432
3228443648
4643866624
6224764928
2223736832
3344223232
4838623232
2272333824
4344373248
4362293248
9386422272
2272223232
2232462336
3246943232
4672333824
4349338624
4642484224
3328423936
3234373632
3337273344
6282299392
4688692224
2246226944
4693428224
2363794432
4322292736
4223499264
2372327424
4238646272
2228323328
2943378432
3292233728
4972222464
3446239232
3223493632
6422239232
9874322432
6922343424
3238243328
2676662272
2326222848
4282293248
2232894464
3222623232
7232223232
2932283392
2234343424
4933284864
4372236288
2282463232
3723278336
4234422272
4233443328
4346779648
3862243328
2422326272
9344223232
2634847232
7297236992
7262492672
6423733248
4327222272
6476239872
3286432768
2239337472
4646284288
2246926336
3298322432
3322737664
2894262272
3479222272
7422773248
6844383232
2492639232
8332242944
8339236864
6234636288
7423439872
2227423232
2424846336
6836329472
3264822272
9242322944
2634463232
2229233664
2284442624
6626233344
8263493632
2363467776
2742239232
4333338624
7242683392
6667838464
2392824832
9234868224
6674832384
9246362624
7239422976
3962343424
3722293248
4463732736
6228762624
4233232384
3364466688
4273733632
7442622464
6364664832
3726263296
9729334272
7442322432
2629276672
3894239232
2243233792
2277223424
8724276224
2222772224
2229332992
4362422272
2238262272
8224274432
6626322432
3243922432
6223327232
3863333888
2624272384
3749236736
2423227392
3237262336
2326736896
2283794432
4928223232
2228472832
6972273664
7326693376
9423634432
8288233472
3836242944
3739367424
3223263232
4283487232
3333223424
3223476224
3294623744
8323764224
4497334272
7287222272
2224487424
2229223424
2236342272
2276242432
6238774272
2344223744
3372237824
6793362432
9927222272
6423373824
2286262272
6999998464
3233444864
9833439232
8364343296
4382943232
2228222976
2439237632
3423422464
8336869376
9643292672
7223732224
7343224832
7633844224
2942222336
2233232384
4429944832
2826426368
6824372224
2232287232
3437722624
2463823872
3773263872
8676634624
2362763264
2244636672
3378486272
9263243264
4246248448
6938723328
8849332224
2828432384
4362273792
7622349824
2233874432
4694324224
3249247232
2242422784
2426932224
9422262272
9322232832
3736372224
4492222464
2432223232
2322489344
4832743424
3623962624
2772323328
2373866496
3234373632
9442234368
2442473472
6794932224
4426463232
7433372672
2926746624
2323226624
7426322432
7622436864
2364432384
9792223232
4273682432
2372276224
4747833344
2229684224
7342236672
9233247232
3722422272
2662239232
2333267968
4222826496
2372647936
2333722624
2232433664
2229429248
2339423232
4272463872
2933274624
2423373824
2792732672
2374324224
6932242432
2836242432
6223463424
3992372224
4332624896
2794343424
2434322432
4668643328
6944274432
2244242432
2324363264
8743733248
3922322432
3226292224
4922636288
6433639424
2264244224
2328393728
2229772288
3633383424
8293983232
4736436224
3347683328
3773626368
4824287232
3329383424
2323636224
2263222272
2462222336
2372677632
2733637632
7972323328
2922422272
8423322624
3323368448
2283282432
3232267264
4243723264
2766439424
6624483328
2966674432
9824233472
3232743424
9234229248
2233234432
2326226944
9322422272
3282322432
2332342272
3474484224
2223464448
2443323392
9323743232
8342239232
9333622784
2429493248
2239224832
4422623232
8427323392
9632223232
6944223232
3272462336
3762233344
9744223232
3369244672
2242234368
6626962432
2272863232
3674232832
4422262784
2223722496
4624282624
8322322432
9229332736
8422243328
7392227328
3233642496
3723282432
6422324224
3232272384
4723769344
2822623232
2228364288
9328232448
2663993344
9932242944
7236728832
3343284224
6842232832
2782234624
3322232832
6724772864
6276882432
9226228736
2624267264
6222772224
3227743232
2376287232
3329426432
2332647424
2647442432
2927273984
9449362432
4244222976
4439222272
2496223232
6326327296
2272287744
2464436224
2993733632
4467427328
3762362368
9342226432
2248466432
3247224832
2737362944
3222243328
8322238464
3627242496
2223333376
8632628224
2439732224
4332233728
3632223232
2323423232
3672372224
2333663232
2686262272
2373433344
6234292224
3362742272
4349492224
2224463872
2239244288
4346642432
2422484992
2226446336
6342239232
3422226432
2433247232
3482339328
2332273664
2323277824
8322249728
8382222336
2272362496
7697678336
3283269632
3438262272
2637279232
6433972224
2938427392
2738233344
2327647232
2334234624
7633424384
6223246336
2724293632
3386386432
2733236224
3344283648
4222943232
2748229632
2333883392
3362322432
6222234624
4638224384
4274962432
8234422272
2924468224
2828263424
3473426432
7349233664
4929332224
6372293632
2422262784
7443423232
2733243392
2342627328
4622994432
2262623232
2432223232
3432423424
2372622336
3927267328
2737974272
7943227392
3484946432
2632884224
3323747328
6749493248
6437233664
4243683328
3432462336
7248822272
3442663424
6262373376
6623463424
3622324224
9392483328
2326938624
2972724224
2442937344
2424633344
2292242432
3239322624
8828383232
7734248448
6462324736
2437223424
4232393728
6343493632
4432628736
4422347776
7426362368
2237326336
2333343744
9722642432
2437343232
8246326272
3336722432
9233384448
2224863232
2822427648
6263463936
7624244224
7824223232
2223926272
9246943232
2224497664
3228493824
6632372224
3263463424
3623349248
4279273472
8322322432
3849273344
7828282368
8473724928
3422646272
3233422336
2272233472
3223263232
7362233344
2442463232
3632227328
7242463232
3326262272
2489242624
3243743232
4479327232
6763487232
8937362432
3332434944
3427263488
2322742272
7234783232
4383228928
6244622336
4276323328
3232442368
2422923264
2328246272
2263762944
3278226432
4222793728
9322834944
4234642432
2982436864
4323324928
3834382336
2844724224
2242643968
2233726976
4983222272
2242484224
3896927232
2726623232
2247822336
6244276224
3376292864
2262376448
2224329728
2626238464
2823442432
3943322624
6878482432
2374326272
2827343872
6337332224
7747423232
3742222336
6672692224
8289993728
7433242624
4377823232
2273642496
2222237696
3222247424
2233376768
2348222464
2326239232
8242673664
8732432384
4624223232
8234934272
3732922368
4327962624
3442399232
3232233472
9323242496
3234922496
3774222336
2263442432
2427239424
2222738432
4222222336
3243743232
3422222336
3372773376
2632824832
7433269248
4692344832
3244367872
3339282432
3923474432
4246634496
6223396864
2777867264
3243922432
6447224832
3322422272
2423478272
2362942464
4843363328
2622234624
6286324736
2633424896
3424333824
4222236672
3696436224
2724728832
2269663232
3326236672
6332432384
2223883264
7472436224
2842322944
8226936832
2224922624
6233933824
3229268992
4233362432
3942623232
4944223232
2769332224
2769462272
2672822272
2222266368
6238226432
2272223232
4226363392
2644278272
4269238272
4287422464
7393426432
4334222336
2223386624
7338343424
2762878976
2224227328
3872223232
4346232832
4382226432
2672223232
4976923392
3336372224
2223628288
6423222272
2338228224
3472376832
9274932224
4626742272
2327322624
4432443392
2263227392
3663327232
8322233344
9324392448
3329247232
7223373824
4933223424
6762933248
7923922944
3392223232
3323973632
9923346432
8642228224
2646324224
3322343424
3832722432
3883743232
2229628928
2969362432
2328722432
3324229632
4233439232
3223732224
4882332672
7883689984
4222687232
4444862464
3844447232
9328223232
2398226432
6322373632
7724342272
7333663744
2333237248
3642294272
2379932672
4222866432
3272423424
2294634496
9233723392
4234293248
2828242944
9342262272
2449332224
3324442624
3322292224
2338234368
3374328832
4386484224
7734633472
4262623232
4224786432
2343222272
6223422464
8672779264
6427444224
3632244736
3228242944
2232338432
4332229632
7334324224
2223284224
9222326272
7263762432
9223292928
7223227392
7947444224
4822378496
3262734336
2474676224
4623333376
2723637248
2322279424
9223399424
7349223424
9683263488
3783442432
2343733248
8439223296
2426232832
3929362432
2887263232
7238239232
8297268224
3262332928
3746322432
3234322432
4722832384
3364923392
7793234944
2248628224
4233976832
2429338624
2222388224
3634962432
2224223232
7972242432
6724747264
9822262272
2346422272
3223267328
9237496832
3872282624
7264632832
3237343232
7443982336
3222223872
3242832896
2246843392
7642232832
4363743232
2324242432
7266486272
6277428224
2873234432
2864743424
4444242944
3482723328
7824948224
6248246272
2396242944
6422324224
9438263296
2762932224
2323423232
2446633984
4636749824
8232332288
6223294464
6238874624
3884767232
6743378944
9742222336
2492469248
4234299392
2428724224
7332327424
8333499392
4994622464
2424933376
8624272384
2682343424
4277343232
4268347392
2267833344
2343762944
2878234624
4433333248
2882228224
2746232832
2293727232
3368244224
7342799872
3622842368
6422823936
2843293696
2743222272
2826744832
3662222336
2263672832
2422836224
3324724224
3222329344
4228937728
2333323264
6394437632
6229684224
6494332928
3673334784
2232436736
2679442432
2336374784
2234386432
2248423424
3264223232
8492639232
7222243328
4843487232
2874292224
9232223232
2934964224
2348946432
4232722432
2922422272
3223322624
4222439424
4422839296
2332299264
2222222336
3742234624
2227262464
8972342272
6424848384
3426233344
2443242496
2429237248
3933243392
3233247232
8492343296
7322683392
2342373376
2742843392
2442422272
3287248896
4838243328
9472223232
2726964224
7289827328
3762868224
2327274496
4278632448
3362332672
4774324224
4843633664
2442876928
3922673664
7344223232
2378463232
2744476672
2739423232
9234663424
2726426624
2223228928
2628634624
4964278272
8374392832
3944884224
3949243392
3343934464
2268229632
3429347328
2263732224
3636276736
2227723264
7934328832
2924869632
4432423936
2436882432
2324667392
4743267328
3674294272
7233682432
6288333824
2663732224
4234934272
2443292672
4372447232
3722292224
2826422272
4322834432
6822969344
2324383744
6932297728
9482932224
2364368896
3449293824
4326733824
2742247424
6229648384
7678222336
7334682624
3332662272
8363623424
7229622272
7642292224
2393372672
2222326784
2363239424
8427828224
9664234496
7232223232
4624692224
6282934272
9264437248
6424639488
2242793472
2432223232
2647222272
3723674624
2442232832
2222478336
6642373632
4224292864
2773323776
4962637824
3847322624
2264927232
7324427264
9944244224
4222844928
4627323392
2387679232
2642486272
3493863424
4842763264
8642332672
3927824384
3223322624
2343732224
4466742272
3332839424
3448287232
3632822272
2348944384
4922232832
8263964672
2734772224
9423376384
2493627392
4226663424
3982263296
6882322432
9362424832
3622733824
4733287424
3643323392
7336436736
2626322432
4832274432
2476997632
7627433984
4846262272
4423263232
2242228224
2442463232
2423222272
2842933248
2662377472
4497722368
9794228224
2398222336
6663222272
9427346432
3247967232
8823826432
3632333824
2464442368
4298642432
4727822336
9392924672
2443444224
2924493824
7246644224
6267282432
6422623232
9832346624
2423442432
2724494336
9227323392
3224382464
9882343424
2224233472
7228383232
3332788224
2272436224
3332323328
6446222336
7223348224
7463478272
7274829824
8437983232
2362423296
2332263424
7962232832
2432227328
4723832832
2244732928
3422876672
2292344832
9822363648
2274279424
8324472832
2726369792
2327222272
3432338432
4223926272
9433423872
3482727424
3823224832
3932434432
6323382272
8336922624
7284622336
2226332672
8632464384
3234322432
4623668224
6323636224
2662633472
3223438336
4264462336
3222623232
2663222272
4737869824
4223924224
2498322432
8424628224
2732443648
7332622336
2846224384
3767734272
3632632832
2368483328
2922423296
2233268224
3838283776
3222373376
4286364672
4233823232
2222328832
8722663424
6792423424
3426322432
3932473344
4238649344
8846222336
2226228224
2227836928
4474422272
2724329472
6324926464
3246823424
4334772224
2368223232
9443764224
2978322432
4363474944
7398623232
2973236224
2237876224
8226322432
3443723264
4878439424
7462836224
9229492224
2888927232
7327224832
6448922624
2839222272
2332724224
2733243392
3662262272
2742627328
2348826624
7472628736
9733332992
6426343424
9263224832
4472423424
3943243776
3462239232
2722373632
2339467264
8442423296
2283446272
3347636224
2494222336
9262262272
4723299328
7343222784
2344233984
8663272448
3382239232
7783348224
2242834432
2444468224
7242228736
2232249344
4344722432
2342286336
2223284224
7432244224
6329483264
4244242432
2982838272
6843444224
2234232832
7236626432
9239222272
4823263232
7226932224
2728927232
2926364672
2323236864
2384443392
4292626432
7362643968
4474322944
2786399232
3322642432
3333223424
8882228224
7343422464
2822623232
3823327232
4428489728
4242487296
6736822272
8672223232
8233234432
4229343232
2272822272
9223696384
4242972672
2682232832
4374239232
7334222848
6363838464
2432233472
4763322368
8487322624
2228432896
3624372224
2434233344
3477863424
9344248832
8433723392
3264287744
2326839296
7676342272
7434422272
2472649728
2762266624
3242294272
9434232832
4227643392
9284337664
2944282624
2242743296
4826232832
3643966464
7622367232
2369722368
3242467328
4328373248
3434292224
2224227328
6742239232
7382324224
2828639232
3322232832
2433974272
3224423424
3822393344
6382478336
3438262272
3222264832
8323323392
6842292224
2469224448
3729383424
3964622848
8433332224
3362322432
6367442944
4439263232
2263237632
2263222272
7232272384
3322394624
4842422272
3332236288
2466228224
4232884224
6332327936
3643624448
2324662272
6337824768
2272739328
4429432832
9232884736
3264223232
2242322432
9842443264
3282296832
8738233344
4273833984
6444767232
3447322624
9246224384
8222224384
6247327232
2647324672
6338363392
8332832768
4322332672
2234294272
2276793344
3864628224
6478823424
2767223296
3743337472
3672722432
3463223296
4673247232
6242832384
7222667264
3333833728
2783463424
3633332224
2324238336
9222462464
3773364224
8328462336
2342324224
4422376448
2836923392
6324626432
4222226432
2622222336
3473332224
3722292224
6232722432
3224393728
2327222272
2464632832
2482399232
6249372672
9422222336
2836662272
4222224384
2742239232
2272223232
2477369344
8786332672
3232223232
2233343232
6378292224
8232382464
7324372992
4323382272
3336894464
4332474368
6226229248
7627446272
2328297472
6222262272
4827333632
3263898624
7283423232
4242743296
3443423232
2763343872
8266292224
3347679232
6644344832
2327227392
2323943424
2824843264
3482228736
6726623232
3992638464
3922424832
6493238272
6346677248
7833232384
3822994432
4743438336
6833334272
2682934272
8823322624
4264287232
3449499648
4268623872
2242783232
6333436928
3622729728
7387423744
3236276224
4222324736
2363292672
8646367232
8962373632
4422426624
6922422272
2292238336
7672722432
3244726272
2224274432
2332443648
2223736832
3466642432
4742633472
2434228224
3334283264
4373924864
6224242688
9326646272
3443423232
2824347648
4222647296
2962383872
9437432832
8742623232
3383476224
2262646784
2224827392
6432229376
2827743232
2233832448
2426339328
4224223232
6328293376
2964634624
6328423424
3728244736
8822286336
3366324224
8493923328
2323636224
4322489344
7432274944
9322463232
9232267264
4337823744
4243382272
6922642432
6332923392
8749236224
8473362432
2293266432
2443792384
4339324928
2288436224
4426642432
2362932224
2322747392
4342324224
2773347328
2722922496
6224272384
4492229632
4247227392
8832223232
7224223744
4222482432
2234443776
4422227968
2626962432
7943222272
3226763264
3479732224
2277343232
8263272448
3392223232
2349663232
4339423232
3336477696
4247222272
2233234432
2362272768
6322629632
9783222272
7332447232
3337422336
6336442368
3822262272
4342222848
3393234432
2262267392
8926226432
2982324224
9623222272
4242783232
6344423424
2693244928
2224292864
2622439424
4936689664
7242323968
3367222272
7244942336
3823327232
2332623872
3624246272
8362744832
3626344448
3263333376
3923944448
3838772224
3233462272
8773727232
2242383872
2684372992
4234463232
3674322944
9622239232
8272786432
7222324224
9724727296
4224223232
9662439424
4473829376
9262736384
7826827264
2432948224
8872372224
2734624768
6732383232
8922396672
6443323392
2362829824
8943378432
2333663232
2822367232
4243346432
2983327744
8848442368
2462362624
3424223232
6434322432
7432927232
3827228672
3423244288
3333822464
3222633472
2822469632
3439327232
2833294336
4222226432
2223327232
7344438272
7324427264
2826422272
2223294464
2796664832
6288223232
2668383232
3637863424
3729229824
2293343232
2376633344
2938422272
2227432448
3732368384
3234322432
6482793472
3237664768
8646222848
2936633344
2232244224
2699662336
3322292224
2773428224
4288438272
2233362432
2242322432
3887327232
7342482432
8439237632
4228943872
4762437632
2622388224
8234343424
2347623424
3634463744
3338272768
3726644224
3449626624
3362228224
2446334976
4232722432
4467227648
3742362624
4327822336
6696372224
2238267392
9232233472
2242842624
3234629632
2223926272
9447647232
4692942848
2222262272
2228329472
2469343232
7242723328
4342249472
2323423232
2632244224
7223222272
3737278464
2672223232
4399422464
3362388992
3434723328
2297447424
2336233472
2322229248
9864244224
4232466432
4274642944
3728223232
4269323264
2224223232
9262222336
9882343424
6228923392
6333237248
3248443392
4269236224
7328782336
3224389632
2238222336
8669238272
7838644224
2922638336
6329329664
3693623296
8433844224
2433768448
2244747264
6838239232
2239246336
2284229632
2343478272
4423222272
3876329472
2938339328
9834422272
3472922624
6262224896
3723444224
9373279232
8634232832
6222222336
2349923328
2426324992
2623762432
3937332224
2823263232
3223733248
2332222464
3222264832
4362723328
6223327232
3234383872
6233227264
2824843264
4232338432
7233272832
2633244672
8372242432
3223928832
2223333376
2323433472
2227482624
9992372224
4224822272
6322362368
8822324224
3287222272
3763433472
2273342464
3322847232
2222236672
2272436224
3272732672
9323446272
8294324224
3439762432
2298292224
6992233472
8842232832
4692293632
7266332672
2327826432
9222326272
2233468928
9734283264
3273322496
9276393472
2972724224
3246823424
2344244224
2262247424
4266847232
2392732672
8374433792
4467423232
6328374272
3293963264
2864223232
2834484224
7724347392
3327883264
9833833472
7292342272
2327734272
4426343424
2476237824
6424287232
4322484224
2623289344
2423732224
9222222848
9826834432
4233396224
3663327232
2742367232
3472483328
2382363648
6222943232
4348223488
3242723328
3746373632
3322937344
6333923328
4347666432
2362783744
3484393472
7422633984
2327322624
2268243968
3246628864
4686236672
8672267264
8632332288
4488244224
2383284224
4284442624
2462222336
2234394624
8392722432
3393337344
7238633472
4446772224
2323423232
3224372224
7222674432
7966492672
6428726272
2664732672
2222322688
2292238336
8223464448
7622349824
3423263744
2773433344
4323228672
3246773248
6334347264
2272223232
3893343232
2738239488
4472233984
4232763392
3467282432
2326623232
9942324224
3232223232
2278462464
2846226432
3432873984
3222633472
3926243328
2994363392
2234322944
3989343232
2272487424
2272443392
2923322368
3324442624
7376233472
4343732224
8422462464
3364323328
3423442944
7326222336
9989234688
9346322432
2389434368
6722322432
3243239424
6277347328
3424223232
9229238272
2244622336
2336248832
2328722432
8236434432
3267233792
2732664832
3992244224
2644622336
4234322944
4623992832
2393362432
4282232832
4322424832
4382388224
2283382784
3243623424
8232244224
3823437824
2624398336
8738322432
9264739328
7232223232
7472863232
4929436672
3296632832
8228762624
2838247424
8482228224
4824423424
2233462784
9427273728
8627764224
3434872832
4384223232
4224436224
3442629632
9242422272
2346344448
3294226432
6937823232
2742836224
3226932224
3434322944
2323789824
8382734336
2227263488
2723227648
7826228224
3639822336
8237944832
7733223424
2743263232
7234322432
3232274432
3232782336
4239243264
2924392448
8373279232
3223634944
3363943424
2328372224
2224282624
2342642688
9472372224
2429323264
9248232448
9624466432
2942823424
2323423232
2973923328
6384223232
3447263232
4279222272
6336743936
7443342336
6222362624
2274484224
9393934336
6364233728
2327222272
2728372224
6674868224
8649242624
2268229632
9232223232
9323922432
2288863232
4422838272
8784274432
7437842432
2266764288
4343284736
2247834624
4472722432
3223222272
9323662336
4322279424
4636434432
3722232832
3422226432
3266228224
3932639232
2366239232
2823269376
9222772736
4292323328
2332229632
9643282432
3242678272
2346463232
2422462464
4223843328
6722322432
3422277632
3422823424
2234642432
3322298368
8226832384
2644242432
2243282944
2382362624
9332262272
9433362432
7223222272
6232389632
3963922432
3323282432
8222267392
2682642432
4323723264
3872827392
2224438272
3448722432
6624223232
2236434432
2333622272
3326222336
2437343232
3282233344
7433933824
2322322432
9293497344
3372493824
2722663424
2322633728
3424282624
3823284224
2723423232
4224333824
2273733632
6246433792
8323723264
4946724864
2434322432
2843732992
6233332736
3422687232
6832329728
4226834432
2226382848
8279732224
4223627264
2737332224
3286376448
2323423232
4382738432
3729229824
4344332288
2229833728
9222648832
2332264448
4482332672
2392334336
2438239232
4242233344
2389343232
3687222272
4243982336
3422262272
6224233472
2224223232
2423988224
2634638336
2826463232
3472227328
3662372864
3348662272
2734943232
7744227328
8433383424
2244432896
2323943424
3932442624
9732622336
8436242432
3222249472
3928334336
8342964224
7439634432
2224223232
2424338432
6924884992
2833342464
4722633728
6848233472
2732237824
3932342272
4263223296
2292276224
3362333696
4332393472
3633844224
3322636288
7434463232
4322443264
3334227968
2826339328
8324327424
6262286336
4937234432
4624223232
8726243328
7674642432
2683384832
6827333632
6332237824
2223929344
4282238976
2862262272
2943422464
2222773248
9464244224
2623243264
4224423936
4742239232
4823222272
4247834624
4323623936
4429494272
3629236224
4638222336
9337823232
6482622464
2287422464
4622773248
4438462464
6743222272
3723666432
4426299392
3463734272
2882742272
6423292928
8223634432
4236776448
4484622336
2422924288
7424223232
6436933632
2232223744
4267323392
6864223232
3462836224
3644237824
3234233344
3823762432
2342329344
2626322432
3334329344
2292242432
2427444224
2222262272
2837737472
7433468928
6487222272
2432743424
2934388736
3437432832
3832272896
7336466432
2984249344
6327482368
2247222272
4367998976
9842322432
7723623424
2376269824
6922463232
3337268224
2223327232
9242292224
3327422464
9636293632
4464376832
2378983424
3982262272
4333243392
2847924224
6282642432
2639926272
3433872384
4864223232
6324447232
2363922432
2222234624
3479263232
7644342272
4433483776
7424922624
7324442624
2266343424
3343224832
4224333824
2322742272
6922932224
3642983424
9223222272
2436282368
3228342272
6322228224
2372242432
8663222272
4393244672
3624476672
2242228224
6327263232
3483977728
3746228224
6493223936
2847327232
3696274432
2923327488
2442343424
9766426624
2776298496
2398226432
2932777984
3376223232
3367732224
9638298624
2928922624
2437842944
8238262272
2672666624
3283982336
2326329344
9742236672
3762827264
9472333824
6222328832
2442723328
7868643328
6234693632
2632228864
2242962432
2742623232
3894239232
2242742272
3327924224
2276323328
7422324736
6464223232
7238836224
6223843328
3238223872
2622777344
3783436288
3267232768
6236432384
3264223232
2264722432
7292724224
4893366272
2472274944
3339624448
4338424832
2822243328
3328274432
3243932672
2236342272
2279322624
9243424768
6484882432
3886866432
3637684224
2238347264
4343647232
2932327424
2463286272
3724233728
3327374336
9223493632
9768246272
2276293632
2223627264
2742396928
4232382464
3994232832
3222324224
3363767296
2224223232
3222667264
2434783232
7729342464
3864287232
3727294464
2433462272
8263442432
2287222784
9337423872
8226228224
2348432384
2794642432
3292432384
6372636672
3648223232
9266742272
6422838272
2237622272
3722467328
2774329344
8437264384
2923333632
2867892224
2222687232
2933343232
2233243648
3424372736
4289247232
6243764224
3229243392
4939922432
2944292864
2269262848
3747766272
3343244288
7289243648
2744377344
7792949248
8927864832
7623863296
2232287232
2974388224
8238687232
2629449728
7236323328
3688743936
3722463232
3473332224
3322463232
2334862336
3449273344
3262326784
2243387392
4222222336
4449339392
4227382272
2924726272
4736223232
8472423424
4263222272
3474399232
7349624832
3334324224
4329244672
4497272832
2232244224
3266383872
3433677824
2432223232
3748472832
3274949632
7222966272
2223429632
3844662272
6243472384
6227666944
4263263232
4242742272
4297447424
9934222336
2662463488
2467427328
9372342272
3384722432
7367223296
4424247296
2938232832
6337332224
2244276224
3246943232
2433974272
6437327872
6696722432
8322399232
9363423232
7462247424
2662326272
2882633728
6374324224
8327227392
6936244224
7449362432
4994228224
3426277376
3637833728
3232223232
2432437248
3696242688
9497242624
6332238848
8362422272
6723423232
4272863232
8423284736
8364862464
3422222336
3646646272
2828734464
3433332736
6343862272
7223732224
8432863232
2367333376
7269663744
2222364672
7442322432
7427448832
6922723328
3832334336
2324242432
2247263232
7239647232
4222943232
3943327744
3297337344
3872223232
4627423232
2222263296
6263826432
3227293696
2423329792
8962322432
2233243648
7372237824
4246428672
2772626432
3226642432
7322463232
3326328832
7344822272
2942644224
7222239232
2292432896
2944223232
2327742464
3334682624
2282382336
6332442624
2729443328
8472423424
7824822272
3792234496
3449269248
6242228224
3279722496
6273294336
9463263232
7227326464
3683423232
2343436288
9222836224
7686239232
2862782464
2292378624
2334324736
2234292224
2378386432
9822824448
8334923776
2474343424
3323292672
2333466624
2422239232
2474297344
2922932224
4833682432
2686772224
2232336384
8327222272
4627474432
3634422784
7232223232
7292383232
3474363392
3383272448
6437223424
3366627328
3326482432
8634423296
2277343232
8422928384
4246633472
3622324224
2292242432
8922292224
9272336384
7233268736
8922728448
9843423232
3367822336
8272223232
3723282432
2382222336
6262239232
9272338432
7334367232
4382492672
3364933632
3346629632
7722763264
3373923328
2289247232
2292728832
6432632832
7233334272
3426827264
3282228224
3429624832
4322322432
4234232832
8269663232
3739828224
3284286464
3392232448
2493727744
8666322944
2493238272
4368248832
4223736832
2322868224
4297242624
2429876224
7393268736
6233449472
9223327744
3936223232
4623839232
6448284672
7329334272
9393332224
4928863232
4322443264
7322932224
9322322944
8362723328
8234727424
4622482432
4242362368
2483892224
6992267264
4344423424
4872722432
2272669696
2733432832
6227277824
7342328832
6474783744
4293727232
2329372672
4294842368
6647263232
7232223232
2342268928
3822222336
3738728448
6224822272
2936372224
8642622464
4844726272
3227444224
2428223488
4339433472
3282629632
4427626496
8478439424
3327243264
4248246272
2836447232
3898294272
7447672832
2472423424
4262326272
3242932224
2637623296
4832223232
2922937344
4389737472
3396622336
7842322432
3293323264
3232223232
6262367232
6724323328
9384474624
8332873728
7629236224
8733343744
2742633472
3343224832
2232732672
2928692224
2376433664
4843343872
8232348672
3423444992
2839222272
6472246272
3922428928
3236498432
2228882432
4732724224
3633436672
4248374272
3762229248
7424229376
4242663424
8926236672
6224223232
3633227776
4942943232
2224973824
3373243392
6343422976
2323867648
4223924224
4327732224
2242292736
3233982464
8224227328
2322399232
3639348224
3624244224
3828323328
7844283392
4342428672
3884324864
7232948224
6244242432
4229643264
4482322432
9332242432
7223263232
4232424448
6632884224
2629223424
3287348224
6942738432
3242742784
4724242432
2284944384
3934947328
3346234368
2792722432
8772667392
4393322496
6922727424
2424722432
2492223488
6442763264
2427323392
3672274944
2329362432
3283432448
2242322432
4246674432
2274363392
2334222336
3266787328
4622442496
7224628224
2649227264
3228233728
4388327424
4232224768
2282422272
9292222464
2638943232
6423322624
3463222272
3227623424
3234844672
3862228992
3244222464
6683363328
6324447232
2632244224
4236222464
2222646272
4638943232
8422324224
4287246336
3234322432
2222262272
2334646272
2223423488
3328827392
6272438272
2837262336
3347623936
3928233984
4947423232
2679672832
4234266624
6239823872
7889332224
6334328832
9222367232
4443723776
4336822272
6264722432
8332924928
2232246272
8496223232
8449272832
7242932224
2323423232
9233733632
4324278272
3237428224
2342324224
2327237632
4932327424
4873439232
6882783232
2294329344
2844233728
7642232832
2222222336
2262623232
3333223424
3968223232
6624223232
4232244224
3776223232
4942823424
8222222336
2432822272
2222823424
8674622464
2338373632
4327223296
3824922624
2262239232
7443228672
4463327232
4733326336
2373943296
2633823232
4222738432
4399244288
2828836864
2392338432
4244327424
2272223232
2423322624
7322292224
8932626432
7872223232
4426364928
3832244224
2826343424
6626322432
2226233344
4429842432
4382623744
4222224384
6233626624
6626484224
4976223232
3482232832
4396626944
4926623744
2368329728
2283276288
3262393344
2264372224
3222623232
4622249984
2339226624
2427623424
2239222784
4239224832
2886367232
7243792384
2624223232
6622222336
9374439424
6243433472
2827743232
6324922368
2232334336
3473434624
4224438272
4624628736
7473334272
6624274432
9423327232
4264843264
2293343232
2274962432
2626868224
4682727424
2229223424
9443383296
2228364288
6742239232
4724922368
2423793664
2863429632
3923423232
4422284288
6944223232
2223926272
6342329344
3273827328
6333622272
3348626432
2237267968
4634322944
3444762624
2282763264
4344224768
3443924992
3824692224
7273334784
2266294272
6694324224
7293937664
2238738432
4279834624
7332323328
2673723392
3627333632
9896223744
9632922624
7346322432
3232666624
8222262272
3422734336
7633334272
7743243264
2382782464
9442373632
3636238336
7362322432
2246247424
8426232832
4688233472
2989622272
4363239424
6242322432
2233234432
9333622784
3629328384
2268724224
4348473344
2927327232
6737422336
8382734336
3742492672
4299423744
7984223232
7423422464
2843747328
3293283328
7222262784
6622234624
4632334336
2244242432
2227836928
4843444224
4227482624
2284767232
4246839296
2333364224
3292643328
6244293632
8228242432
3824479232
2472372224
2298384384
3239442432
2422836224
2632933376
7296223232
2244634624
4332263424
2342222848
6263322624
4222833664
3848334336
4742923264
6932922368
2328846336
3398239232
3338422272
7634322432
7722463232
2272782336
9933236224
3284293632
3232446464
3434723328
3279476736
4732229632
7223267328
2244427776
9246226432
2224863232
2274373632
2479642624
9224722432
2472249344
2667333632
7477343232
2492473344
3343429632
2444726272
2462244864
2349623296
4226642944
6469822464
2487263232
3964432384
4322699264
2743222272
4324933632
3332492288
7332348928
7432466432
3262226432
2333243392
9222367232
7789283328
3324222464
3272246272
3363434496
2272376832
2372494336
2692344832
2722783232
2872628224
2793396224
6264244224
9423243264
3428882432
2244236288
2337247232
3338422272
2622388224
3337443328
2722663424
3222324224
2326228992
2323226624
6633244672
7422994432
7333822464
9374236672
2394292224
3834932224
2242842624
2328274944
6639243264
8422283264
3933364224
3392223232
4332434432
6264462336
2282932224
3273439232
2733237248
2843922432
6222324736
6242463744
4222322688
2833332224
7392822272
2926222336
2428434432
9224628224
2982324224
6323982336
9622623232
3724223488
4263732224
3787623424
2444383232
4442463232
3264223232
4322486272
7332276224
2733289472
8732796928
3433423872
3292427264
3342644224
6823222272
2222224384
7243278336
2467432448
2323638272
2379922432
3442228224
3494324224
3822222336
2332434432
2323397632
2273332224
7444622336
3772434432
3389436928
2924263424
7284242432
4226228224
3633439744
2422247424
9292434432
6464227328
7323834368
3442296832
4326324224
3822449664
4247783424
6233679872
2292624384
9942923264
8648372224
4246629376
2338766848
2237364224
2322663424
4329244672
2232223744
3262222336
8426386432
3362322432
2233268224
3236763392
3842484224
4237328384
2288692224
2443333632
2322962432
8429326336
3223263232
4843747328
8839483392
4333426688
7237983232
3823642624
2264846336
2243794944
4629223424
4227342336
9473436672
6762729472
2224248832
4732229632
3666363392
2222377984
7836668928
2432282624
4244923392
3663327232
3323444224
2326367232
3724264448
9243282432
4272372736
2327222272
2623463424
2996622336
3372427264
6328246272
3332626432
4644662272
6942224384
2232346624
2447463424
3246772224
4336233472
2842339328
2224232448
3434932224
8224743424
4239796224
2237492224
3763687424
2264373248
3223337984
2323448832
3247924224
6228276224
3934222336
9472223232
2823223296
2443343872
4992274432
7823337472
2322637824
2766222336
4262324224
4334292992
9362322432
3324724224
4232246272
4234422272
7226932224
4346324992
2628626432
3823673344
6442394624
3224927232
4262239232
2323382272
2236647424
9332282368
3622324224
4392444928
6223224832
3432244224
9227239424
4463243264
7336372224
2432398336
3338266624
2793422848
7823374336
8822433792
4234443776
9424232448
2439672832
2222774272
8326324224
3283636224
4922294272
2832333824
2633827328
7344863232
3223227392
7274364928
2273642496
2424244224
2484498432
3222923264
2822623232
7422263296
2432233472
9368244224
6496274432
3334627328
2736922624
3228432384
3296372736
3322422272
4792846336
8276363264
3343924224
2224274432
4442422272
2223374336
3432249344
4822329344
2633242624
2492432384
3384246272
3228469248
2949343232
2222874624
6422243328
4722742272
7263668224
2943224832
2344732672
6349432832
3639263232
8266232832
7277238272
8227446784
8237238272
6236724224
6263237632
2322228224
2626742272
3343327232
2382772224
2282463232
4228622336
4493236224
3239284736
6963232768
4246247424
9798729728
2272292864
3234792448
4322622464
3238623232
6234472448
4244293632
9892242432
4264336384
9632223232
4326262784
6942226432
2233426944
3943732224
4234463232
2223463424
2943422464
3242422272
7462324224
2472372224
8442744832
3423336448
4422836224
2472374272
4622968832
4227764224
6227636224
6372323328
2272223232
4842292224
4382234624
7322744832
3222648832
2472722432
2632722432
2423263232
3249272832
4723497984
4424783872
7372724224
4827792384
2742432768
3438623744
6477432832
8823442432
6666932224
8232722432
2662964224
7826343936
8742426624
2429324288
7762233344
6223729664
4348773376
3822972928
4223442944
4277223424
2942862336
3726772224
7334324224
6282723328
2322424832
4227432448
4837366784
3242463232
4338962432
4824244224
6364342272
4243638272
3223263232
6832722944
8222874624
2232843264
6427322368
2743222272
4629368832
2284427264
2323433472
2339382272
6338484224
4278462464
8227382272
4288282624
2292447232
3247843328
2229326848
6947423232
2446823424
3692468224
7273234432
3994744832
8226446336
2422239232
7733334272
4339483648
2462224384
2433236992
4273272832
3826322432
8627636224
4774367232
7922233344
8243892224
3422226432
3239233792
7223337984
3244222464
4662243328
3737823232
7282294784
3266664448
7262222336
3633247232
6447224832
4724892672
3973622272
2397364224
7642322944
6262324224
2267363328
9373923328
6232377344
7228442624
2289723392
7938322432
2224223232
8247732224
2624227328
2378322944
7677366272
4924237824
3283472384
2333326336
4642742272
2396383232
2684726272
4497332224
4632334336
3289268224
2739226624
2243482624
2472927232
4822689792
7338723328
2927284224
6374633472
4276327424
7422644224
2322934784
2792373248
2373343232
3342823424
2782262272
2336223232
3286392832
2447286272
4299337728
8732229632
6867423232
6223286272
3229623296
9224423424
3244869632
2349492224
2944692224
2744732672
7222923264
7243922432
2724276224
2234463232
3222349824
3288372224
8263824384
2223843328
4222367744
2262623232
6227764224
2636263424
2248382464
4322629632
4439323648
3233682432
3222324224
6227282944
3284622336
6338742272
3244724224
2983348224
8262334464
8229223424
3426292736
4386322432
7764662272
8247227392
2324624384
2228263936
3433332736
3322232832
2223992832
2872246272
2476392448
2427342848
2263324672
3427423232
3299423232
6642373632
2443262976
2423222272
2436327424
8277727232
4422223872
2423476224
2429432832
8476342272
8932323328
2433332224
2464274432
7228342272
3923226624
4232287232
3343284224
3482932224
3348772864
4233633792
2343273472
6238234624
2276447232
6322332672
8232372224
2229223424
3682428928
2722484224
2272223232
8322228224
2467382272
3342492672
2227423232
2389223424
6273272832
2224487424
6223627264
4242343936
2727348224
8242228224
4722783232
9323242496
3833782272
2272223232
2924342272
4247822336
3743287296
4872249344
7448424448
3236728832
2874344448
3237428224
2264228864
8322234368
6282934272
2222482432
7443482624
2263629824
2884447232
2466422784
3223222272
4224223232
2873362432
8324363264
4282232832
6736436224
6296927232
2333243392
2432223232
3639732224
9227292672
2628472832
6442729472
2322322432
4327732224
6679263232
6972263424
2822324224
2639284224
3482427392
4376246272
3282787328
3342646272
3234424832
2362339328
2344244224
7663327232
6343222272
4227744768
4994228224
7232274432
3362494464
8887227392
2273333248
2444239872
9794783232
9372393472
9242427392
4427444224
3942843392
7323367424
7623442432
8344722432
3338463232
2346343424
8322842624
2463244288
2674827264
2324926464
8244432896
3262267392
9437432832
7362322432
6337234944
4433363968
2466443264
9323922432
4236726272
2243433472
3884724224
2348342272
2232629248
7232223232
2732273664
7623222272
2223327232
8428242944
8263222272
3238223872
3278644224
9274232832
6226642944
2728763392
6473242624
2322322432
3372724224
2733236224
3243444224
2446234624
7726943232
2479422464
2622482432
2323723264
4644922368
3423422464
3727423488
3792822272
6444222464
7247243264
6664346624
4737337344
8626322432
2233483264
7322638336
7237392384
7434292224
2323764224
3223442432
6622222336
3723623424
3362373632
6628447232
9293748224
4392244224
2824634368
3263442944
8343223296
4327323648
4328722432
2226322432
7222324224
2663322624
6423267328
3628869632
2222987264
2234422272
2434373632
9332344832
7663423488
8864227328
7723623424
6222772224
2836662272
4822226944
4337332224
2246378496
9262222336
2346422272
6232894464
7926674432
3283892224
4376297472
3946872832
6327732224
4426934272
2826422272
4226629632
7222426624
2243723264
9372383232
4326623232
4322936832
2678324224
6429287424
2942624768
4246324224
6382277632
6428428288
2322228224
2624632832
7922622464
3323322368
8344773632
7932263424
6726248448
2326433792
3438362624
9237264384
2744287232
4623327232
2822367232
2227679232
6432227328
2232927232
2232223744
2296338432
8234763264
2424287232
2277837824
8862226432
3484222464
3223222272
3332662272
6464822272
2849422336
3622367232
2322663424
4233447424
3463222272
4378267648
4332639232
6423263232
2272863232
8234472448
7242343424
2442228736
2642673664
7324434432
3342222336
4442423296
4224274432
9822324736
3426834432
8234642432
7289279488
3242232832
8223246336
2437343232
3222288384
6698299392
3289234432
2232423424
8237236224
4372242432
7373236224
3332286464
4423292928
7462623232
2423222272
3424223232
9286377472
6223929344
2632722432
9273243648
2248423424
6746422272
2224244736
8634422272
7626463232
3977234432
3346322432
2322893824
4822334464
4423483392
2793268224
2236347392
4332623872
2484839424
2424272896
7342234624
7833242624
4392722432
7366838272
4322386944
4363323392
9282322432
4224223232
4997223424
3623327744
6332342272
3244443648
2742642688
9622349824
3292442624
3342779392
9972622336
2334482432
8222943232
2328223744
2642366464
3262943232
2427322368
4972734464
2343732224
2362343424
2872722432
3244273664
3223222272
3889682432
6472927232
9336223232
2269369344
2368232448
7232223232
4262223872
2497334272
7224244224
2636273664
2222462976
2288223232
3232223232
4222623744
4333236224
8823732224
4482424832
2322827264
3422324736
3239263232
3244222464
7872436224
3273449472
7263286272
2226446336
4263442432
7733643264
2293274624
6364342272
4328628224
4732223488
2344884224
4223722496
6243943424
6334262272
9342226432
7334623232
9263327232
7322847232
7333343232
3363269632
2649273344
3334674432
2323892224
2228242432
2222326784
6223642624
4242834432
2326329344
2932342784
2432223232
8234292224
3327327232
3339343872
7337443328
2646623232
4443932672
2742863872
9347382272
2392766464
3943223296
2686789632
2233626624
2362394624
3324393472
2222949376
3223783424
4282273792
2222277632
2434228224
7367222272
4292242432
3649434624
7426322432
2247862272
2443367424
4323226624
6477279232
6262223872
9733343232
8374239232
6976223232
2442463232
3924662272
4227342336
2336282624
9222324224
2447634432
2332792832
3383222272
2963427328
6847924224
4242868224
4332223488
3636242432
2767374336
9242942464
3462324224
3422644224
4343329792
2283444224
2634678272
6722322432
8239327232
4883774464
3236242432
9363226624
2493622272
3322427392
3234962432
2473372672
3273422848
2682399744
2234228736
3423924224
2733842432
2274322432
3323282432
3326267392
4923423744
8324494336
6422226944
6228286464
8382388224
2632868864
6724238336
2426473472
2392244224
2294224896
2829279232
4224223232
8732342272
3222247424
2932242432
2734332928
4627482624
2367643648
2384446464
2283743232
4297383936
3636282368
2798222336
2448463872
3432732672
4282292224
2666938368
4924342272
7623223296
2844473344
3646773248
8836329472
2422326272
2239463424
3234783232
8242386944
9282424832
2822633472
3733428224
3883237376
8397326336
4326324224
7276734464
3923662848
3249434624
4844664832
2623967232
2222732288
2897332224
3298322432
2947273728
3333326848
3422388224
2446222336
2964242432
2442638336
2282898432
6232346624
4622738432
8263227392
6433973248
6746932224
2248927232
2334226432
2262623232
7229497344
2224479232
2633293824
7769464832
8336922624
7243664384
6323688448
2327442432
2736694272
6323636224
2976223232
7392223232
6238772224
4632287232
4224333824
3946427392
2462224384
2723282944
8362932224
4363237376
3276662784
4396383232
2229223424
8962484224
4248464384
7242932224
4823222272
2232927232
3349266432
6436363264
3734239232
3643262976
4333236224
2346723328
3727222784
2472444928
6224223232
7832244224
3922847744
3762337792
3243743232
2262623232
8326883328
2934326272
3223222272
2869343232
3384373248
4272293888
2732222464
6938422272
4232382464
6327273472
7643743232
6224274432
2642673664
4432223232
4422432768
6872462336
3223273472
3333223424
2364884992
3692324864
2963474432
3862329344
6622222336
8663442432
2734262272
2348726272
3277432832
8822433792
9442373632
6784223232
3662222336
8246223872
6432223232
6332432384
4424372224
2364724224
6442642432
4633782272
6479224832
3438224384
3499444224
2326674432
6222772224
2222222336
4623924224
2232434688
3343642624
4224948224
2332982272
3239237632
9243292672
2832232448
4673948672
3772767232
2324293632
3424438272
3423289344
8423263232
2222222336
7232274432
7322467328
2663222272
4329289728
2426322944
2387723264
2338322432
3727374336
4226322432
3427283968
2727246848
3293722624
3436383232
7263762432
3248223232
7336372224
2974644224
9744692224
3966222336
4296244224
2333366272
3334367232
7392436224
3233383424
2928223232
3264743424
3746363392
6936332288
3943263232
3323973632
4634294272
3263422464
8363322368
4463924224
3234486272
9242322944
3242763264
9424223232
4642373632
2246326272
4223422464
4478734336
3822462976
2692622336
8343222272
2222244864
7226642432
3368722432
4682642432
4423292928
3242292224
3447422976
3229297664
2748222464
4683623424
3233333248
9342234624
7348242432
2232336384
2322644992
2364643328
9223227392
2993682432
3223476224
2424372224
9672927232
3734222848
7442322432
8262367232
2242322432
3424692224
6436348928
2332444672
7344248832
2783327232
2983222272
2926449664
8322373632
2247227392
9662332928
7232223232
3344282624
2226834432
7846633472
3422492672
2262329344
4632246272
3482343424
2243236864
8323723264
2697322496
4622687232
6227382272
8932329472
3723282432
7426834432
4644263936
7249272832
2222234624
2436626432
6937362432
2224223232
2224922624
3382239232
2473746432
3323322368
4493323264
2478244864
2662324224
4722362368
3727924224
2632462336
6324363264
2967822336
8343324672
2362292224
9873727488
3667423232
3324233728
3629283328
2424682496
2273974272
8473372672
3293364224
6322622464
3386427392
2663237632
3664232448
8324368384
2273339392
6429279232
8422283264
2232276992
2669223936
7269224448
2867427328
3883343872
3234783232
3322294272
3347262464
2339723264
4824374272
2222262272
3773323264
4343263232
2842292224
3336423424
3332276224
2673934336
8928223232
6722428928
3823374336
4862492672
6242666496
8832922624
2474686464
6393874432
6299282432
6223643648
2366226432
2822283264
6377447424
3333223424
2233247744
4232476672
2827833344
8243679232
2242834432
2824244224
6227423232
6223263744
3834396672
4432436224
3833662464
3342866432
8742847488
6642443264
3462392832
6227427328
8373223424
2329782272
3227623424
6224223232
4423732224
3763636224
2422239232
4444383232
6424249344
2422324224
3223672832
2322772992
9379342336
2374223872
2276293632
2926262272
2283444224
2242332672
2234932224
3283226624
7422226432
3329247232
3739449344
2637733888
6323232768
6432442368
4442663936
6222943232
9382324224
7433827328
8374326272
8222222336
8423742464
2423826432
2272223232
7766247424
4282382336
2263793664
2734262272
3223324672
8922292224
6263222272
4424348672
6222262272
7272382464
2229343232
3744233472
7232863232
3422646272
6322233344
7322937344
4632377344
9233229824
4642783232
4267282432
9272423424
2928443392
2342286336
4322832384
7332496384
2287333376
4384223232
2833294336
3264223232
3783222272
2234339328
8223337472
2238222336
7292263424
3232692224
2224223232
4324366336
3423273984
7422222336
2322228224
2822329344
9722343424
6822623232
3964442624
2723263488
3646224384
2863327232
4222226432
2322228224
4862437376
3362742272
3423224832
4687327232
4364427264
3228946432
7972242432
3849234432
3982644224
3429428224
9273423872
7639263232
3232376832
3993227264
8762422272
3782222848
4332447744
3327693824
2936373248
2328633344
2262327296
6229942272
8646623232
2622234624
6747922432
4238222336
2227423232
2442422272
9422226432
2432232448
2332647424
2229643264
3282642944
2222482432
2893223936
9623227392
2263323648
3242293248
3334682624
4428946432
4234236928
2324923392
3232292864
4327442432
2236643328
3232223232
7243743232
3337234432
3728863232
6444263424
2488334336
2922294272
2632223744
6282473472
4432423936
7234332672
2632722432
9442322432
7349428224
4722343936
2724293632
9233332224
2374324224
7776284672
2266463232
3228223488
8823323648
2223839232
2332623872
4243446784
2383422464
4488722432
2222388224
2423322624
4643427328
3624628224
3373663232
2933223424
2647322624
6477323264
6392233984
3232922624
4329232384
3344372736
7262644224
4442324992
3322447872
2964327424
2268383232
2327476224
7443423232
2344223744
7442322432
4322279424
4226332672
2728244224
2332383232
2992223232
4262324224
4868242432
3427423232
8633227264
8227423232
2334644224
7222632448
2334222336
4322742272
3233272832
7326442496
7493223424
2423867392
8446943232
3292263424
3433422848
6223926272
4642934784
6982623232
2432924672
3334226944
2292662272
3433933824
8629264384
2269722624
6327226368
3723743232
2942674944
3334632448
2236392448
3663762432
9322236928
8838283264
4236964864
2282293248
3334473728
2824628224
3262262272
7278222336
2782277632
3332236288
2262964224
2232937472
3432249344
3228727296
2944436224
2363444224
6249242624
2627342336
8476942336
2382748672
3722422272
2733326336
2422427648
2278633472
9382629376
3423264768
9292229632
3328724992
6633234432
3332626432
2263783424
3442743296
3239222272
8832333824
6693223424
3274292224
3323428864
2238222336
6762463232
2334773248
3422263296
4739482624
3247673344
8229993472
6286222336
7824837632
4262326272
3242932224
4322998272
3968233472
6448223232
2966324224
8862222336
3672287232
2747322368
4473227264
2362292224
3444626432
3283427328
2268434432
4382826496
3332624384
3894623232
6827743232
3433336832
3334623232
4364383232
7833232384
6632382464
4628882432
2236624896
4293347328
2343732224
2224922624
3243292672
2624333824
4762847232
4443444224
2224423936
4273384448
4232249344
3223222272
4337447936
7222462464
4477622272
2623762432
3268222976
2328244224
3229223936
4276762624
2334234624
2382772224
2423948288
2393362432
2492237824
3423327232
2434322432
9323749376
2332284928
4262264832
3694234624
3432843264
6322337792
3337447424
4723636224
2634422272
2246682624
6974738432
2934264832
6422326272
8327732224
2622687232
9262224384
4622222336
3372432384
3327222784
7223762944
3733684224
2292283392
2742283264
3327243264
7268622336
7328822272
2367924224
2323899392
3636242432
2742633472
4224822272
6726283264
2636724224
3223272448
2267423744
2322827264
3433336832
2229727232
3632223232
2246326272
2322233344
8273332224
2242373632
4229428224
2832229376
8823962624
2633443328
8342923264
3883743232
2347623424
3238629376
6433332224
2243764224
2222943232
7223324672
2692667392
9946232832
6434322432
3826622464
3382633472
7262862336
2244293632
8243924992
3269433344
2292447232
3627239424
6648287232
3474228224
9622392832
3222426624
4234932224
2442473472
4229224448
9636327424
3633247232
3842233344
3722463232
3287222272
3432884224
4462644224
6823732224
6823222272
4443922432
3247286272
3342823424
2882332672
2327222272
3323787264
3397223424
2333663232
3443344384
9249339392
2326324224
8923623424
8299444224
7838222336
3673362432
9267423232
2777823232
3237643264
8249447424
2762299392
4272272384
3948222464
6327263232
2293748736
3742322688
2283467776
8932626432
2493494272
2483423232
3427423232
3246736384
4222772224
4393234432
4497383424
2233362432
2242229248
2623722496
4274233344
8883423232
9632223232
2922642432
6272436224
9434232832
2222263296
4274842624
6723892224
4832282624
7322394624
3426422784
7832229888
9239822336
6222222336
8332383232
4929682432
3774222336
8424722432
7232272384
3644724224
2732222464
4623327232
3229242368
2337332224
4442463232
3373338624
2622994432
3464466432
2238244864
3937333248
8833334272
8262633472
3224763392
8234942464
2347743232
3232782336
8762292224
2332222464
2223847424
2272274432
4276622336
2344464384
4423694336
9333223424
4322228224
2932278272
2622328832
4729234432
9322232832
8686693376
6323738624
2332946432
8244447232
4233396224
4726239232
9272223744
7333266432
3233642496
3422224384
2334774272
2223243264
4622224384
2732942336
8243226624
3324686336
3842443264
2824633344
8432333824
4264244224
2433247232
6292277248
6624223232
3447324672
7223237632
6832227328
6334823424
2627364864
3363868672
7224389632
2323423232
3282228224
4962322432
4233268224
2276286464
3722422272
4384822272
2464223232
2723432448
3223822336
3372442624
2984334336
9244442624
8222746624
2336442368
7232233472
7229663232
3244342272
6496223232
2334222336
2462332928
7443423232
8262923264
9744229376
2292242432
9432373248
2324276224
4282642432
2226362368
9224927232
2822326272
8424249344
2232379392
8243226624
2344372224
2362427392
2422286336
3222667264
4964328448
2282932224
4243423232
2293343232
8222222336
3324383232
4262324224
4928223232
2343442432
6383433728
8834842624
2334992384
4324278272
2442472448
7244342272
7283689472
2462943232
3236222976
4823322624
2642229248
4983263232
2344423424
3232274432
3743668224
3472873472
4262623232
4223924224
2432443392
6266232832
2772242432
6324644864
9332963328
9394743296
4933343232
2343263232
7332344832
9242642432
2492342272
8326264832
2246879232
3722324992
9622329344
4632927232
2273462272
2222267392
3497823232
4433422336
4792244224
4322424832
4234422272
6222226432
2729273344
8222347264
3822497792
2283423744
3746249728
9732276224
2766823424
4264423424
4484242432
9969332224
7239222272
4322229248
3632743424
2222372864
9432844288
8262247424
3437432832
9288244224
9233332224
4734943232
4333236224
9349433344
2242282496
2232246272
2222262272
3396222976
4233662464
7247668224
3223222272
3267232768
3248863232
6722322432
2882783232
8324447232
7362228224
3268286464
6383924224
2964472832
2332242944
3332663296
2323832832
9322266624
6762422272
2383327232
7783732224
7232372736
3872223232
8332222464
2737334272
2472244224
4322783232
4933433344
7323623424
2692626432
8742264832
3327422464
9237643264
6622646272
6823222272
4742776832
7422292992
8728628224
3682663424
4633242624
3276683264
2488927232
2278623232
3282873344
6433462272
4864436224
6326228992
4227922944
7832223744
9923423232
2232824832
3929823232
2274322432
6324342784
2899423232
3643323392
2232372224
3283482624
9278943232
3222923264
3262823424
3236364288
3338322944
2237364224
2323284992
7326362624
2223693824
4932923392
4829622272
2444427264
3647839232
4442642432
3362228224
3222623232
2672244736
9937334272
6274363392
2243226624
7422226432
7232223232
2694674432
2492383232
3324342272
2732434432
2483339264
3232823296
2324282368
3262482432
2224223232
2433247232
3673823232
3398324224
4237627392
2463463424
8298323968
7276222464
4693223424
6222262272
3224822784
3733223424
3267922944
4637842432
8932328448
2732222464
2223224832
2223924224
6874422272
2329464832
7372342272
4733722624
6422222848
2874933248
3324229632
2269944832
3494623232
6474932224
8282678272
2383823872
3228383232
2324622336
2287378432
8484242432
2786322432
6239327232
3832223744
3263246336
4842386432
8234422272
4673272832
6232423424
4234934272
3634484224
8237732864
4272666624
4993332224
2238244864
2423732224
3827226624
4346322944
3442322432
7792223232
3723333632
3247224832
6882228224
3472822272
3326833664
6424249344
2822627328
2933433344
4223924224
2647222272
8222364672
2423348224
2782222336
3326224384
4323382272
8448223232
8728338432
2726324224
3332263936
9294226432
2383284224
2426847232
6247222272
2672333824
3442228224
3442742272
7242847232
4223392768
3264223232
4322228224
6283367424
3322394624
6233234432
4283743232
3226932224
2924342272
8233232384
2478482432
4382482432
3922424832
2348442624
6432274432
2286823424
3622682624
3324223488
2732726272
6227646464
4232244224
3832287232
2226234368
4443367424
2369733632
4242363392
9343336448
2272223232
6366994432
4464232448
4232233984
2372323328
2288274432
6434373632
4442292224
2228293632
7243444224
4224223232
9442622464
8632244224
6377322496
4222226432
3626723328
2642622464
4644238336
4432743424
6239224832
3426424832
9824223232
2284343296
2422222848
9762228224
6237432832
2933686272
4432223232
4332324864
2483423232
3262322688
9246234624
9323743232
2222347264
3682742272
2262324224
3422222336
2477663232
3434463232
7223227392
2329823232
3322422272
2394394624
3426228224
3266742272
4237432832
2274962432
2624223232
2377782272
7429863424
2234344448
2464483328
7224244224
4444734464
2436429824
2394232832
2342324224
2336438272
4926222336
2443922432
3343668224
2922386432
3236634624
4482229248
4496223232
6322936832
7326226432
6226228224
4242622464
8482484224
3494324224
4333236224
2436337664
3232223232
2826232832
6794399744
2632338432
3472863232
2248628224
8632799232
3334264832
2382226432
2224229376
2322228224
3228222464
3339743232
9232242688
3292264448
2726249472
2229264384
9392223232
4743962624
2427674624
4243226624
9223647232
6733492224
4282847232
2342428672
3264722944
3643323392
3423429632
2923323392
4734482432
3334428672
3426322432
3287442432
3776223232
3332626432
2232244224
9232233472
6282422272
8422324224
2722873344
9772222464
2632722432
4394942464
2667444224
6462262272
3742234624
2432223232
3624423424
4293394432
6322842624
4446943232
8224282624
4343732224
3424438272
3633332224
3442362368
6297274368
3442228224
8332444672
3224249344
9423284224
9422644224
3323282432
4392287232
8432922624
4282232832
8232244224
3243282432
2782928896
2624782336
