4288768
2443392
4783232
8768384
2286336
2364672
6377728
7284736
3424384
7242624
2338432
3687424
6293248
3379328
3926272
2386432
2779776
8428288
7924224
2266624
8476928
2283392
7469824
3263232
4423424
6799232
8347264
4463232
3444992
2884224
7273472
8239232
2692992
8272896
4783232
4233344
7273728
4747264
2324224
2447744
7374336
2836224
3738624
2342784
2222336
2322432
2262272
2782336
2793984
2229248
6327296
6232832
3278336
4383744
6866688
9297664
3372928
2623232
2223744
3327232
3326464
3236224
3284224
3282432
6776832
2727424
8263296
2332288
2329344
4244224
6639232
2397824
7623424
3343232
8222336
3662464
2674432
3382272
4827648
2292224
3236224
4277248
3733632
4893824
9262336
4726272
3363328
2266368
2398336
4484224
3972224
7343744
4233472
2222336
6463488
3262464
2646272
9647232
6422272
3374336
3636224
4762624
7446272
3843328
9767936
4283264
3239936
3399424
2232448
4372224
8327424
3324672
4287232
2923264
6672384
4232448
2689792
3423232
4474624
6422272
6346368
2247424
2932224
4822272
7339776
4342272
7767296
3487232
4372224
3732992
6247424
4233728
6239488
4222336
7998464
3372672
4244736
3972224
2239232
2233344
7748224
3367424
2227328
2233472
8622464
7226624
7243392
4293248
7286272
7273344
3743232
3227264
2486272
3476224
2629632
3266688
3222272
3379328
4362496
2294272
3238272
3262464
4242432
6997248
3476736
3367424
7622272
6427392
2644224
8634624
2373248
3282944
6443264
4436864
3242368
3444992
3222272
7227264
7972992
3226624
6242432
2623232
8468224
2267392
6272768
3726336
9474432
3294336
7288832
4297728
4747264
6783232
2232832
2984448
2223232
7332224
9327232
2282624
4222976
9326336
8343424
3343232
9732224
2443264
7623424
9628672
8722432
6223232
2682624
2823296
2329472
4842496
7926272
7343872
3327232
2742272
7724672
3932672
2722432
6234368
3449472
6962432
2326272
9236736
4293376
4287232
2447232
4373632
8632832
6362368
2422272
3924864
3232384
2462464
8742272
2622336
3648768
8436224
8962944
4428288
4222848
7322624
2433664
7873792
9447424
7962624
2324992
6282496
4232448
6882432
4322432
3226368
3292672
2267648
2442368
2347776
2373632
8948224
8664832
2262784
2342272
2292864
2472832
3334272
2722432
2746624
6243328
3323648
4638336
7399424
2226432
3743232
8242432
2447232
4446464
7743232
8397824
4424448
4228224
8724736
2362624
2223232
3823232
9343232
2442624
2422272
4222336
3284736
2932864
4377728
3438464
2393344
2374272
7794432
4776832
2887424
2237824
7382784
7442432
8622336
3483648
2299392
8342272
3833344
9442432
7422976
2662272
2226432
3823232
3247232
7333632
3244288
7627264
8379392
4836224
4276224
2482432
6233344
6223232
2486272
7623424
7292672
8923648
6276224
3237632
8348928
2628864
2772736
3666944
7277696
4636928
6646272
2274432
6324224
2879232
3824896
2837632
2642432
7732224
3924224
4926464
4322432
8346624
7332224
2772992
6623232
6272384
3327232
8622336
3328384
2322432
3464448
8722432
3233792
9327232
8244864
4286464
9667328
2222336
2633472
2623232
7322624
3474432
2276224
8794496
2232832
4422272
6233344
2229632
2393344
3934464
2479232
3324672
2226432
8327296
4932224
3222272
2444288
2324224
3647232
6224768
4223232
3332992
4424832
4244224
2327296
2928384
2983424
3832832
7423232
8336896
9339392
2644224
8223232
4423424
2642688
9384832
2226432
4292224
2288896
3237632
2292224
2223232
7272832
2268672
3227392
7892224
2629248
2746624
7644672
6626432
6322432
3734272
9836288
2244224
7469824
3243264
6983424
4824832
2463232
7242624
3493376
4283392
2479232
4967424
9993472
2623232
4239232
3342336
3722624
6743424
2376448
4393344
2233472
4239232
9283328
3796224
8327424
4362496
2443264
8342272
3897344
8367872
2228224
4223232
4338944
4284672
4422272
6623232
4264832
6223872
4868224
3324672
2332672
2244224
3263872
2326272
6822272
2787328
6882432
3222272
4622464
4246272
6232832
3787264
3724288
3733248
7223424
3462272
3327232
3622272
7263232
6223872
9343232
2796288
2226432
2422272
6728832
2239232
2434432
6944384
3432832
3236224
7826432
6294272
2443264
6232832
2326272
6223744
9646336
3223296
2423424
2723328
3922432
2932224
6343424
2972672
2292224
4628224
4223232
3823232
3492224
3443328
3263232
3847424
8344448
3783936
4334336
3679232
9332224
9362432
4296832
3466368
2223872
3942272
6863872
7326464
3329792
2232448
8932992
6389248
3839744
4424832
6266624
2364672
3823872
4628224
2822272
7342464
7327232
2642432
3222272
3423232
7924224
6736384
4373248
3483264
3844224
8772224
2376448
6238336
3277824
4394624
2368896
2249472
4232832
3334784
3722496
3739264
9343232
3387392
7477632
3826432
2664448
2326784
2228224
9294848
7264896
6248832
2996224
2428288
2879232
2382336
4687744
3773824
2222976
6243328
2434432
2623232
3476224
7266432
7723264
6938368
2743424
8262272
9228288
7382272
7422464
7322624
4647424
6272384
2732928
2222336
2922624
9284224
2262272
8377344
3223424
2482688
3749376
6399232
3327232
6639232
6347264
2339328
3323392
4922368
2442496
3448832
3283968
3437696
4223232
2322688
3723264
8824832
3332224
8424832
8323328
3223424
9384448
4422272
2479232
2344832
3743232
4226432
3483648
4322432
2379392
3248384
4222464
3262336
2433664
3384448
7328384
3334272
2274432
7433472
7647232
2722432
2287232
6889472
2263424
8392832
6322432
9247232
2437632
2373376
6274432
2223232
2224384
3882496
2767232
4293248
2723328
8223744
8472832
4324224
7762432
6422784
9362432
2222848
2772224
6322432
8732928
4272384
3992832
2722944
3938432
6982272
3442432
4343296
3344384
4228224
4294272
2279424
4274432
6239232
9374336
3489664
6382336
4287232
2383232
3247744
6346496
6392832
4292736
4644224
3227264
3733248
3462272
4284672
2623232
2228224
3329792
3326464
3334272
8233728
4483328
2223744
7278336
2423296
2287232
4647296
6234368
6372224
4228864
6926336
2623232
4826368
2793392
4844672
3922432
3243264
4263424
9343232
3323264
3362432
2223232
7883264
2236928
2836864
3637376
2633344
4386432
2299264
3343232
6222336
7732736
6722432
6799744
4648448
7322496
4422272
6263296
7324288
2687232
7222272
3469824
4882432
2466944
2324224
3833344
2492928
3442432
9724928
3282944
9483264
6342784
2484736
3333632
2927232
2234624
3224832
7263232
2373248
2424832
9839232
2823424
4878464
2326784
2623232
6226432
2824832
4232832
2937472
3294464
7342336
3742464
3636224
6367488
3742464
2624384
7239424
2232832
9644672
8932224
2263424
2384768
7323392
9882368
4844288
4942976
4292864
2722432
3632384
6393472
3924224
6469632
3642496
6294272
2738432
2373632
7326336
2388224
2274432
6233472
4223488
9247232
2276224
6744832
6262272
9223424
3922432
2334336
3382272
2834432
2246272
4743936
4687232
8742272
3723392
2367232
4333824
4423296
3762432
2676224
3623424
2729728
2239232
7723264
2773248
2424832
8923392
2242432
3332224
2733824
8249344
2372736
4378368
2473472
2727424
3482624
7222784
2989824
3333632
7423232
8277632
2323328
2786432
9343232
2777344
2226432
2322432
9472384
6242432
6223232
6362624
3474432
7423232
6349824
3973632
8743424
2943232
4264832
6232832
7732224
4293376
3342976
4324224
2767232
6463232
3622272
2322432
6662272
2838272
6223232
4233472
3444224
2232448
4676224
3622272
3337472
4223232
7836672
9273344
3287424
2826496
4347392
2283264
4932736
2234624
3236864
4266624
2332288
2287232
2262272
6247424
2223744
2229632
2734976
6486272
2447232
6422272
4722944
6223232
3243264
2372224
2772224
4338432
7322624
4294272
9244288
7442432
2633472
2837248
2423424
4472832
7228928
3343872
2492672
7423232
3222272
4293248
2328832
2232832
2384384
2324224
7674624
3634432
8946432
4333824
4427264
8862336
2767232
2943872
3362432
6233472
2229248
3483392
3828224
3328768
4274432
2239744
2277632
2633344
3333888
3892224
4478848
3672448
8229632
7689472
3323392
4924672
4324224
8833792
4342784
3262464
9276928
2234368
2674432
3432832
7376384
9423744
7797248
2322432
3382272
2223872
2232832
8236288
3968384
7423232
2298624
6862336
3234944
4747776
3338624
2232448
6932224
8422272
4223232
2687232
2244224
2223232
2223872
4393728
8924928
2262272
2332928
2329344
6462848
2868224
4863232
3727744
2843648
2886272
2847744
9839232
4984448
7296768
3274496
9393792
2823424
8249344
9247232
4472832
2732288
2287232
2372224
4836224
8726272
2422272
4292224
3894272
3636224
2244224
6626432
9767936
7222272
2348672
7922432
2692864
3722368
4447232
2742272
6292224
8972288
2478464
3739264
2374272
4223232
3373696
2692224
2297344
2788224
4222464
4648832
4372224
2287232
3348224
3224832
3222272
6228224
3233664
3342336
9624832
2327296
9932672
6386432
3227648
4232832
4643328
3332224
2797824
2324736
3222272
3244288
2642432
3823744
4863232
9236224
4326784
7822336
2237696
2633472
2332288
4394624
8746624
3243264
9292672
2232448
6222464
6646272
9362432
6267264
6298368
7422848
3222272
9833472
3742464
2266624
2222848
6324864
4788992
2237824
4249344
7944448
2344448
2423296
4238336
7434368
7432832
7732224
3278464
8468224
8399232
6232832
8484864
2844928
3223424
2237824
7339392
2372224
4334336
2627328
2823424
6226432
2934272
4323328
3222272
4243968
2863232
3223424
2242432
7428224
4324224
2377472
7922432
2234496
2388224
3723392
4677632
7487232
3378432
8223232
6949632
7368448
2243328
4284288
4223232
2249728
6367232
2742272
3774464
9343232
3323264
4223232
2222336
4976384
2262272
2826496
6342272
6274432
9282432
2276992
3346432
2623232
8623232
2937472
2228992
7623424
4628736
3624448
6843264
3222272
4724992
2229248
6428672
9767936
6473728
7439488
8726272
8699264
7323392
3327232
7298432
3642624
9287424
2882432
2368384
3622272
6628224
2284672
3833472
4282624
6322432
4223232
4324224
9748224
3772736
2227328
2247424
6849664
4927488
2623232
9722368
2646272
2463744
2783232
6348288
2923392
3492992
2373376
6322432
3433344
2262272
7924736
3372288
2347264
4342272
3239424
3323264
6727424
3243264
7364224
4237824
3877632
7264384
3628288
3239936
2279424
9223424
6263424
3892224
6738432
3332224
2463872
6843392
3334272
6339328
6242944
9234432
4328832
3246336
6799232
2223232
4242944
2362624
8943872
4793344
7764224
4436224
2742272
8494336
2442368
4843776
8623232
3289344
4383232
6662272
6239232
2223232
6642432
3422464
6223872
7393664
3892224
2223232
2943232
2393344
4983424
2429696
9328384
2383232
2689792
3892224
6693632
6228224
2364288
2674432
2244224
7423232
2324224
3348224
3274624
2223232
3387392
6226432
4439296
2263296
3992832
8287232
3926272
4242432
4847232
8372992
8222848
2623232
3444864
3736832
2482432
3384832
2233472
4632832
6239232
2329344
6422272
9926272
3223296
2932864
2292224
2279424
3342336
3823232
2783232
4839296
2943744
3893376
4422272
7972224
8242432
3222272
2232832
6842624
2364672
4434432
2246272
8773248
2928896
6237824
9333632
4622464
2373376
9432832
4663424
6324736
2396928
2676224
8462848
2834432
7223424
4333824
2829824
4468992
7738624
4434432
3497472
8329344
2776832
4429824
2623232
2422784
4428672
3323264
6862464
8434432
8772224
3333248
2229376
2463232
7263232
2422272
6228992
4438272
2636288
7467264
3323392
6226432
4338432
2324224
2222336
9624832
2372224
6372224
3327232
3224832
2342272
7663232
3342336
2434432
2479232
9222272
3364224
3222272
8332672
3472384
2426624
8824832
2279424
7226496
3669632
6623232
2762624
2863232
2932992
9422336
3423232
4489472
2393472
2324736
9364224
3983232
3237376
2942336
2384896
3723264
4222464
7963392
2239232
9426432
2382336
3747328
3323264
2233728
2223232
2442496
8646272
2732288
7227648
8679424
7374464
4223232
2662784
7263232
3647232
4927232
2222336
4242944
9349248
2949376
6332672
2847232
7647232
2836224
3224832
2667264
8733696
6462464
3343488
3943424
9934336
3243264
2247424
6774272
4792448
6244224
4827264
2482432
4363648
3337472
7322624
9422976
9274624
3623936
4822272
3237376
8333824
9289472
2372224
6836224
4273664
8382336
2242432
6662272
9432832
2433792
2324864
4222336
7249664
3767424
9222272
7623296
4224768
2294272
8444928
7484672
6226432
8223872
2297728
6324736
2838272
2226944
3423744
6444288
7478272
6666624
7638272
3223424
3732992
3342336
3942272
2246272
7433472
2633344
9733376
8478336
8623232
2968832
2492672
2232832
2784384
9496832
3346688
3693824
4462464
2623232
2242432
4229632
3839872
4376448
7262336
3823232
2283392
6322432
3327744
3386624
9222272
2962432
2373632
2292224
2783232
7226624
8343424
8227328
6783232
4436224
8284928
2743296
2437376
3243264
6293248
2222336
2693376
3423232
4328448
4822272
2224384
3242624
2396672
6383232
3284224
7764224
4372224
9293824
6342272
3374976
2672384
4623872
4822784
2972672
6226432
6832384
3422336
6628736
7322624
3236736
2362624
3364864
7332736
6934272
7686272
8843392
9362432
4662272
3772672
3282944
6263424
7226624
3223424
4848384
2243328
6962432
2267392
6322432
4342272
3999232
2423424
3437696
3274624
2927232
6963328
8239232
2638464
2972672
9444864
4863232
2836864
3343232
3732224
2484224
3476224
6932224
8474624
2932224
4829824
7332736
3422336
2266624
2244864
7467264
3428224
9432832
2342272
3222272
7683328
8346368
2298496
8367232
2627328
4338432
4233472
4443264
2223232
2393728
2262272
3333376
2623232
3279232
7327232
6723328
3282432
6343424
3222784
4493824
2747392
2644736
2223232
2362624
2966272
2477824
4668928
3842432
2644224
6667264
3328384
2223232
2222336
2367232
2322432
2263424
9627392
4932224
2244224
2233344
2234624
4447232
4244224
6738432
4348672
7922432
7364224
2442496
4367232
4292224
2392832
4264832
2328832
8224384
2733824
3332864
2692224
4794624
2622336
3222272
2722944
4722432
2232832
4327424
2884224
4243328
6247424
4223232
7677824
2292736
3227392
4229248
2247424
2329344
2283264
3327232
2427264
9844224
3462272
4834432
2234624
3432448
7626496
6883328
4223872
2727424
2649344
3273472
6863872
6322432
4287232
9428224
2342272
4239872
8822272
2277632
2923264
4722944
4343424
4639232
3463424
9732224
3236224
8872832
3222272
7367424
2836224
2326272
6232832
6273792
3332864
2643328
6676224
4274432
4232832
2844672
7829248
9339264
2722432
3947264
4284928
6232832
6823936
4374272
6243328
2482432
6362624
4489472
4837632
3327232
9733376
8827648
8434432
3999232
7437824
3243264
7793664
2422272
2634624
7627264
4948224
7223296
6262272
9672448
3433728
4922368
6332672
3227264
2432896
8623488
7429632
2324224
2223232
8324224
4438272
3423488
4223232
2444288
3467392
3222272
9637248
2287232
7243264
7224832
4322944
6264448
2287232
6234624
3627264
6472448
9333632
3423744
2332288
2634624
8223232
6422272
7222272
3487744
6622336
2292864
6788224
4928768
7234432
6272768
6499328
2223232
9433344
4893824
7342848
3362432
2344832
6672384
9322368
2932736
2729472
4324224
6283648
3394688
8428288
3342464
2322432
3469824
2664448
2332672
3444736
2932224
2377472
4422272
3436928
3442432
3833344
6236928
7779328
7924224
2633472
2228224
2822272
2223872
3332224
2222336
8623232
8724224
6222848
6822784
3922432
4739328
6322432
3382272
2792448
2372736
6332672
3234432
2322432
4223232
3623936
3647232
2482944
4372736
2633472
4332672
2723328
3423232
4922368
4927232
3423232
2633984
3723264
6373248
2469632
4229632
4262784
2623232
7364224
8786432
8627328
3232768
3433344
2847232
2827264
2426624
9742336
4642432
3728896
2484224
2324224
2223744
3466368
2226432
8222464
3224832
3874432
3428224
8274944
2267392
8739328
2229376
7432832
6262272
2224384
2947328
7883392
2322432
4626432
2244224
2823424
4243328
2623232
8646272
2324992
6994944
7724288
7974272
2224384
8423424
2326784
3742464
7427328
2323328
7636224
3733632
4624384
4927232
9944832
4437248
3348992
8223744
2329344
3683328
2233728
2227328
3227392
2443264
8262272
2267392
8442624
2423296
3226624
7337344
3744384
7732224
3836672
8293632
3288832
7732224
3267328
4642432
3988224
2322432
4862464
6662272
3242624
4343424
2284672
2634368
8383488
4982784
6223232
8928896
2687232
3837824
3333248
2422272
9482368
3734272
2948864
2887936
3422336
2842368
4484224
8732928
6426624
2943232
4722944
4244224
2223232
3622272
4279424
2288384
3327232
4379264
4447232
3327744
4823296
4383232
3427328
2679424
6374272
4228224
7722496
6482432
2223232
3322624
7222272
7332224
2222848
2228992
2422272
2277632
6232832
2322432
6823424
2732736
3733248
4634624
4228224
3223424
2238464
8223232
6388736
2968832
2242432
2223232
9422336
7332224
3222272
2393344
2233984
8463232
4882432
7423232
2243328
3638272
2442624
6232832
7894272
8283648
2383872
2962432
6223872
6329344
2326784
8223232
6246784
9399424
2722432
3692288
7322624
3622784
4722944
4222464
2232832
2277632
4226944
2242432
3732224
9222784
3983232
3227392
2342272
8776832
2232832
4423424
7224832
2223744
2224384
6363264
4383232
6322432
2276224
2393344
6239232
3444224
4882432
9493632
8927872
2237824
2682496
2292224
6722432
3334272
2343424
8943744
9332224
3883776
2236672
3492224
2222336
3634432
3636224
2367744
2926336
3727232
8226432
2623232
3423744
3642624
7669376
4639232
2332928
2793344
9284224
3423872
4434432
2239232
2372224
6226432
7732224
3779328
7992832
3286272
2423424
6223232
6362368
3332864
3227392
4336384
9924224
7892992
8866432
4948224
2922624
6228224
6483328
2322432
2773632
4863232
4284672
2232448
2622848
4223872
2422784
2223232
2324224
3743232
2623232
6236672
4242944
9224832
2492672
4242432
2342272
9272448
6648832
2423296
9439232
6332928
3234432
4246272
2927232
7423744
2622976
9248384
2664832
2932224
2342272
2386944
4227328
9432832
2922624
3444224
2233472
9428224
2332928
9663232
3242496
2324224
2423424
4383232
6622464
6329472
2223232
6327424
3822336
3276928
3327232
4372224
2228224
4228224
2927872
6242432
3248384
6924288
6262272
2292224
3232384
7222272
4423424
2242432
9294336
4223488
2366464
6678784
6486272
3223424
2623232
3226624
2474624
2343424
3723648
2229248
8462848
2639232
2286848
2622464
4822272
2427392
2228224
3222272
3346432
2473728
3733248
3693824
4772224
4292224
6822272
8222336
3247488
2423296
4949248
2727424
2923264
4863232
2233344
4226432
6226432
2422272
4922624
7299328
2226432
2236672
4268928
7226624
9924224
2847872
3332224
2632832
2238976
3333632
2223232
7222272
4324224
2946432
2329472
7243392
3844224
2239232
2332288
7992448
8363264
7762432
2323328
9223296
3332224
4323328
3228928
2927232
6422272
2223872
6926336
9667328
4663424
3339264
4632832
3468928
4223232
4244224
6222336
6367232
6772736
9844224
2437376
2422272
8322432
4642432
4239232
4742272
8442624
3346944
2364672
6434432
8223232
6663936
2362624
3423232
2842624
4484224
3242624
2743424
2934272
4447232
4228736
9279232
7622272
6762368
2274432
6226432
3274368
3322496
3239296
4223232
2278272
4223232
2249472
7327232
8623232
8623744
2423424
6447232
8644224
3922944
2324224
6322944
4829824
4442368
8432384
6423424
2727936
2322432
3743232
3229824
2342272
7434624
4843392
8267264
4223232
2326272
2482432
3344768
8644736
9244672
9622272
3724288
3243264
2742272
3287424
2233344
7269632
4344832
3446272
4332672
4649472
4679424
6674432
3924224
3334272
2636288
2223872
3386496
3333632
9242368
6443648
3222272
4228224
2247424
7832832
8222848
6342272
2422784
7342336
7343232
7372288
7346432
3276672
6226432
4466432
2823424
9224448
2262272
2693632
3724672
4242944
8223232
4923392
2367744
3393792
9272832
8424832
8238336
6927232
3332224
2427392
4722944
3422336
6342272
7444736
2372224
3348736
6242432
2226432
3439872
6373632
6922496
6422784
4722432
3822464
6623232
2322432
4223232
3243776
9293824
4342272
3824384
8723328
7474432
2442624
8327424
3322624
3922432
2223232
8732672
6283264
2844672
4463232
2822272
2242432
2283264
6263296
6727424
7486464
3638272
8683264
6377344
4372224
7834624
3829248
4729344
3263232
7623424
4734336
9364224
2268928
8792832
6774272
3842432
2363392
4384768
8743936
3222272
3924224
4378368
4393984
2296832
2332672
4633728
4636672
8342272
7222272
6223232
9722624
4244224
2366464
4822272
7444224
3624448
2483328
2344832
2273792
2222464
2292992
4329728
2744448
6293248
2233344
9929472
2766336
2226688
3332736
2783232
9327232
2332672
4928384
7323264
3887232
3223424
2242944
6644224
6222336
2274432
2233728
2932224
4927232
4326784
2372224
8724224
8476672
7228928
7237632
3244672
3732736
4434432
9362432
8438272
2223232
8636672
8262272
2262272
2687232
4382464
7323648
2322432
2229632
4229888
2274432
2222848
2233344
2393344
2436224
2277632
6386432
3793792
2224384
2223232
7837824
4434432
3348224
3823232
9423232
3223424
6226432
2434432
4272896
2322432
3638272
2887424
8223232
9332224
9238272
9823232
7482624
4242432
9222272
9433984
6432384
2243328
4292992
2873344
4298368
9226624
2496384
4232832
6463232
3462272
2666496
8923264
4682624
6726272
9239424
2382336
3342336
2222336
3279232
8229632
7224832
7942272
2326272
6239232
3937792
8644224
4262272
2727424
4724224
8342272
3242624
9432448
8883328
3332224
3636736
4294784
2226432
7299328
2742784
6332928
4223232
7348224
4639232
3297664
9236224
2276992
9326336
4223232
2923264
2927232
3924736
3736832
2273664
2962432
8782336
3922432
6662272
2239232
8342272
6323328
6726272
2994432
4263424
2362368
2727424
4424448
6678272
6222848
4496384
6633728
2822272
3333632
8967424
9332992
4279424
3272448
2422272
4223232
3279232
7344896
7323392
6223232
3622272
2773248
4838272
2223232
2766336
3463424
7762432
4476672
3373824
9229824
3342336
2322432
2332672
4246272
2744448
3384832
3327232
4372224
2296832
7242496
2224384
2722432
2936832
8229632
2332928
4326272
2644224
3826432
4249344
6722432
6228224
2842624
3663872
2293632
7822336
8342272
2238464
2324224
8473344
7237248
3239296
6433792
3322624
4232832
3724928
8729344
3223936
8323328
6667264
6282624
3342336
3938432
7282432
2722432
7386624
3782272
2484224
2223872
4746624
2748928
9272832
7237632
8223232
3634432
2926336
2664448
3222272
2292736
7222272
6437632
3364224
3434624
8242432
2436224
8292224
2242688
6873344
2489344
4227328
2324224
2482432
4434432
9223424
4423424
2263296

