6236928
2324224
6462336
7967232
7243392
3892224
2883328
8326272
8289664
4243328
4728448
4273664
3423232
7283328
4334336
3269888
2224384
7922432
9384832
2992384
4293376
3222784
2638336
6367232
3226624
6822272
2278272
3348736
6228864
3279872
3262848
9679232
3383424
2432384
3967232
2934272
4647424
2327936
2978432
4623744
8363264
6626432
6329728
2398464
2422272
2884224
8742272
2363392
8383232
3686272
7426432
4697728
2324224
7263872
4732672
3922432
2948864
4222976
3382272
4427392
4728832
4463232
2974976
3323648
2234624
2842624
9622784
3236224
2327296
7926784
2278784
6443264
3462784
8722944
2932224
2746368
9823232
7324672
2262272
7439232
2239232
6847232
2322432
2293632
2323968
7339648
6232832
3429632
2843264
3922432
6738432
7647232
9362432
2223872
4243328
2382464
4477824
2973632
3227392
2276992
2722432
2239872
3973248
8322432
4647424
8242432
3269376
4822272
7247232
6372736
4862464
3732992
3362432
7228672
3298432
6637824
3343232
8838272
9238272
6227328
3978496
4722432
6372224
7284992
7323648
3666432
2772224
4382464
9282432
4622848
3828224
2236672
2729984
4324224
3228928
2932224
6263296
6242944
2226944
9233792
4662784
6364288
8892928
8243328
3943424
4223232
2644224
4233344
4442368
2242432
6623232
9229824
3422336
3623424
2223744
8299264
4226432
6882432
7739392
4322944
2388224
7428736
3936384
3223296
9289344
9927296
3233792
2333824
9829248
3472384
2633344
3674624
2462464
2332672
2393344
6627968
6222336
2628224
9264384
6872832
4364672
4222464
8623744
4436224
2422272
9247232
2239232
4962944
4424448
3237376
3498624
4263424
2648448
2422784
3284224
3224832
3422336
3286784
6436224
2229376
8823296
8883968
4622336
6797824
6267648
7672448
2267776
9433344
8372992
2882432
7682432
2292736
6469632
2337792
2347264
8247424
4244224
2322432
2344832
4392448
2233728
4632832
2747392
3323264
3272448
9684864
3442432
3429632
2229632
2633344
4822272
4393344
4677632
7942272
3223296
7279232
2326272
3762432
3249792
2339328
7634432
2233472
2323328
4267264
8762624
2223872
6344448
8393472
2223232
4373632
2292992
6863232
3222272
2964224
6362496
2466432
2326272
3434624
6834944
2464384
2226432
7627264
2932224
3876224
4823424
4846464
4249344
7823232
4728448
7438976
7668224
6293632
8423424
3477632
2629632
3332736
3323392
4249344
2222848
3734272
2322432
7799424
2244224
3397632
4398336
2277632
7342336
2223872
2942976
2232832
4633344
4322432
6224384
6386432
7363328
3747328
4923392
8463232
3367936
6676224
6284672
6869632
7722624
6274944
3924224
6263424
8273664
8927232
3384832
6992384
3423872
3843328
3463424
8644224
2964736
9963648
2473984
3343744
3633792
2264832
8722432
3423232
8283264
4638464
2724992
3236864
4443392
2344832
2732992
2632832
7239424
6982272
4623872
7922432
6723328
2938624
3783936
9734272
2243328
4484224
2223872
2738432
2222464
2478336
9222336
2393472
2247424
6742784
2429824
2923264
8626432
3428224
6322432
9288832
3224832
2478976
7346432
3247232
4242432
3238272
2693632
7332224
3332224
2633472
7823872
7462272
3677696
4772224
2277632
3427328
3743488
9398272
2267392
7324672
9944832
9727232
3967232
3227392
7636224
2334464
7237376
2223488
2774272
6873344
3647744
2482944
2787328
3282432
3663872
4287232
8687232
2227328
2477824
8263936
9924224
4338432
9272832
3433344
2293376
6239936
7382272
2292864
9878784
6276224
2262784
3327232
3763392
6243328
7632384
2887424
6386432
2666624
6249344
7623424
6722432
2823424
3362432
8487424
2734336
4342272
4379264
2463232
2622464
2244736
6637824
9928448
3323264
6383232
4964224
3263232
3332224
3237632
2792448
7282432
2822272
4263424
2863232
8676224
2229376
2323328
7829632
3248768
9334272
3634432
8324224
9493248
6437632
2232832
6727424
2233472
3274496
4724224
3387392
2837632
7724288
2223232
3746432
7428864
3623296
4627328
6342272
2943744
8227328
2277632
7623424
2827392
2628224
4232448
4838272
7643392
3442432
6463232
3232768
3634432
7333376
8847232
2362624
2247936
2697472
4383232
3323392
2638464
2223744
6694272
8942336
4633472
6437248
7833472
6747392
3992832
2232832
9822976
2462336
9974976
4763264
2962432
7222272
2726272
7884288
4623232
7639424
3324672
3423232
4248832
2868224
6667392
3924224
9864832
2372864
7274624
7332224
4732672
2226944
3847424
2263424
2732288
2327296
7482368
2362368
2224384
3422336
8244992
6922368
7627264
2437632
8229632
6363392
4338688
3428224
2267648
3222272
7932288
2379392
6742272
4239232
2837248
4222464
4967936
9263232
4873344
2762624
2823296
9627776
6436864
4339328
7766272
3233792
2228224
4473472
9833472
3327232
7399424
6278272
2226944
4227328
7428864
3642624
7382784
4387328
4383232
2996224
4346624
4644224
3243264
2483968
2372224
2473344
4287232
7684864
4238976
2343424
2463872
3223424
4338432
6678272
3224832
4223232
8682496
4233472
7373824
9433472
7263232
7242368
6693248
2946432
8229376
7339264
2433664
7844992
9342848
9287936
4223872
2832384
8628224
7382272
2642432
3434496
7223296
2774272
4439424
2427392
3423232
8242432
3279488
2334464
7689344
2272384
4422272
7633664
3337472
8829824
7444224
4223232
4269824
2342272
2422784
2292224
3387264
6292224
6332672
7829248
2926336
4338432
6488832
2263296
9328768
7273728
3247232
3222784
2836736
7892224
6367232
4662272
8738432
3823232
3342976
3824384
2463232
7234432
7423232
3228928
2783232
2833792
2623232
9423488
6422784
2329728
7334272
3698432
6243328
2233344
4242432
2292224
2623744
7722624
2326272
2227328
6374272
2626432
7272832
4633728
2226432
3262336
2797824
2463232
4292224
6329472
3223296
3624448
7442432
2326272
6777472
2372224
7642624
4783232
8323328
8233984
3426432
2337792
9797632
7326976
3228672
2292224
2334336
8839424
3228928
4262272
8832384
9439232
3263232
2263424
7873664
7826432
2276224
6724224
6372224
3272832
2293248
9344768
2962432
6242944
3223936
4233472
2222336
2762624
2648832
9227264
6876672
8366848
4393344
8427392
3444224
2277632
3476992
2462976
7749632
2437632
2229248
3223424
3337344
3422336
6463232
7332224
2399232
3466624
7343232
7944832
6664448
6367232
7278976
3346688
4823424
2483328
6484224
8282368
6423424
9323776
9334272
7933696
8286336
2932736
7634432
3442432
3226624
9749248
2392448
3868672
3646336
9492224
8822272
3447424
8223744
6723328
2222464
3883776
4348928
4379264
2424832
6362496
7989248
4442368
6482688
4422272
2223232
3762944
6483328
2429824
7263392
3499264
3682432
3279488
3927424
4238336
8327424
2387328
2434432
3326464
4679424
2322432
3336832
2289664
2422272
2266624
2226432
8836224
3373824
4722432
7223424
7237632
4462848
7627648
2222976
3234432
7932672
4633472
8278272
9467648
3343232
2734336
3823232
3229824
6324736
2322432
3364224
3243392
2242432
8222464
9344384
4239232
4468224
4222336
9967232
2834432
8236928
7284224
2478336
3826944
4287232
4743424
6326272
3232384
6347264
2242432
6233344
8462336
6444288
4436224
6234368
6839296
2798848
8327936
2222336
4432768
8242432
4849664
2276864
6772224
4324224
9737728
7226624
6722432
3627392
6243328
6232832
7236224
2674432
2267264
3722496
8228224
3946368
4692992
4233472
8346624
2224896
3448448
3247744
3426432
3444224
2296832
4324224
2326272
2943232
2964224
7222272
7387648
2697344
2284928
7223424
3422464
6293632
3834624
2644864
4374272
6923392
2247424
7429632
2382336
2436224
6427392
3487232
2663232
2242432
2229632
6426624
2639872
7322624
3342464
4348672
3779328
8348928
4428288
2223232
2244224
6363392
3823232
3766784
3222272
2223872
9227264
2632832
4887424
3322368
7293824
6969472
4327424
3972224
8222976
2223232
2446336
2293632
3636224
9232384
3794432
7829632
6233728
4722432
3862272
7349632
2232832
3222272

