233823232
743928832
926239744
993424384
787474944
923724288
433332224
868622336
423988224
636324864
223972736
382793728
329682432
827346432
279834624
322228224
727483392
422222336
464274944
763868672
892639232
983338496
278674432
687422464
446277632
794642432
923344384
372734976
434279424
223327232
368479232
729424384
222222336
722847232
436282368
426938368
842267648
464679424
439328768
829497344
764276224
837432832
243472384
382239232
244636672
374692864
242422272
328438272
232638464
249477632
248346624
334249472
727322624
398324736
434322432
922364928
984933376
427747328
643982336
444393472
792372224
227828224
244667392
448267264
924283392
383627264
348323328
426933248
288223744
323642368
887993344
863224832
293842944
424287232
826322432
838266368
724277248
336223232
767643648
243383296
294449664
324282368
868286464
222623232
374772736
224369664
678239232
273363968
897332224
292726272
668243968
376338432
463429632
222864896
232348672
936433664
337247232
928822272
237392384
323994624
492732928
467382272
296297472
344489472
999222272
362933248
224887296
372942336
634962432
642234368
729823232
844792832
682343424
224329728
644222464
346842624
272927232
346473472
886633472
267322368
634266624
347449344
244882432
342623744
972827392
293684224
633422848
747333632
332393472
244946432
794367488
822236672
228276224
389492224
236323328
264287232
884378624
263224832
824466432
276329792
496373248
424628224
337243392
223246336
233483264
382782464
933323264
628242432
299273728
673622272
279826432
864886272
327632384
327734272
242622464
333327232
222239232
264223232
792244736
737367232
934737664
222283776
362293248
992267264
343729664
479779936
246672384
823962624
226933248
399373824
496722944
272223232
873733632
446793728
727227392
463632896
763226624
726262272
444287488
967222272
624692224
733822464
879373632
642282496
748342272
829627392
226763264
462879232
328372224
646628864
349279232
229686272
324242432
423222272
462897664
324963328
447222784
747276672
422838272
474322944
743924224
279663232
324732928
227774464
326286336
392282624
242873344
333644288
242297344
844222464
422263296
433397632
342376448
788283392
927243264
782672384
222777344
242324992
623493632
672762368
263438336
329434624
332726784
326732288
344927232
322322432
694326272
233227776
862482432
829223424
926478336
273972224
344233472
422843392
278247424
632227328
626228224
468327424
223262976
229363968
327826432
937464832
833247232
322228736
322424832
338399232
732729344
243474432
697332224
436363264
327486464
287627264
622833664
278733824
234622976
824244224
933343232
234834432
742772224
222646272
232927232
234343424
249882624
337643936
627282944
264292864
649733632
927844864
246349824
346464768
439998464
687476224
447493632
492283392
784246272
934239232
284347392
294964224
383437824
629394432
266932224
372222976
734329344
367772672
243233792
262299648
223786496
394292224
332363264
349999232
224372736
732987392
388344832
876222464
344884224
878932992
647273472
336844288
434386432
844434432
272786432
432923648
292724224
246477824
432272384
346343936
643423744
222439424
344436736
326439424
322322432
383924224
922728448
239743488
964342272
782226432
327237632
733663232
769662464
232794624
444724224
328466944
933274624
233739264
624282624
622264832
233396224
636229632
763743232
232298496
832274432
424333824
722932224
434763776
437873664
247822336
662332672
484342784
846836224
426292224
874932224
236432384
326262272
372324864
743926272
937273344
233383424
426232832
323774464
732344832
642932736
223736832
224483328
222772224
478838272
366646272
286329344
327479936
337422848
732236288
243367424
422776832
887263232
268724224
726243328
722373632
223439872
732923392
397236224
274343424
374992384
427638272
362228224
463839232
693773824
772833792
846226432
662923264
774337792
392927744
487862272
327422464
234727424
242292224
434873344
622332928
938847232
223429632
442293248
637323264
932293632
722962432
229837824
732647424
434228224
799648768
482443776
228722688
442386432
333428224
634382336
944436224
733877248
249462272
297268224
246823424
863263232
972342272
887962624
334239232
293242368
329439232
342733632
269472768
422367232
728744448
233882624
622669824
347226624
436447232
439932928
833396736
334377984
373222336
234228224
683834368
363922432
642277632
784679424
323483648
247243264
227894272
232927232
237479424
333497472
433434624
362262272
347326976
647888896
289462272
487263232
296722432
222793728
329247232
392446976
722729472
443282432
923343232
964493824
323794432
232377344
883239424
229332736
224933376
234324992
627986432
238222336
224692224
687824384
277243392
332944384
773837824
232223232
973244928
823647232
824229376
273426944
449823232
742324224
494836224
829266432
274793472
246734336
267444224
374668288
262943232
492726272
783243776
244442624
323239424
246243328
222964736
274834432
982623232
442437632
493347328
433932288
224334336
724242432
772434432
978962432
294623232
932242432
222373888
734923264
627343872
887327744
228277248
926239232
834322432
822324224
232843264
248334336
439392768
977234944
738232832
383263232
374223872
283262976
464247296
623649792
832668672
222837248
268622336
722742272
263868928
937326336
636263424
244327424
822836224
242783232
636444672
296223744
847222272
722223232
733242368
642474496
464229376
833333248
226363392
278244864
222633792
282748928
222866432
249272832
728297472
996663296
342823424
462262784
676323328
386422272
373342272
922343424
234424832
238243328
268263424
473247232

