
74346496
79282432
43934976
43262464
33748224
82383872
44986624
36434432
67463424
63732224
36247296
22343424
72483328
27249664
43743232
73496832
22328832
82292224
48692224
93727232
23934464
78832384
67222272
83336448
46222336
62482432
62774784
67689728
27263232
29993472
32363264
38862336
64334336
23922432
32434432
37672448
33929728
64224768
79263232
79442432
28244224
27423232
33272832
38262272
22879232
38422784
29622272
36466432
94723328
32274432
74228224
84263424
27222272
73343232
62823424
67327488
64383232
46462976
79733248
44622336
64699392
72268288
23378432
26729728
67342336
24633344
48246272
74793472
27734272
36684288
23822336
42636288
34463232
34943232
42268672
32263424
32246272
23263232
23644928
38243328
34783232
26642432
62324224
32287232
92222464
64223232
23634432
32487424
32334336
43423232
34422272
37492224
42363392
22228992
43222272
23927296
44396288
47666432
43433472
96423424
39732224
22847232
27222272
34324736
83623424
62972928
76372224
49673728
73274368
36239872
47423232
93736448
23372288
96248832
43922432
34633472
27436288
96948224
82382848
83292672
22322432
24242432
72999424
83963392
28622336
73687296
28342272
49342976
28722432
68222976
97627392
62422272
33237248
39337728
22322432
34424832
63277824
24336384
44429824
22687232
94324224
98232832
62283264
43463424
27923968
86484224
73487872
62836992
44244224
39423232
89682432
72223232
93323264
73332224
44323328
74299392
82879232
23826432
32223232
22332928
72236288
32379392
23226624
74334464
72423424
42324224
32432384
27422976
36927232
62834432
27222272
68233728
42228224
74322432
32333824
33338624
33279232
36696832
72223744
43636992
32982272
32733696
42223872
42439424
27692288
29383424
37332224
42322432
74842624
32244224
62247424
86623232
29942272
24372224
62266624
23327232
32727296
74344448
73727232
32372224
62473472
22232832
29482496
62243328
33234432
43834368
23333888
23246336
23337472
37663232
28333824
77242624
22226432
44476672
77239936
64243968
97844224
42339328
22349824
27627264
24272384
23222784
22226944
38324224
23272448
83474432
74622976
34328832
44677632
78392832
32363264
44283648
28622336
99432448
48244224
83674624
48393728
22222336
38947328
23222272
22627328
24927232
72344832
37337344
42444288
74343424
73228288
22962432
22392832
73336832
73234432
24468224
98962944
22322944
44327424
33242624
29663232
26326272
42642432
28828672
27273472
38692864
64824832
36622336
47344384
23263232
22932224
78872832
24927232
22243328
22364672
69496832
27467776
24333824
29722624
62863872
22226944
74923264
92223232
22239232
96244224
34723328
23222272
46482432
24726272
47324928
64282624
22923264
93223424
34396672
33293824
62683392
48729344
26876928
32999936
24233472
47779328
78266624
34624768
37842432
36722944
24228864
34343424
74332928
37236224
66422272
39679232
27267328
32827392
32473344
36242432
74939392
49724672
97424384
23342336
72323328
23732224
23634432
74292224
33334272
29364224
32263424
36823296
94362624
43738624
39826432
43483392
26386944
28763392
42962432
23243776
32986624
32223232
93663232
48622336
22738432
22943232
32383232
23646976
49332224
46437632
73334272
66322432
43867392
49238272
23994624
92429824
76623872
37864448
92233472
26747392
23284224
66332672
27322624
83222784
82678272
72223232
64927232
43639296
32822272
44976384
28236288
72662272
63926272
32374272
22623232
36374272
33462272
47243776
64292864
78623232
76732672
23829248
23348224
22239232
23924992
78326272
22424832
22369792
46674432
32479232
28762624
83643392
68276224
32982272
92844288
22392832
22324992
28726272
24632832
43423232
23737344
32223232
74223872
23397632
47277824
83892224
37364224
39222272
92246272
22222336
29242624
42624768
44472832
26322432
47924224
47666432
93748224
63796224
78323968
33243392
33429248
66644224
26428928
44342272
32639232
24948224
33263872
42343424
82623232
73334272
33837824
34422272
78324224
72442368
33293824
33247232
68922368
92677632
27732224
62283776
68447232
64374272
32242432
27623424
32427264
34422272
23222272
24782336
34232832
22322944
84662272
42332672
22292992
32246272
23333632
33448448
37947392
48438272
29332736
42384384
72436224
36724736
49887232
62437632
76372224
62294272
32246784
28242432
62428672
82332928
36628224
84327936
34233344
22776832
88223232
92729344
24643328
99292672
62424832
79282432
32377344
37332224
76246272
92283392
22772224
26949632
96722432
37332224
23232768
38932736
94283264
63783424
94272768
68493824
26443776
32282624
42868224
62476288
32246784
29289728
29823232
23282432
32722432
26678784
77433344
66226432
42638848
23337472
92223232
48233984
63444224
26788864
28432896
73622272
28639232
42424832
62623232
32629248
42446336
27493376
96228864
32343296
63222272
73332224
29263872
43423232
33974784
62462464
32643328
22222336
22738432
32242944
24223232
37364224
49287424
46249984
26322432
93247744
32622336
22277376
32263424
92937728
87327232
24479232
36743424
67429632
27469824
63382272
42932224
64927232
34444288
22222336
28793344
39323648
22422272
33624832
22642432
87273472
83726336
24776448
23373824
22294784
37787648
23284224
29332224
73993728
43783424
72722432
23222272
39824384
29942272
88622336
22267392
94787328
23397632
64728832
84822272
32924672
33422336
62422272
64267264
49979392
42684928
28692736
26674432
26222336
23423232
34478336
76639232
83724288
93362688
33242624
74774272
23263232
74832384
23932672
32244224
83249664
26994944
66293248
36634624
23378432
49223424
98446848
37342464
72229376
27423744
72464384
94367232
63263232
29494272
22236672
44434944
72374272
32794368
27472896
83333632
77432832
43743744
72222464
32438272
42223872
76323328
33727232
36283648
26228736
44242432
73842432
94463232
22943744
29323264
23222272
47382272
64229632
28372992
72244224
63423488
73429248
63732224
43743232
32224768
24276224
96923392
94239232
48436224
33293824
26793472
74922496
33462272
73332224
29323776
28442368
22632448
34823424
43666944
48223232
28242432
63324672
33468928
28242432
29326336
82223872
22742272
22399232
24923648
33234432
63482368
38247424
63662848
24333824
74239232
29972736
33462272
22226432
22644224
43647232
86322432
63429632
43288832
28323328
32344832
42642432
23732736
92462336
88223744
89336832
42932992
96442624
32794624
77236224
32924672
23247872
24242432
29233664
68263424
32937472
22224384
22734336
26247424
38783744
24927232
37338368
84483328
22224384
44472832
28244224
69364224
28698368
47892992
62264832
22267392
92232448
42268672
32822272
92276224
34422272
22326272
37883392
23277824
26644224
29266944
26299392
24978432
26394368
32338432
92833792
62222336
92233984
33872384
22633472
33236224
34322432
88393728
27647232
37234432
62642688
83237888
62974336
23333632
27832832
29362432
32223232
22428928
29262336
63423232
72677632
46262272
62294272
32483328
64392448
36728832
36264448
26484224
34462464
36338432
74868224
63323648
23732224
36673792
32427776
26243328
22322688
64722432
62398464
22239232
42962432
73737472
22932224
87634432
22249984
44383232
86233344
37278464
22964992
67446272
22623232
48424448
24922624
32244992
32333824
34328832
23783424
39674624
47222272
24447232
22392832
44822784
48227328
27442432
22228224
22783232
32223232
42768384
74427392
36626432
48223232
74932224
39642624
32722432
42296832
22249472
33262848
97238272
33244672
76342272
73262336
37347328
62633728
73322496
22324224
62244864
32722432
26742272
67322368
33278464
43977728
42742272
82428928
32472832
38297344
32446976
44342272
43327744
49723392
68724224
72327424
24822272
32969728
94277632
22738944
22437632
63839232
64833792
98234624
39329792
33628672
23224832
97363968
33289472
37344768
27243264
36447232
23634432
76347392
68293632
29224448
24746496
27423232
79262464
82292224
73774336
62324224
32698624
43484672
23284224
24348672
33234432
89942272
28229632
22836224
86264832
28629248
26267648
26332928
32372736
77223424
33424384
48246272
44293632
34834432
44724224
29492992
44776448
43929344
23428864
63282432
42292224
33332224
44237824
24372224
77776384
42324736
78382336
24379392
82286336
47732224
23943424
42484224
73339392
89663744
42363392
32274432
62334976
32729344
23324672
76242432
94223872
48237824
27228672
66234624
42943232
22742272
22677248
64346368
33426432
62267392
24327424
39726336
22646784
63367424
44423424
42363392
29639424
66898432
72327424
43282432
47794432
92472832
32246272
36483328
33322496
89844224
32664832
46328832
24372224
42226944
82238976
63333632
42268928
93323264
78292224
62943232
23789824
23263232
43249664
62482432
42326272
62874624
82469632
32233472
22467328
33433344
32438272
67932672
36289792
92229632
39934976
23732224
22463232
42473984
63294464
37464832
94247424
72293632
28476928
24433664
36363264
92283392
43284224
26234624
32444672
28222464
23743232
37332224
68447232
92222464
62239232
88647424
23967232
32889344
27723264
23222272
38293248
23327232
82697472
43384832
42233344
73833472
33724672
63227392
42386432
42337792
28442624
24268288
43423232
64223232
26623232
43229696
37622784
42286848
36233728
93786624
36366848
22932224
39492864
27433472
24232448
26248448
22226432
34629376
39839232
32728832
33428224
92427264
68823296
24287232
23337472
23973632
22779392
63262464
26226944
28622336
92232448
43333632
34843392
48863232
23222784
38842624
32223232
24762624
86324224
66872832
83832832
24933632
73332224
37242624
79272448
24822272
33876224
24628224
62644224
23476736
64776448
27833344
37624832
77233664
36649472
23269632
63422976
27263232
93236224
69343232
67962624
73343488
63348224
24626432
84383232
27373824
43623424
37684224
76434432
94326272
36668672
39248384
83327232
44342784
22829824
32884224
76327424
22392832
77273344
84724224
49362432
46924288
36677632
36428288
37823232
48462336
49279232
98273792
23437824
74727424
62943232
77343744
43384832
93943296
32224768
22292224
34267392
48489472
42244864
74232832
64779264
64329472
33243392
23642624
22932224
24237824
82637824
24724224
22322432
22234624
42296832
24244224
82322432
48633344
46222336
83339264
44927232
32698624
63222272
26344448
38494464
38324224
23369472
29663232
28662272
82623232
62422272
26243328
42492928
92223232
34847232
32973824
64372736
47323392
26422272
43284224
42939392
48443392
23634432
26446336
22776832
33722624
22437632
22644224
47222272
49332736
37347328
86382336
28383232
48233984
72244224
32722944
84266496
32223232
49632768
36244224
22426624
24436224
72822272
26226432
23679232
23263232
62326272
32282624
26292736
29262336
22364672
86449664
22239232
24376832
38926336
86322432
34228224
33332224
97333248
93224448
22634496
43222272
47322624
62224384
43239424
76433664
32227328
67226624
23227392
42663424
22862336
87743232
28383232
29323264
22294272
22772224
36223232
93227264
24333824
46623232
79742464
43984384
26373632
32223232
23843328
24222976
69823744
43962624
64487424
22267392
23222272
38334976
28277248
38424832
32372224
42324992
24927232
34748672
22294272
32633344
22293248
72666624
32273664
24249344
22324736
34333696
92246272
38226432
62423296
63647232
48479744
84442624
33329664
32223232
32922624
39224832
22332672
27482624
83342336
92726272
62774272
82723328
22223872
28286464
94844672
28236288
37929472
99237376
23989248
33823232
24242432
49323264
74723328
64822784
28347392
48922624
32423424
47224832
63732224
42382336
26292224
63373824
32683264
98463232
67442944
93846272
32274432
22974464
37383424
74297344
43623424
46492672
37332224
83482624
24334336
22437632
43826432
44223744
32676864
48799232
27322624
33383424
23286272
32722432
74279424
33642496
49972224
24346624
23272448
44224768
34862336
26742272
72372224
66292224
22232832
73844224
43796736
78426624
62339328
34343424
33387264
27326464
24336384
33464832
38623232
82422272
93343232
23228672
44338432
83834624
84223232
62928384
97934336
33823232
32287232
48229632
38224384
37343744
49942272
63647232
93336832
27442432
64227328
92323328
82422784
38239232
42272768
36884224
23927296
22322944
92242432
78322432
63822336
82239232
23843328
29247232
27963392
32223232
23734784
44982272
22823936
82964224
44922624
23476224
29234944
29423872
94847232
49447424
38226432
94324224
27994624
92643328
72223232
73436672
43224832
24244224
82364928
28682496
24223232
67674624
23448832
22247424
26424832
27638272
43327232
96264448
48437248
26349824
72233984
22627328
33383424
27433728
47732224
23282688
62887424
23233792
26343424
48272384
82329344
44726272
29233664
83222784
73272832
42934272
29799424
34277632
62262272
64724224
72732672
79227392
28822272
32222464
23444224
73347328
66746368
74969344
22383872
48327936
24223232
33439488
32447232
27222272
24284672
68276224
78322944
24487424
73443328
42623232
48372224
32242432
73396224
23444992
74262272
34233344
73679232
24724224
76699392
43222272
48282368
94787328
23833344
22842624
38322432
96233728
26742272
24276736
79332864
63222272
43623936
96223232
82226432
43263488
26823424
29236224
98622464
32223232
47337472
39327744
23732224
22332672
33232384
83226624
28773632
24223232
22367232
32244224
33742336
32342272
66343424
43922432
62436864
28432384
33882624
23263232
24339968
27263232
28628224
32978432
34723328
32346624
48433664
42223872
22793728
23433472
38879232
36223232
22923776
32244224
62223872
62222336
68722944
62932224
36238336
38846464
28293888
94932736
36233728
42322432
27497728
63637248
83743232
98729472
28242432
22382336
34282496
29622272
24726784
22224384
22426624
69223424
36623872
27833344
42228992
43322624
24338432
22484224
84626944
22442496
82322432
64443392
22774272
47372288
24722432
67922432
99343872
38934272
42848768
73983232
32633344
83333632
27236864
38264832
24223232
26292736
32873984
82233344
33748224
33934336
84473344
73823232
26292224
68293632
27378944
34623744
24763392
22249472
39924736
26383872
37972224
33437696
44939264
37422336
24282624
22279424
37337344
94222336
93843968
73663232
72228864
72272384
72463872
34382336
93927424
24242432
38284288
97462272
47832832
28263936
23483392
33492224
32924672
28472832
32342272
62223872
46422272
42742272
29372928
33332224
46949632
42934272
24666624
37343232
84287232
72743424
26322944
94262272
47962624
76276224
33264384
22943232
23292928
72626432
43449344
64436224
89622272
43222272
24227328
37496832
62322688
72922624
82243328
47627264
62324224
72639232
62428672
29383936
49977344
23463424
22322432
24372224
28867328
92622336
47239424
32233472
84223232
24244736
49626624
72347392
92238336
32333824
72327424
72378368
84792832
22934784
26422784
28687872
42239232
83847424
22943232
63632384
26367232
24432896
44429824
22324224
43333632
63263232
33234432
26723328
32372224
22733824
44276224
23924736
33234432
24628224
34773248
24382976
67743232
23924224
82923264
44923392
47223296
46332928
22637824
93323776
48662784
27623424
44634624
49268224
23883264
78623232
34326272
22422272
46943232
92626432
33326336
34223872
42399232
22674944
28293376
73428224
37494272
38893824
48276224
22239232
33294336
72622336
36447232
82367232
32374272
73424384
82484736
74236672
62634496
62262272
93343232
37332224
43467264
46964224
23378432
32336384
32233472
34292224
44343296
43964928
24274432
83424768
38238464
62838272
46932224
27822336
23226624
93223424
36276224
32863232
22492672
84487424
46226944
28942336
36436224
82322432
38392832
93262336
42373632
48244992
39832832
62674432
32283648
34443264
92767232
42629632
73247232
24284672
23284736
37746432
44923392
22428672
32442368
22776832
23476224
38232832
74962432
32246272
94923264
28363264
39327232
62733824
29274368
23423232
44222976
32338432
22862848
42433792
74332672
97887232
22388224
23826432
49237248
92682496
24693248
72297984
64223232
42994688
72239872
23486464
62687232
88223232
89846272
44329792
34682368
63862272
33483264
78239232
92447232
38633472
43476224
79263232
37343232
34234624
93422848
83232768
33684224
22747392
22239232
32249344
29247232
84227328
83986944
43924224
36822784
26324992
63222272
26622464
96234496
34842624
93628672
26772736
73942272
76447232
72474368
92372224
64244224
46932224
24233984
32299264
64427776
23237632
22642432
72446464
32423424
23482624
63743232
98463232
64436224
62234624
43694336
42222336
88242944
69333248
43879424
78766336
22228736
63442432
47267328
33823744
38366464
62646272
32227328
73439232
22823424
48442624
82322432
26744832
92846336
86229248
39228928
73227264
34324224
24372224
39222272
72223232
32874496
72244224
26322432
34343424
36223744
42647296
23634432
63282432
33663232
24297472
82292224
92662784
26637824
73362688
29239296
64223232
32223488
82873344
42222336
43726848
36722432
97934336
24323328
77622272
72323328
78239232
48223232
24446464
32387328
24428288
22239744
94322432
42222336
29723648
24436736
74292224
22762496
72833792
42623744
22239232
28276224
68782336
39327232
36242944
23222784
72244224
64372224
27834624
23369728
92472832
32884224
34329344
32223232
23227392
76383232
99224832
26243328
23246848
33846784
47423232
32223232
22367232
34272768
22777344
34322432
23922944
32479744
36323328
63922432
73722624
82633472
66347264
22693376
83332864
76743424
32223232
43322624
32692224
29373696
24432896
42324736
39822848
23826432
46644224
76244224
63377664
28626432
37732864
72724224
66492672
33428736
73462272
39263232
73982464
22324224
86623232
22623232
28444672
23634432
22724864
22322432
23676672
67262464
28328448
22264832
77372928
46943744
64624896
28223232
34663936
28383232
44436224
63327232
23332864
62827264
88837632
87243264
83222272
34348288
62343424
42367488
34364672
22239232
43839232
23222272
24278272
43489792
22966272
24743424
69323264
23327232
24479232
22422272
46836736
79272448
42443264
76222464
26332672
48246272
33223424
93323264
32973824
22233344
22422272
73362432
26326272
44222464
73743872
27224832
22733824
34263296
62226944
83279872
22927872
34322432
34262272
62966272
46846464
32383232
74222336
32696832
77223424
72722432
22923776
23237632
27433984
24342272
44474624
33238784
93492224
83229696
22322432
46222336
23726848
73326848
34234624
92683264
46623232
23489792
42676736
44282624
88722432
63222272
92333824
32297472
39926272
66233344
24886272
23226624
28383232
32223232
22793728
74632448
34427392
76223232
79327232
23292672
86222336
23647232
26322432
36922368
92468224
62324224
44277248
62333696
23633664
23337472
26292224
92327424
23423232
27994624
22364672
42367232
86322432
73223424
49483264
77236224
92364288
32233472
29234432
27327232
62226432
49236224
87399424
24782336
42322432
68229632
24223232
23734272
86226944
93273344
22328832
46286336
43222272
48242432
27327232
48383232
32233472
22249472
23433472
22943232
22223872
49724928
84729344
42843392
43438848
66249728
26386432
26743296
22228224
87226368
22226688
36438272
62239232
49938432
66222336
37927424
24223744
69974272
76242432
76229632
33782272
22222336
32287232
42239232
24383488
46332672
23383296
22729728
32223232
76242432
77433344
27442432
24242432
22932224
23924224
69273344
22923264
38623232
44623872
42277632
24282624
32724992
22234624
96263424
43828224
63363328
32473344
37686272
83286272
38622464
24722432
69627392
22247936
23237376
44862464
62623232
63286784
22964992
49727232
42386432
23348224
82642432
62228224
27423744
73332224
29433344
29347328
72446464
32922368
26322432
24233472
46482432
63382272
63399424
22222336
46222336
86392832
24439296
63242496
23988224
87332864
78674432
32372224
42293248
26426368
23327744
72334336
22377728
42443264
23476736
37493248
96388864
43427328
32428288
23623424
24334336
72223232
42326272
24927232
32393472
42399232
32794624
43342336
26484224
77283328
29279232
86226432
27743232
97343232
22324224
29933824
23339232
37332992
66422272
96373248
27277824
33332224
24342272
44233472
33728768
66337792
37372672
62422272
36933632
93923328
79327232
27922432
72223232
72743424
63967232
73268224
24223744
24479232
72282624
42232832
32246272
32324864
33236224
73823232
32632832
77272832
82932224
26463232
23232768
68282368
22222336
74834432
22329344
33829632
63732224
73334272
36222464
74832384
49447424
66232832
23322624
99222272
29663744
78343936
22283776
23284736
68323328
28427264
69232384
78838272
76342784
36626432
42343936
33374976
23444224
92223232
37434624
37443328
82388224
36647424
72223232
46247936
42932224
24372992
22623232
43244288
32223488
34222336
33226496
33423872
36297472
44479232
92739328
28232448
88434432
33343232
73829632
66733824
62223872
83429632
64223744
93233664
63222272
62322432
69438464
98262272
49882624
23836928
44649472
89742336
87239936
44297472
72466432
22234624
82683392
44447232
24372224
42424832
32233472
84694272
32223232
28383488
22332928
37639424
32634368
36728832
44982272
26326272
64922624
63327232
38326272
33322496
63273472
42844928
36223232
22732288
28773376
22732288
72372992
77226496
22223872
46693632
69422336
62847232
76722432
42644224
32927232
47222272
22834432
33626624
66363392
88338432
39826432
88722944
26622976
37982464
22932736
37223424
37424384
67833344
97462272
64632832
47222272
36692224
32436224
47223296
22642432
32233472
23284224
22234624
33642496
94823424
34866432
23323392
24242432
24332288
77929472
23926272
82422272
73642496
34738688
22774272
22224384
32722432
28248832
28423424
64323328
74923264
29927936
42447872
28234496
83297792
98226944
32263424
33247232
62239232
82322432
22476288
92299264
32374272
72274432
32442368
47623936
64694272
77426432
32944384
49326336
36232448
22222336
32227328
44283392
93233664
22823424
42448896
33393664
26638336
47327232
32223232
32227328
92276224
72374784
24628736
39222272
24863744
94367232
72822272
24383232
43222784
33823232
37428224
24694272
36327936
22883328
63327232
22633728
73622272
43624448
22367232
47922944
89733632
37236224
32387328
34464768
72223232
32937728
33228288
23222784
22783232
29823232
68622336
22229248
32274432
62377472
32878336
94343424
46422272
43664384
42222336
72333824
46943232
92342272
44342272
68724224
86223872
36434432
96884224
26644224
38322432
83222272
62247424
33733632
79223296
39662336
23922432
82236928
24223232
72863232
44242432
34674432
34228224
92726272
64626944
77236224
88423424
66334464
22322944
72277248
22226432
32692224
92287232
37343232
92724224
63222272
36447232
33663488
78239232
43498496
24279296
73449472
22239232
32982272
82292224
37262848
32244736
28372224
72272384
26428672
72832768
93646336
23224832
79674624
66486272
33364224
22234368
33343232
77622272
33422336
26223872
78392832
32293632
92372736
47934464
42263296
33786624
83638272
23828736
62437632
32272384
26783232
76466432
63892224
44263424
94249472
46962432
42222848
26622976
37626624
36346368
24232448
42332672
26934272
22923264
43476224
24724224
33337344
34268928
34443776
23476224
48629248
93426432
32663296
49247232
47222272
33238272
23333632
93749248
72826368
93279232
68222464
84233472
24822272
33223936
39222272
46748672
23224832
63349248
42723328
22996224
68223232
83423232
74462464
44627968
96463872
23723264
92242432
37622272
22646272
44229632
32764672
27382272
24238336
32332288
42932224
72223232
63886848
82847744
37462784
39243264
73343232
23224832
99282432
33332224
76622336
33342976
32479232
26292224
64274432
29272832
34484224
43877632
48282624
23442944
62943232
23332864
26422272
42267392
22484224
83323392
28293632
62232832
32246272
22327296
44423936
69268224
43673344
26448384
24372224
26923264
64933632
34734336
92773632
77223424
98324224
34294272
23422976
42386432
43272448
23228672
23826944
43273728
26324224
84724224
37426432
62324224
32423424
23472384
24739328
24722432
66232832
42364672
23892992
37846272
93336832
48423424
27432448
64739328
39638272
23284224
36223232
24248832
27233792
62623744
34292224
28327424
34224384
22622464
27922432
28446976
22878464
23922944
26294272
32643328
48843264
43322624
23864832
99368448
22983424
63736832
38446336
62462464
88223232
42382336
83633664
43922432
43222272
22437376
27683328
22332928
32932864
86836224
39883264
43423232
44342272
63246336
22443264
32323328
93268224
42437632
43222272
47327232
29266432
92327424
22324224
78772224
37242368
24232448
34633728
83967232
34263296
23373824
32242432
84342272
77846272
34423296
98693632
42447872
66322944
42893824
34322432
33288448
29234432
27937792
83847424
33923328
23269632
74228224
33486336
38923264
33224448
77364224
79862272
62427392
72822272
94364672
22494464
47374336
64323328
39222272
32282624
49343232
86422784
22228224
73234432
22222336
22834432
83429632
87224832
32823296
23222272
97242624
32222464
63222272
36383232
84242432
32423424
62292224
84337664
28923392
34228224
72223232
32263424
34322432
32639232
32436224
27337472
32724224
32729344
22486272
32436224
24443392
24338432
49723392
83732736
33424384
43282432
89247232
67478272
92837632
94424832
43262464
26929664
93887232
23448832
84423424
38422272
93433344
29343488
33289472
43662848
72244224
72383232
28923392
89232384
29237248
32223232
98843392
62424832
84472832
64426496
78243328
68622848
32229632
22327296
23772672
26343424
82267392
69326336
44442624
37242368
32344832
66832896
32863744
84372224
23647232
93983232
23222272
67243264
22674432
42462464
26334464
34262272
44982272
84443392
33234432
43327232
32223232
34249472
74873344
32823296
23272448
33439232
72433664
38972672
43348224
64722944
38482432
34228224
47282432
93722624
62226432
66239232
27282944
22243328
24822272
22422272
23346688
32733696
22793728
42339328
37332224
27222272
22774272
78433792
69298432
22228224
27322624
42262272
22264832
24276224
62322432
62222336
34324736
29223424
64884224
46324224
62362368
93492224
46823424
63222272
82233344
22777344
72762624
29428736
24248832
48447232
28634624
97663232
62236672
42422272
23832832
22324224
24223232
62772224
74228224
42332672
24434432
63348224
62288384
38324224
23964928
63222272
23284992
22642432
23292672
62224384
32347392
32336896
36222464
23423232
24227328
88244736
22667264
79222784
47333632
24263424
74339328
32398336
29622272
22264832
36244224
23678464
76328448
42638336
87243264
28378624
22296832
26962432
76423936
33439744
96223232
38836224
26424832
32223232
99262464
32822272
27263232
24327424
73833984
82463744
84982272
22379264
28342272
63642624
98322432
73332224
72722432
22326272
48647424
24374272
96622848
42644224
42444288
72423424
34422272
92284672
67322624
63282432
74292224
73429248
94824448
37426432
32372224
22442496
72274432
44986624
28884224
63647232
26238464
93337344
44473344
32276224
24963328
67734272
38292992
64822272
26326272
33332224
72424448
22367232
23337984
32643328
38833664
32244224
28432384
23732736
32223232
36223232
34228224
32442368
23724288
42737664
66226432
22324224
67278336
72479232
32822272
44627968
34962432
22262784
47442432
32223744
32244736
63333632
64224768
33234432
62642432
28447232
26843392
42322432
37236224
46247424
27263232
69837824
28327424
22847232
24493824
42249728
63322624
22446336
83282432
32223232
23263232
74239232
24923648
38422272
22223872
23463424
93237248
42373632
22738944
22642432
26742784
92363264
79493632
23363328
32227328
39926272
39246336
46366464
32223232
76827648
92244736
32242688
86324224
33342464
32323328
63322624
27368448
22239232
36942336
84329472
22222848
76942336
33422336
83327744
32233472
84437248
22682624
33268224
76922624
42836224
22667264
49238272
49362944
42322432
42638336
23926272
32223232
93332992
38326272
72447232
42742272
94473728
69432832
24622336
22446336
44923392
36827392
87284224
46283264
62633984
77622272
72372224
62243328
73364224
93396224
24773632
22286336
63973632
36342272
22239232
46463232
94943232
24223232
72242432
66292736
83723264
34772224
87423232
24374272
26472448
48327424
84263424
26939648
68387328
72773632
22742272
23222272
26422272
66744832
67444224
74292224
22932992
24732672
92244224
32372224
33492224
44282368
32223744
43222272
48664832
36223232
72628224
98723328
62239232
22866432
22484224
47323392
34424832
94388224
63487232
33228288
36333824
24442368
42232832
74324992
64724992
33426432
49727232
83484672
32224768
72622336
32342272
22384384
23847424
62234368
32383488
49343488
46244864
88722432
73334272
72233728
62422272
42343936
44278272
94932224
74427392
26294272
37343232
32628224
77333248
27363328
64737792
32773632
26484736
39647232
62426368
84792832
63327232
67748864
28436224
84293632
22442496
29929472
34232832
62262272
22224384
92233472
22243328
36988672
22872832
36767232
33742336
36283392
22378496
73332224
47284224
24438272
29842432
42629376
42226432
24249344
23237632
82832384
33279232
83623936
42228224
73322496
29323264
49244672
72374272
73428224
83263232
22632448
24223232
74239232
22322432
22673664
74783232
44644864
39277824
73486336
36372224
22244864
32223232
43232768
23884288
23222272
46222848
84229632
42362624
27322624
32287744
24442624
22226432
23432448
33842688
23839232
42232832
72662272
34343424
64693248
62292992
23423232
33343232
42674944
23479296
26239232
32722432
99743232
36792832
42747392
22842624
36662272
72334336
33927424
34237696
42239232
96726272
29279744
69343232
63263232
82294272
33972224
34344448
96436224
64863232
33234432
28473344
98742272
27636224
83222272
24242432
23222272
43273728
46422272
26324224
46772224
22324224
23222784
42842624
26439424
32739328
23423744
62334464
32692224
22388224
26343424
88283392
62322432
46322432
83284224
62623232
33272832
89332224
63828224
22773248
63262464
27243776
49844224
32223232
24327424
96223232
44622336
63282432
38823424
42373632
82422272
63422976
22232832
26222848
33338624
73234432
39228928
79323648
23476224
33273344
76926464
34687232
22429696
27429376
32442624
22324992
22386944
62874624
22234624
28944384
24333824
44927232
33294848
22623232
43324928
39284224
96724224
29223424
22373632
42832384
24393728
23327232
22347264
93438464
66379264
32327424
32242432
84434432
72438272
24332288
48466432
33362432
44232448
63823872
72328448
49622272
62926336
42222336
62322944
22742272
63348224
42224896
63237632
44423424
22393344
82222336
63423744
82324736
48443392
32628736
43939328
24722432
46263296
42292224
34932224
42292224
42343424
87828224
92372224
76222464
23227648
32886272
98829824
78326272
62322432
43783424
97234432
29234432
82422272
37332992
47228928
82233344
37323264
36242944
43327232
37224448
34622464
26324224
66782464
24487424
24722432
72242432
24474624
22264832
27474432
47342336
32372224
22932992
49247232
49429248
92447232
96372224
73324992
43638784
22422784
34763264
23924224
63348224
74783232
22732288
28762368
22676992
63473664
64468992
32223744
32466432
96694272
66343424
72373248
22229248
28283392
92436224
34343936
34233344
28443392
26332672
42222336
62347264
82422272
34839296
62642432
22232832
72232448
32242432
93663232
64823296
84264448
22836224
83766272
23827968
67282432
43694848
34843392
83242496
39286272
33844224
24367872
28743424
42623232
62343424
27226624
88223232
89742336
38324224
34322432
32469248
93279232
47743232
83222272
27263232
82627328
72423424
24272384
46343424
62627328
26926336
62863872
33938432
26623232
26437632
63263232
62388224
22222336
62623232
63222272
23337472
72732928
23722496
72662272
44383232
42943744
92242432
72437248
42489344
22262272
88244224
39433472
28843264
28342272
36323328
74228224
33637632
34467328
67833344
22292736
33434624
22926336
42273792
62232832
97237248
28922368
79322624
64423424
36442624
63284736
68822272
34783232
22399232
22322432
32634368
42322432
63423232
32232448
22363392
93772288
22933248
66388992
32372992
48246272
34228224
43999232
26228992
94332928
23284736
32423424
28222464
32722432
64247296
77234432
77646336
33244672
63384832
74322432
47273984
77622272
32382464
42232832
98923264
22326272
37262336
63926272
22996224
92242432
74322432
82484224
98296832
42399232
47342336
22247424
46324736
93364224
66382336
33882624
23246336
33232384
73439744
26292736
62388224
24223232
43796224
72223232
26232832
36432384
43828224
94943232
26629632
74329344
36432384
46222336
23286784
72822272
32239872
24373248
82623232
93343232
22339328
42324224
68223232
34332672
46943744
33823232
63922432
27274496
32346624
23373824
22923264
22422272
83327232
26463232
43282432
22733824
47227392
26383872
24763392
22267392
24462336
22226432
46332672
93327872
22228224
72373248
32229632
44334336
32882432
43272448
38223872
48633344
33723392
68329728
38346496
93323264
24323328
34373632
32246272
24232448
24282624
62887424
23382272
33797632
42238464
34683392
46846464
42443264
36647424
63286272
33823232
32848384
93232384
22469632
23243264
22324224
84244224
43432448
32223232
29822464
22239232
79427328
33436928
62969344
73387264
22623488
96223232
34943232
64246272
33273344
63843328
78623744
39634432
24269824
32724736
27344384
22443776
23322624
26463232
39636224
22262784
73727232
23228928
74934272
26243328
43242496
23444992
34492672
73236224
88277248
62343424
69223424
72324864
22236928
46239232
82422272
72223232
74322432
72438784
33247232
62642432
22292736
62226432
32383232
37426432
43493632
23284736
43723264
93293824
74482432
63248384
29924864
33278464
74262272
92274432
33432832
23794432
82322432
28884224
62932224
23634432
78823936
22398464
63762432
44442624
23222272
22672896
62623232
82322432
24232448
23638272
36278272
22234624
98222336
33727232
22623232
72822272
32664832
33682432
24372224
62222336
98296832
72223232
92393472
66382336
34932224
23363328
72696832
34322432
43282432
32724224
32393728
34426624
47437824
43346432
33343232
37722368
66844672
92442624
34422272
32222464
33232384
23433472
63222272
42239232
23472384
27423232
36982272
43444736
42446336
34623232
42642432
63273472
87282432
22492672
62392832
32432384
62322432
33426944
32286976
42467328
22623232
63263232
73236224
72633344
33274368
92229632
22243328
26463232
36728832
72376832
74737664
33264384
24272896
23333376
23369984
42326272
27226368
33274624
82937344
22424832
84248832
68436224
22322432
43828224
22236672
42623232
23766784
22422272
37243648
22324224
66437632
27832832
24276224
34484224
49663232
22224896
36666624
22234624
27736832
64479232
32223232
22292992
23423744
72722432
23222272
23732224
23284224
23862272
42324736
28333824
77332224
63243264
92724224
22226432
24827392
42333696
23423232
22329344
33343232
23372288
22322432
43342848
26742272
82673664
24666368
23463424
88228864
99423232
42223872
22842624
34428672
84342272
24223744
66448384
72272896
32284672
77238272
46373376
63627264
22324224
62292224
74324224
23626496
48382464
44639232
74672384
23333632
33963264
98633472
72269824
24223232
43862272
42324736
32249344
23463424
33622272
39243264
26393344
36342272
38222336
48423424
32632832
24293632
27329792
32233472
94632448
63423232
32476672
22268928
43627264
43423744
44347392
82623232
24722432
47324672
22292224
22964224
64232448
42633472
42343424
83662336
24824832
64227328
48632832
47824384
72343296
44242432
93332224
82623232
84244224
66422272
64423424
46334464
33349632
63228928
47442432
74228224
23373824
34638336
22874624
77722624
83447296
34294272
68722432
24223232
23476224
42463232
23323648
63444992
26228224
26766336
22727424
24679424
76222976
23244288
98226432
79474432
39433728
48363264
32992768
73374464
32287232
33227264
22324224
42373632
68242432
33244672
82262272
37342464
34943232
24287232
88743424
33342464
94232832
23423488
42343424
47732224
39224832
36233472
27239936
73236992
48272384
33332224
32263424
62488832
63222272
92242688
44222464
67483392
62244864
43423744
24366336
27273472
24223232
94222336
38236672
32726272
28229632
83382272
26463232
36327424
37333248
42234624
43377664
28474624
32233472
28823296
23642624
27766272
77492224
32248832
26642432
22324224
66344448
24743424
22996224
22222336
74382336
34273792
83323392
32468224
29266432
24248832
26262272
23867392
93682432
62347264
24722432
72223232
49432832
49722624
73287424
46463232
72692224
48724224
23423232
27467264
23636224
26723328
83282432
64244224
32223232
24824832
96342272
43732224
24939264
33362432
83344384
32978432
44732672
62623232
24278272
32472832
74233344
28342272
47327232
63323392
89426432
62232832
33223936
24223232
36362496
83322368
32426496
84223232
22843392
22362624
32233472
39263232
66638336
43442432
22746624
72743424
48223232
26622464
82233344
72636928
32333824
24933376
23274496
63732736
64342272
83263232
32442624
99423232
94623232
26266624
97422336
43423232
64223232
24334336
34727424
63847424
42847232
46642432
32667648
46229248
32894464
22222336
34623744
37623296
44767232
26332672
22267392
87823872
28622336
32293376
62233344
63324928
64342272
62326784
32323328
62734336
38239232
26232832
73622272
28274432
72423424
42827264
36692736
22838272
33349632
34443264
93637632
87284224
86226432
22222336
34422272
23493888
34268672
22239232
63227392
62422272
63263488
33223424
67723264
63922944
92432896
23226368
33296896
27282432
26424832
33768448
22329344
63444224
84383232
44937728
24922624
24283392
92622336
38883328
93622272
27346432
33329664
39326464
69242368
24278272
72233472
93242624
83222784
28263424
42623744
23349248
62332928
42836224
36429824
23666432
22324224
22223872
47332864
72242432
72732672
86226432
72248832
23839232
26772736
36383232
64227328
22292224
24628224
22222336
33323392
32333824
68662272
32436736
84436992
73972224
83339264
32334336
39433472
43636224
37332224
73768448
26842624
84473344
47322624
27623936
22862848
82443776
22723328
37343232
43794432
38783232
99374336
83862272
22222336
62733824
94642944
67764224
24238336
26772992
22742272
43892224
44786432
34763264
33982464
32223232
29977344
37243392
94772224
66644224
39822336
82228224
34439424
28822272
39224832
29279232
24293632
48333824
66228736
43733248
37972224
27282432
82222336
82233344
22943232
26362624
44468224
33332224
22446336
33247232
22262272
33234432
29887232
23743232
32263424
24247296
33362432
64362496
47227392
22226432
22442496
42622464
67862272
24683264
72242432
34226432
34422272
32242432
93247232
42324224
77223424
32489472
42682368
38322432
73234432
27223296
24443392
68223232
26247424
39327232
74362624
64287232
32287232
27442944
22674944
88223232
26267648
27666432
62247424
64223232
92246272
28792832
92884224
73743872
47934464
36244224
29394432
34322944
28924928
66224384
76242432
24423424
37234432
23432448
23242496
23644672
42422272
27433472
32223232
32722432
23263232
62239232
92724224
69236224
79423232
63223296
24237824
34322432
23284224
22623232
84423424
82422272
64374272
27623424
23263232
29273344
28436224
22629632
34422272
24333824
72822272
32639232
23442944
32332288
22223872
22638336
92447232
64743424
34682624
22239232
47438336
64342272
87324928
22473472
83222272
33266432
39862272
23672832
42243328
92724224
43922432
63263232
22439424
32786432
27662336
78422272
28366336
44224768
26233344
62349824
42473472
46232832
86228224
98424832
22262272
23623424
96223232
63263232
96242432
62623232
24424448
32227328
34222336
76343296
83832832
99872768
36664832
62427392
93238272
23367424
44372224
26629632
43223296
44233984
23223936
27228672
39327232
64222464
37479424
33423872
33362432
