27392
34464
87232
47232
82336
23232
28224
44672
42272
48672
43296
32832
22432
34432
32224
43392
22272
27232
22432
34272
42624
27232
72672
23424
63744
33472
26624
23744
84992
28224
38432
34368
92224
42368
87424
44672
63392
32672
23232
26432
26272
42432
67232
22272
72224
62432
47232
33824
24832
24224
67232
29632
28224
23232
82624
42432
22624
62272
39232
62784
32384
92832
32384
86432
37248
33792
34464
22272
23328
23232
99232
39232
23328
62336
22464
49728
44736
63232
22464
23264
73472
92832
36672
72224
72224
22272
74368
22272
44992
44384
47232
86336
83232
38432
34336
34432
23264
62432
44224
42432
22432
48928
72832
47232
33472
37472
22272
23968
36224
23264
94272
23872
44224
24832
23296
63328
63296
42976
23744
26336
37344
22848
22336
23232
22432
26432
32832
23936
37632
49472
44224
22272
23232
77344
44832
26272
23392
62272
24672
32224
44992
63232
32448
24224
22272
62432
62464
23872
42432
33984
22624
33376
42944
29344
23296
78624
34432
22272
32224
23744
43392
36224
47232
43232
32224
99424
74944
24224
63392
26464
27232
27232
63424
23232
36224
73344
36224
24224
67328
83392
63232
26272
34368
82432
76832
93632
98432
23232
22272
42272
74272
92224
27392
83264
42624
27872
36928
33344
22272
34336
88224
43328
92224
32832
83232
26272
33984
33472
24224
62272
22944
62336
38432
22624
23296
43232
23232
26944
83232
23232
47232
46336
24224
27232
36224
43328
24832
27424
23232
92224
34272
22432
23232
38336
34336
92224
62624
77248
44224
63392
28832
22272
34432
22976
22432
63232
33632
33984
23232
22432
67232
98432
62272
34432
22272
63392
22496
39232
22976
93824
42624
93632
47232
63872
94432
72384
44224
42432
33344
32448
23232
38272
92832
34944
62624
79232
22432
22624
33472
22272
42432
27648
28224
23232
24992
27264
23232
74272
24224
24384
26432
27232
74272
98432
36224
22272
92224
22336
22432
23392
62464
22336
24288
32672
46336
23232
83328
32672
63424
44224
92224
27328
39328
76224
23232
22496
23424
26432
33984
26432
92928
87232
62336
27296
23424
22784
48224
62272
43328
22336
23232
22464
33664
39328
99232
62784
24768
67232
22432
82432
22272
84224
23328
32832
72672
42432
29632
32832
43392
24224
68672
42432
22464
33472
22464
27232
23232
28224
42432
68224
62464
63232
36224
87232
42624
23232
22784
72384
72224
38784
23232
44224
24832
23872
82624
92832
47232
82464
43328
28224
23328
26272
43424
82432
22272
38272
22432
22336
68224
27232
23232
22336
33248
34624
22336
86432
27232
32672
72224
42432
23264
26432
76224
32224
73728
22272
32224
63392
47232
27424
32224
22272
26432
36224
24736
26368
47232
74944
22944
26496
23232
92224
27744
23232
36224
34944
32672
69632
23232
22272
42272
23232
84224
22848
23232
42432
93632
32672
33344
47392
79744
23744
26432
33664
94272
63232
28224
23264
42464
27648
28224
49664
68224
22272
43264
73248
38272
24224
92224
47232
32832
23392
76224
34336
23232
63232
38272
83232
22432
27392
86272
82336
33472
23264
22272
23232
22784
23232
32928
22464
33472
33344
27936
22336
28224
87232
63232
23232
88672
28768
33824
98432
93248
42944
27968
62272
63424
26432
82848
27232
23424
67232
23232
62784
42432
92224
29632
32832
34624
23264
63392
67232
67232
23232
39328
24832
22272
24224
22464
42624
32384
23232
22432
36832
42848
23232
33632
22336
24224
34272
67648
23232
99232
32832
92224
43328
22432
23232
43296
84224
43424
23744
24384
73344
29632
23264
26432
22624
23232
44224
23232
43232
82432
43264
42624
34624
27232
33824
73472
27232
82624
24224
22624
47232
84288
37632
23424
33632
26336
44224
23232
64224
63232
92224
37696
24928
23232
66624
22272
33472
34432
22464
43328
66848
63232
34432
27232
22272
62624
28224
42336
74432
22272
32832
82624
46784
93632
83232
22272
82624
46336
76896
42496
32832
33472
62272
26432
44224
43328
83232
93792
23232
34432
34432
26624
42272
28224
47872
26432
36224
22336
22272
64224
42432
43232
94432
63232
26432
34464
27936
33344
87424
22272
34784
24288
42272
76224
23232
46432
22432
43232
63872
46624
24224
72224
37632
23232
83232
33472
43392
23264
37824
42944
23328
23232
23744
32224
23232
72224
26432
79232
83232
43424
23328
22272
24224
36224
22272
93344
39232
62432
24224
83232
42368
28832
22272
24224
22336
27328
37632
37472
63392
43232
23744
28928
23328
83328
63424
23296
33344
22272
23424
38688
33248
23424
28672
72288
26432
22336
42272
69632
22432
38464
62272
72224
34624
27392
23744
22272
33632
28224
28224
22368
42624
66464
43424
34432
46336
33664
93344
93472
42432
32224
33472
67328
94464
23232
22336
22432
28224
47232
22432
42432
32224
33824
42624
26272
42432
76224
87424
63232
64224
22272
33824
83392
32672
43232
82624
43392
39424
22432
64224
23296
43232
63232
76224
73472
28224
23392
62272
42432
24224
32224
42432
24832
23232
22944
34624
22336
84224
94272
82432
26272
22336
22464
72832
33664
32832
23424
33472
26624
36224
34336
29248
38432
42432
22272
44224
23232
34272
22272
43232
63232
27328
22432
23232
49824
93824
22272
92224
84928
24832
22336
22336
22336
66432
83872
43424
84224
82368
22688
27392
23872
26272
23424
24224
46272
78432
74432
39232
26432
32736
24832
46272
68224
42464
33344
47424
36224
92832
29344
43424
39232
24832
32672
38272
24224
77632
24224
23328
23232
22496
42272
67232
28224
76224
32768
34272
42432
29824
23424
62336
32832
33344
22272
43264
37824
42496
62368
62272
22272
39424
23744
84224
37664
79232
33344
72224
28224
46272
93632
23744
27424
43328
46432
28832
63232
83232
67744
27296
87232
46624
36928
28224
23424
72832
43328
44864
22624
23232
32832
33344
76224
26432
33472
94272
79424
62272
24832
24224
62336
32448
34272
23328
22272
94272
22784
22624
78336
34784
43328
63232
63424
26432
23872
72832
33344
73632
48864
23232
96832
36224
62336
34272
44224
22272
23232
22432
47232
48224
34432
32832
64928
28224
33824
89632
62368
22272
32832
87232
29728
29632
28224
82272
23424
24224
43232
24384
26272
28864
36832
83232
42624
43392
93248
63744
39232
26432
74336
43328
26624
63232
63328
32224
34496
22272
73632
63232
42432
43424
33472
23232
24864
23232
23744
23872
62272
38432
23232
22624
62624
22336
27232
82432
42432
26272
67232
32224
26272
79424
64224
62272
24672
92672
33376
72224
28224
34336
69248
42272
72224
32864
33472
29472
82624
24832
93472
22336
37248
24224
28224
34432
22272
28224
62464
62432
62272
92224
42624
36224
22432
79424
72672
44224
92224
23744
82432
22272
34272
28224
44224
26272
34432
42624
24832
63232
28672
83232
44224
82944
94272
26432
34272
22336
43328
32832
63424
22784
84672
23232
43232
39232
87232
34624
32832
22272
34272
38336
44224
28224
23744
23264
22336
76224
82368
43232
44224
24832
28224
32832
34432
76672
72672
72224
42272
23424
22336
22784
66464
22272
22272
22624
77632
32832
44928
22624
29824
23232
79232
24224
27936
23232
62688
23744
42432
23872
47232
22272
78432
64224
62272
33664
23232
37376
32672
32832
82624
84224
74432
74432
43328
32832
24224
43232
22272
22272
24832
79392
82432
34432
23232
32224
72384
22432
26432
24384
23232
23232
24224
23296
24224
42624
23232
22336
42432
82624
22432
99392
27232
74624
24992
33344
27328
26624
39296
47424
47424
22464
22272
33344
23232
26944
24224
78272
22464
63488
28672
22336
23744
79424
33728
67328
84224
36832
26272
47424
63424
24224
82624
83232
32832
22432
24224
64832
28224
24832
24832
63232
63232
22272
72224
63232
39424
28832
43328
32832
26432
32928
33824
62272
83232
68224
32832
23392
77728
28224
22272
36736
63232
22272
27264
48224
22272
62272
44736
32896
33472
42432
23328
63424
92224
23328
23232
93632
26432
42432
67264
43392
47232
49344
66336
63232
76224
47264
24224
72384
74432
23232
92224
23232
82272
42272
42336
22272
23744
43872
84672
47424
32832
39744
24224
22272
44672
92224
79232
44224
47232
22272
38336
26944
22464
92224
22432
32224
24736
79744
44384
42272
93632
27328
33664
33344
32448
32384
23232
23232
23296
93824
43232
34432
28224
24832
22272
36224
34272
39392
24832
22272
62784
22432
46432
23424
43232
32832
27328
22464
23232
27392
63232
36736
74432
74432
22464
44224
43392
39392
44224
43264
23232
66336
36224
67424
37472
42432
63744
72384
22784
23232
43232
83232
22336
42272
44224
22432
37792
64832
23232
62272
93344
42432
43328
27328
23232
42432
43296
34432
33632
26336
22496
22272
23488
26432
73344
23744
32224
63424
24224
23424
44832
24736
93632
79232
23264
44992
22432
48832
32832
22272
66624
22976
94272
23232
37248
32224
29248
39424
22432
33248
94272
38272
43424
49472
83328
43232
27232
33792
28224
92224
22624
97472
22624
43424
63232
22464
83328
84224
26272
87232
32448
62336
47232
26272
42368
23232
42624
82432
42432
37248
22944
43328
46432
39424
72864
42496
34944
62272
82336
43424
92224
42944
22624
72832
42272
23232
23296
34624
27264
44288
36224
63232
84224
23744
82432
72224
62432
23232
99232
44224
82432
23328
49632
63424
82432
22432
94272
43232
34272
23232
23232
24672
22272
32832
22272
32384
47424
29792
26432
63264
23872
49632
23232
22272
23744
22432
23232
86272
29248
62624
32672
63232
33664
74432
23264
87424
83328
34432
22624
28224
23232
24832
94624
33472
22272
42432
43232
42432
23264
42272
28224
28224
22272
22464
42272
43296
84224
92224
63424
23232
23232
38432
24224
46336
24832
24224
23232
79232
62784
22272
62272
62432
23392
62784
22432
23296
22432
36224
44288
47232
42432
43648
42784
63648
36224
47232
28224
24224
28864
29344
22336
27264
99232
46624
23424
33472
43264
92224
34272
26272
62432
43264
22272
43264
22624
23744
26432
63424
44224
27232
32448
83328
22336
39328
73792
63424
64224
26624
36832
47232
39328
22784
63296
34368
28224
23296
29248
24224
47424
32224
23232
67232
42432
22624
23392
32832
23296
76992
36224
92832
73664
34432
23232
36224
63232
43392
26784
26432
47232
23232
42624
86432
22432
82624
22336
23232
46272
86432
47424
28224
63296
23232
23392
64224
62272
34432
63392
27328
63232
36288
62272
23232
22944
83232
22272
46272
32768
97472
24832
34624
46272
23264
44224
42432
74272
34272
27264
23424
42432
83328
23648
23424
33824
43392
23296
22624
42624
42848
33472
23232
22432
92224
82432
23232
22464
46272
38432
73472
43392
67264
24224
62336
32832
23232
28224
34432
22272
92224
33472
32832
83328
43232
62272
47232
39424
33344
27232
24672
24992
43232
68224
42944
43392
76224
44224
83232
94336
94432
33472
23232
82624
27424
47424
82336
22432
42432
36224
23232
24224
92224
24224
62272
47232
34432
32384
63232
32672
87232
46272
42432
63232
62336
22464
62272
92224
92224
94272
42432
42432
23264
23232
26432
26272
23424
28864
63744
24224
22336
84224
88224
32224
42432
94272
22336
83232
43424
49344
23232
44224
22272
43232
22432
22336
22272
22432
24224
82432
28672
34336
72224
23424
28736
22336
82432
68224
22464
42784
37824
46336
22272
73472
26624
24448
43936
42272
36224
42432
22944
22432
72448
93632
23392
42272
27424
63232
64928
44224
34432
83232
23264
63392
63392
62432
23232
72736
94464
42496
33344
27232
22624
92224
23936
94464
23424
36224
24224
32768
23424
33472
74432
42624
23424
26432
44224
23264
23872
22336
22432
28832
24224
33472
74272
82336
44224
23232
32224
26272
42624
36224
79328
32832
38464
26944
29344
32224
43392
87392
24672
23744
72448
36736
32448
22336
43232
64448
46272
36224
27424
34432
32448
79232
32224
23264
32224
94272
39936
44832
22464
47232
42336
62272
22336
42944
24224
94336
73824
42432
39232
28224
23744
72832
27232
34624
67232
32832
22272
64224
23232
28224
27264
94624
72224
42432
23296
62272
22272
32928
22624
79424
26336
34368
73472
29632
43424
47232
83232
24672
22336
23232
79232
64384
24224
22624
27232
36224
33344
34432
63232
62432
38464
32224
34272
83232
22432
83232
63744
22272
27392
64224
79232
22368
89344
62272
82624
23232
32224
62464
43232
26624
24832
23424
63424
32832
82432
44224
42272
82336
84672
23232
84224
62272
49984
24832
92224
33824
32224
72224
42496
26624
23232
23296
23328
36224
33632
23232
23872
32224
34272
22432
33824
22432
72384
23232
29632
22944
64832
72224
22464
22848
22368
66368
42336
22336
63232
62624
32224
23232
23424
39232
22336
92224
22272
74432
26944
43328
63424
44224
83392
47392
38432
83232
32224
26272
72832
62368
82432
23232
94432
42624
47232
87328
23424
22432
22272
22624
27232
99424
24832
44832
42432
43424
47232
73376
42624
79392
23232
87424
22336
24224
42624
63232
23232
22336
32832
72224
43424
32672
76224
28224
42432
34272
24864
63232
34336
32832
23872
46272
26432
24928
43232
23232
22272
74272
24832
23392
32384
36224
22272
26432
24832
43328
27232
63744
33472
37632
42944
24224
32928
38464
32224
43232
33248
46272
24832
23488
63424
26944
36224
22432
33344
23744
43264
28768
72832
74432
42432
34432
92768
23232
22464
22336
23232
28736
44224
24384
86272
73344
33728
62272
23232
24384
34272
23392
22464
22432
24224
96928
33824
42432
63744
32224
23328
24384
22432
36224
37632
24224
86432
48224
69248
27232
24224
22336
22272
22784
38432
22368
22336
23232
23424
24832
34336
27776
82432
43264
87232
62272
27744
82272
22432
39232
22944
39232
22624
63232
42432
23232
43232
23872
32224
22336
24736
23232
34272
28928
42624
42432
32672
23232
63232
42432
34464
73632
23392
23232
34336
26336
83424
36448
22272
22688
63232
23872
42432
23744
43328
27264
24896
62624
62624
27232
96384
92224
42624
42272
22336
92224
76224
22336
43328
22784
32736
49344
26432
82432
22944
32448
32384
83328
22272
72224
43296
27232
37824
83232
44224
27648
73376
39232
26272
26944
62336
22432
72672
42432
63232
72224
63264
72224
22336
22368
87232
22464
42944
49664
22432
79232
26432
46272
43424
82432
82432
24224
82432
32672
62272
26624
37632
27232
38272
43744
29632
22432
22432
43232
22272
42432
24928
32224
26624
22624
42432
84288
93632
22272
42624
83232
44224
33664
43424
32384
29376
62272
32928
23328
62432
23424
83392
33632
26432
43424
23232
22432
33344
26432
22432
22272
43232
22624
22272
27424
43424
23424
22272
48832
23328
32224
33344
22336
62624
34432
39232
37632
22432
92224
74432
22464
83232
63232
29632
87232
62336
94272
27328
23264
43328
22496
93632
46784
94272
32832
77728
36672
92224
27264
22336
23232
38432
66432
42272
37632
22432
62272
24224
42272
22432
33632
92224
62272
43232
42624
44224
42432
32832
34336
23232
99232
24224
29632
28224
64832
22496
22272
39232
22432
23232
22272
22464
24832
23232
22432
22336
62624
32832
22272
42432
22464
62272
33792
36224
24448
33248
84224
26784
23232
39232
24672
36832
32672
26368
42272
24832
23648
83392
22336
72224
23392
43392
23264
29824
28224
44224
43232
67232
23232
22272
62272
27424
33472
32832
26464
32224
68224
36736
36224
22368
22336
39232
84224
74624
36224
76224
32832
42624
39232
23424
28224
87424
23232
62272
38432
27424
74432
27392
82624
24224
72448
23232
76224
34624
92224
34624
32832
92224
43264
32672
38432
38272
63392
74432
28224
46432
26432
24224
36224
83232
32928
67232
86272
32672
22272
22432
23232
42624
64224
27424
62272
47392
92224
23264
94432
34272
23232
88224
82624
43232
32224
39424
22336
63392
72224
34432
29632
28928
24224
67424
23232
23872
23328
22624
43264
73632
22272
27232
23328
23232
44224
34784
43424
23424
43232
42432
23424
24384
42624
74432
24768
23872
33696
23296
72224
28832
37824
22336
22432
23232
73344
23424
33824
38272
24224
23232
72736
72224
24224
27232
23232
32224
42432
24384
22272
32224
27328
23296
42432
27264
27232
22784
23232
36224
43232
62848
82272
34272
78272
27392
33664
72384
22464
28224
22336
76832
92224
82336
63328
36224
92224
26432
37344
23424
22944
38272
24832
43392
62432
23232
46496
93472
44224
23744
27392
34272
23744
22432
42272
23744
32224
64832
24832
47296
42272
78272
39232
74464
24384
49376
34432
49632
22272
34624
37472
33728
24832
66432
43872
22432
72224
49472
48224
82336
82432
29824
34432
83232
43424
24224
32832
32224
22272
44224
93344
34432
28224
22464
22272
94624
32384
42336
23232
23424
23232
86848
23232
72384
22272
63424
93248
28224
33344
63424
82496
34432
34272
82432
42432
23328
79424
43232
28288
22336
92672
43328
34496
77344
23392
47328
42272
32736
72384
44224
32224
23264
63232
28864
39872
74272
63264
22464
92736
22368
22272
47936
82624
22272
42688
42272
43232
44224
39232
72672
23232
42432
23424
26432
82368
23232
32448
23232
64288
26432
39392
27232
42272
93632
22272
23232
22272
43264
42432
29344
23264
23264
82624
24288
23232
22432
87232
32288
22336
42272
86272
32832
42432
22464
68384
34368
63424
72928
43264
23424
26432
46272
34272
43232
33792
22432
26432
42272
24288
42432
79392
66272
38272
29248
39744
42432
26432
88224
78272
27424
33792
34432
42624
23872
22432
23328
27392
63232
34432
22624
72224
62272
22368
22464
32992
83232
33472
22272
74272
72288
63232
43232
33472
23328
32224
67232
22432
42336
24224
22432
83264
63264
23232
67424
46272
33984
22336
39424
47232
34432
22432
79424
62432
23296
32224
73632
32288
84448
83232
74432
23392
28832
87232
26272
23424
32448
34336
32832
83232
32224
72384
43232
23232
38432
22432
93248
22272
23232
27264
22272
28224
37376
43328
28832
62272
32224
64672
33472
23328
22272
23328
34432
34432
64384
22464
33664
26432
49632
92224
23232
44288
22272
24224
47232
83328
22464
29632
43264
29472
32832
32384
29344
38784
34432
47232
78272
72736
27328
44224
22944
66432
46272
23232
47424
47232
27264
23872
93344
23232
27424
48224
24384
74432
23424
23264
62272
43744
43264
22272
29248
74272
32224
22272
36224
22272
46336
24736
92672
32224
23424
87232
77824
34464
83424
23872
92224
32224
23648
22272
23232
27232
33472
68224
72672
22336
24384
27232
39232
67328
28224
33344
23232
37344
43328
62336
23232
34272
84224
42624
72224
22784
62432
22432
74624
42624
36224
22784
37248
77632
32448
79392
62272
47328
22624
48384
42432
22272
39232
76224
22624
42624
44224
94272
43424
46336
86496
28992
33792
27424
39424
73248
26336
23392
78336
62432
43328
23424
62272
23264
44224
23232
82432
63424
36224
23968
22336
63232
22784
27648
43264
23424
23232
34624
72224
42464
76224
28224
43232
36832
43392
26272
22432
22272
87232
27392
27232
28224
43328
22272
22432
62272
22272
22464
37632
26624
99232
34432
92224
36224
93472
44224
84224
72832
83232
26432
32224
32992
23232
22624
28224
22944
22336
28928
44832
42336
26624
63232
39232
27872
47424
27232
22272
23424
44224
32672
77472
22432
36224
24832
22336
22272
63296
33728
92736
42496
92224
67936
23232
23232
24224
42432
63424
22272
22272
23232
62272
42464
22272
27264
63232
33824
43232
44224
23744
72832
47232
27264
23232
74432
26272
32832
36224
22336
72832
24832
33664
62272
42336
26432
22272
33472
62624
63232
22496
62272
73984
94272
33344
93344
43232
22464
43424
23232
28224
22272
39232
22272
26432
47424
36224
47232
24224
23232
74432
28224
43264
32384
48992
22432
22272
38432
62624
24832
27648
23424
34624
22784
34272
42432
83264
62272
24864
27328
34688
39744
23232
32832
24384
24224
62432
22464
32864
23232
22336
28224
22784
23232
22368
24224
24832
63392
28832
23744
98432
63424
47232
22464
22272
42368
67328
78272
74432
42624
22432
73632
27424
22272
34368
36832
22432
23264
23232
22336
24224
97344
42272
93632
27264
74432
36384
42464
32928
44288
43424
62432
33344
24448
34432
43232
46272
42368
26624
33728
34272
23232
22272
42368
33472
39296
64224
72832
74432
32224
92224
24224
29248
22624
63232
32832
39424
42944
33632
22432
26432
92224
23872
42432
27424
82624
43328
93824
77632
66272
84224
99232
22464
32224
22272
29248
86272
72832
22784
22848
32224
39936
62272
77824
34784
23232
92224
32224
27328
72384
22272
33344
63232
22272
33344
24832
64224
32672
22464
26272
34336
32768
22272
42624
32224
46784
22336
77632
22688
98624
43264
98624
24832
63232
24448
22272
82272
24224
76224
48224
23232
24384
22944
23232
63232
23232
22272
22432
96224
42432
62624
44224
32832
22336
36448
22464
26272
34368
22336
28224
26272
82432
22272
22336
23232
44224
43424
84224
22272
29632
63264
28224
38272
49728
47232
26368
82432
22272
43392
42272
73248
23296
42272
23264
29472
36224
22432
47232
22336
32832
66272
27232
82272
43392
24224
22272
38432
34624
72672
42432
42272
39232
73632
33824
23392
43232
32864
22624
82432
26432
39232
36224
23232
46432
44224
34336
34272
72448
43424
33344
32224
23232
22432
22272
87424
92224
22272
23296
93824
33824
39232
29472
44992
22944
32448
49344
34368
83264
87424
22624
23296
22272
23424
86272
28224
24832
22464
23392
72224
83264
24224
22432
27264
22272
84288
63424
63232
44224
22432
22336
82432
49344
72384
32832
23264
63392
82368
79232
22432
63232
36864
63296
39232
82624
46432
92224
26432
63424
36224
32832
77632
22336
42272
27392
26624
22464
23392
62272
63264
63232
49344
63424
62624
28224
42624
44224
99264
33632
24224
32224
22432
32672
42624
63424
24224
63232
39328
42272
43392
28224
28224
22432
46432
22336
83264
23424
26432
34432
33728
48224
33664
24224
22272
22432
62432
22336
29472
92224
64224
42432
44288
34272
92224
27392
49344
22336
82624
24224
84224
82624
23232
32288
23232
42272
62432
42944
32672
83264
24832
22272
33344
24224
23392
27232
82336
83392
23424
74336
27392
46272
24736
32736
33472
77632
72224
32832
63744
82432
62336
33728
44224
68736
63296
36224
66432
87232
62272
22272
66432
63232
22272
83232
46272
63264
44224
32384
33792
23232
23232
23744
22624
72224
74432
72288
34784
32832
23424
83232
22464
43232
22272
62272
64672
72768
22944
94464
22272
22336
92224
26272
92736
62272
39392
39232
62272
93248
24832
27232
23328
22624
42272
36224
24384
22432
22944
26432
23424
63232
43424
96224
26432
23264
23392
38432
33824
23424
32224
32672
29248
42432
32672
42432
34432
97824
33728
22336
22272
38336
92224
67392
72928
43296
62336
22624
72224
42432
33472
98432
27232
29344
92832
48832
36224
23232
22368
72832
22464
23232
22272
69248
39264
74432
22336
23232
39232
27744
22464
68224
32672
72224
22624
48832
42272
44288
43424
23232
27328
47424
22272
74272
42624
32832
39232
32384
23264
23424
33344
39232
22336
44224
22848
83232
43744
38432
23424
39232
38272
28832
24672
62624
46272
22944
33472
32832
92224
26432
42624
63424
63232
74432
42272
23328
26464
22624
76224
24384
67232
63232
93664
22432
22432
22976
26944
27232
44224
33344
23744
22336
33728
32832
26432
33472
42432
97472
32224
33248
93376
33344
39232
93344
22272
24224
23424
32224
22944
22464
42432
23232
74272
33472
23328
27232
38432
23328
42272
22272
26432
73824
23648
63232
74336
46272
83424
42432
22432
66624
27296
92224
23232
33344
34496
22272
22272
24224
82336
22272
23392
83264
82432
72736
42432
24224
42432
38624
72768
33824
22272
27392
23232
27392
22432
92224
86272
36224
43328
73664
43232
47232
83232
23232
43328
22336
39232
47232
44224
22272
23328
26432
92224
43232
82272
27392
22944
36736
32448
64448
24832
62464
27264
22432
82432
22784
22464
24224
62432
42944
23232
29376
46272
84224
73472
62336
23232
32224
49344
27232
23232
23264
23424
74272
23232
42272
82432
44448
22272
93632
42272
39232
32448
83232
24224
23232
64832
26464
34624
62272
22432
88224
99232
22432
42336
26624
38336
82368
94624
72832
22432
22432
63232
62432
23264
29248
27392
23232
27392
32224
23232
34624
33472
37632
23232
46272
72384
42432
94272
42944
32384
24832
46464
47424
23232
33824
92224
39232
23296
72224
32224
42272
23232
23264
64224
27392
23232
22336
23296
82432
29248
23232
28224
26432
82368
24224
34272
74432
22336
39232
32928
22432
42432
27232
23232
22272
33984
36832
92672
38432
23232
32384
43328
26432
39232
76224
24224
28224
73344
23744
26432
66432
44224
34432
37376
63232
22272
33472
78624
22432
43232
92864
44224
34336
24224
82944
43392
39424
27424
86272
23232
43328
93632
22272
28224
43232
42624
42464
62464
27328
43392
23328
42976
43232
32384
99232
22336
26272
22976
82336
29632
26272
23424
28224
24224
26432
23232
24832
46272
37472
37632
27328
28736
87424
42624
43232
44992
34624
44224
36864
84224
39232
36224
37472
73728
77472
33472
26624
27328
66624
44224
22624
32448
98432
22336
23424
28224
33376
32864
23232
24832
23424
34432
62272
23328
36224
27424
32736
23232
63264
29632
94272
39424
23232
42432
33472
39232
22336
63232
23264
27392
22432
36928
82272
92224
23424
22432
24224
42432
63328
28224
64224
22944
32448
63744
32672
24224
27392
72224
23232
23232
22272
29376
69824
22336
63744
83264
22624
34432
27232
42336
29792
24384
23424
32288
22272
22848
83232
26624
73632
82464
28224
62272
42624
27232
39232
44864
87232
46624
23264
33664
79232
46272
74432
84864
22336
23296
32672
23232
43296
37632
72224
23232
44224
42432
83232
23232
63232
33344
24224
44224
64224
72832
22944
48224
26432
23424
26624
34624
86432
42624
46272
22272
72224
32832
33344
23232
44224
22272
42944
23232
72832
84224
42432
64832
22336
22432
44736
84224
23424
24832
23232
44992
62272
83424
64224
23232
33472
42368
62272
23776
39232
32928
86624
26432
39424
92384
43328
43232
32224
62432
34464
33632
87232
83232
22432
43232
63392
22272
63232
39232
73344
22272
42432
22368
47232
39424
62432
87232
47232
36448
46272
46624
23232
23232
23232
23232
23488
46272
38272
22272
82432
26272
44224
22848
42464
22272
22272
32224
69632
33824
73472
34624
48672
22432
26432
23232
22464
24832
23328
82336
23744
82624
23936
34368
24672
23744
42336
23232
72832
22432
93632
33472
64832
33344
23232
22784
29248
42496
36224
44288
29632
22336
82432
24224
23264
34432
92224
24672
22272
37248
28224
33472
42624
32224
24384
22272
34944
84224
63264
63424
86272
23232
38432
22432
28224
22624
72832
46432
22272
62336
36384
22944
23232
39232
33664
23232
22464
36224
32448
23232
33344
63264
32832
72224
63296
42272
22432
66624
23872
38336
33344
42784
62432
22944
77376
84672
87936
32832
63232
73632
32832
22464
42272
32672
24224
34368
32224
39232
63232
39424
23232
34432
26432
24224
39232
62432
48672
24736
93792
62496
39424
93472
42784
22272
22944
22336
27424
24768
87232
23232
22624
43264
34432
74272
23232
34336
27328
64672
37824
42336
24224
23232
74432
44224
32224
32224
32224
79264
22336
32832
22272
62272
23232
32224
22464
23232
46272
22432
42944
22336
72224
92224
22464
63232
44224
42624
34432
33632
79232
73632
22272
83232
79232
23232
28832
76832
38272
82496
22336
43424
42272
34272
26432
32832
88224
29632
63328
92224
33472
38432
33632
34432
28224
23424
97824
28928
43232
63392
23424
33632
24832
64224
23232
32672
77632
22432
22272
32672
43392
28224
23872
42432
24224
29984
22272
26944
32832
26272
23872
23232
26944
97472
27232
69248
23232
43264
37376
84224
22432
22336
44384
36224
22272
34624
43232
82624
62272
24224
23232
32736
32448
73472
42432
92224
22432
34432
24224
32224
39232
23328
27424
38432
74432
23232
23232
29248
42272
22432
48224
82464
28448
47232
22432
28928
34624
22432
32832
78464
33248
28224
46272
22624
43424
83328
23872
23232
64672
32288
24224
24896
82624
32832
32832
23232
27232
72736
74432
28672
22272
23232
22272
42272
83232
26624
32768
42336
26624
86624
24384
72224
27264
23424
78336
22272
94272
33824
63424
32448
27392
24736
44736
24224
23232
24832
46336
83648
22272
48832
22272
47232
39232
28224
42272
78336
84224
23392
22432
72224
42624
92224
73632
22336
22432
23232
24224
33792
42368
42432
43232
22784
43264
63424
63232
24224
43392
47424
22272
32224
67232
39328
67232
47264
22464
29632
63232
64224
22272
44224
33472
22464
63424
63392
39328
82272
22272
62336
63424
92224
32448
87424
22624
32224
28224
62272
82336
43264
67232
23296
23424
36224
47424
23328
63744
43424
62272
28224
48384
73344
26272
23744
23328
44224
22272
42432
22464
27264
63232
22432
66272
37632
39232
26432
33728
23424
22784
24864
42432
33344
28832
28736
28224
92224
22944
23296
22272
89632
83232
22272
72832
43392
22272
22272
72224
22336
28224
76672
38272
84224
36224
36384
22272
47264
94272
26432
28224
83232
33664
22336
34464
23232
43232
34432
29248
22432
27328
26272
42624
29824
82272
32832
84288
32672
24896
28832
39264
23328
46464
22432
23424
34496
42624
24832
46272
22272
32832
23328
44224
36928
22944
23328
23232
72224
94272
73472
26272
36224
23232
76992
86272
33344
46624
32224
38464
43264
42368
22432
32224
32832
43424
26944
63424
64224
37632
83232
23232
73664
24736
39232
63232
22336
39232
29248
34624
47232
34624
32832
44448
24224
34432
78432
42944
34624
62272
32928
29472
26272
42432
84288
93632
42432
23232
23424
42272
32768
22336
73376
42272
23392
22432
34624
92224
74624
43392
92864
39232
28224
46272
23424
33632
42944
22784
92224
82336
83232
26432
22496
96832
32672
74272
67328
22432
26432
23296
34272
27424
22784
23264
44224
43264
33344
27392
23872
74336
62464
23232
22272
24224
22624
43424
62272
62336
33376
47232
39232
22624
43328
32672
22272
96448
24224
47424
23328
32928
39232
32288
32224
46272
82624
79232
23232
26624
42368
22432
24224
24224
23424
23744
44224
43264
22464
42432
42432
62272
42272
63232
39232
64224
73632
47232
39232
67392
34624
44224
22272
34464
33248
26432
29664
82432
34624
43424
23744
22336
32832
26944
46336
32224
23232
82432
24224
22368
27232
23232
36224
42432
67424
38688
24448
22432
87232
32832
62272
33728
32288
23392
24224
27232
23424
23232
74336
67392
22432
72224
27328
39232
23232
64672
42624
33728
47232
83424
89632
22624
46272
22272
24736
24832
49472
48672
32992
43328
24224
47424
42432
33344
32448
63232
68224
82432
37632
62368
26624
32224
32832
28736
22272
46624
44224
29728
84224
23232
44224
33344
68672
43424
43328
43424
29472
22336
32832
22336
42432
22272
23424
23872
24384
36736
23232
82432
34624
94432
43424
93824
22336
22272
27264
43424
32224
27328
84224
22336
39232
22432
83424
36224
29472
23232
23232
22336
46272
22272
29248
27328
33344
74944
42432
23424
23744
23744
32832
44864
62464
23232
39424
27328
22368
76224
43328
62336
22336
62432
22976
93632
23232
22272
39232
23232
73824
23232
23264
33664
67232
32224
76224
74432
22464
26336
74432
62368
72224
28224
27936
32832
32864
33824
23424
63232
22272
32224
28672
24736
42944
22624
23264
23424
22432
32736
63232
32736
33248
96224
23424
93376
22432
32832
24224
42624
83872
63328
46272
86272
23232
22624
33344
23232
33376
39232
22272
73632
22272
34432
23232
29824
83328
23232
32384
62432
24224
48832
23232
24448
66624
39232
82432
26944
43264
82464
22432
82432
42432
29632
26432
92224
73632
32672
82432
46624
92224
86336
23392
63424
43424
22368
72224
34272
72736
33344
63872
32448
63232
39744
39232
38432
22976
32832
24672
93728
62336
73344
42336
48224
23744
23232
84224
37632
22272
43232
22848
32224
22432
39232
83424
63232
63232
27648
27424
42272
22432
23232
34624
83296
72768
73824
23232
26784
84224
47424
76224
84224
98336
28224
33728
92224
42464
28864
23392
28224
27424
64224
28288
23488
83232
22464
46272
82624
22624
26432
76672
28992
44224
39232
62272
84224
26432
22272
22272
92224
62432
22336
64224
23872
32832
22272
37824
23232
42624
33984
63392
67232
23296
37824
32768
39232
22624
22272
63424
23232
62432
34624
42272
23232
23232
44224
22336
24832
43232
22272
22432
23424
22272
27392
27392
62464
63232
32832
22336
44832
63424
62432
33376
42624
24832
77248
24224
43392
23328
22272
22432
24928
23744
23232
24224
23264
43232
23232
34368
24224
26432
22272
64224
64224
33728
32736
94336
44224
62336
82432
47424
82624
63424
63232
42432
22464
39424
23232
22432
22336
72224
42272
22272
42336
24736
67232
82496
63424
22336
33632
83232
36224
26272
34496
22784
42432
34272
83232
23232
24832
27424
44224
79936
34432
47232
24224
43232
94272
23296
22272
42624
92224
23328
82432
36672
24384
22272
28224
24832
73632
22432
24448
82432
24224
63232
34368
83424
39936
22624
22272
22336
87424
33728
33792
82272
92672
33824
23424
29344
34432
27232
22784
43232
22368
44224
22272
23424
22432
22336
23232
33472
23424
26272
83232
36224
77344
26432
33344
84224
22432
72224
63232
44224
43232
22432
38272
22272
63744
28224
44224
32928
22272
36224
24832
36224
99424
23424
32832
23232
24384
42432
47232
24224
27232
23424
22336
73632
38272
43424
43232
83232
82336
42432
28224
32224
36224
68224
23328
26624
33824
22336
42432
42272
92224
23424
42624
79232
43328
34432
22464
74272
24928
93824
62272
48224
22432
33824
23232
22432
72224
23232
22624
27232
23264
22336
22272
32384
39232
92224
29632
47232
63424
34432
34432
24224
33472
89664
42272
23232
42944
22272
43232
23232
27264
63232
83232
23296
23328
27392
24384
93632
44224
23296
43232
22336
37344
24224
64224
92224
32448
83232
82432
43424
74944
63232
22368
42432
72224
92768
32672
24832
72224
24224
23392
27232
28224
23936
23232
82432
64832
22272
32864
23232
43232
42624
23232
22432
42624
74272
26368
33344
44864
44672
43232
23264
43232
23232
46624
82432
27424
36224
48224
92736
48832
24224
26272
26368
43232
88224
43328
87232
32224
42624
38432
28224
63392
42432
82432
24224
63648
48224
82432
29472
23232
23328
32832
23296
44384
74336
38272
22624
23872
28224
43328
42272
33728
44672
94432
32928
36288
63424
37632
46272
72224
79424
22432
72224
33248
43296
78272
49344
23232
27232
73248
72224
62272
22464
27392
36224
22432
32832
33632
32224
63232
33632
23232
26336
32224
36224
42432
28224
26432
86272
63424
82432
27424
23232
23424
24224
28832
32672
84224
62272
24224
83328
44224
22272
72224
34432
32288
62432
29632
28224
24448
44224
24832
84224
34432
92224
23264
23232
22944
63424
22336
42624
22784
23232
32832
23872
68224
44224
23232
34464
74432
69824
72448
24928
63232
27264
23264
68224
34432
62624
22624
77632
63328
36224
72384
63232
69632
22432
74272
28224
24224
29248
82624
74272
26432
32224
33792
93632
24224
68224
22624
23232
36224
46432
32224
36224
23872
44224
22432
26432
22464
42336
22368
32224
72224
62432
32672
42272
23264
33344
22432
23424
26464
24224
33344
23872
28832
69632
63424
43424
26368
46432
26624
28224
36736
83232
24384
23232
22272
92224
32224
42624
74432
23296
34336
24992
24768
72224
92224
39872
22944
42272
22272
29376
42624
29632
82432
22272
83872
27232
23872
36224
28384
77824
86496
23776
23232
23232
82432
22464
83232
22336
22272
23744
32832
82432
63232
28224
47232
22272
39232
44224
67424
28736
67232
24928
38272
43264
22784
22336
23232
24384
92224
43328
47264
27328
22624
23232
42432
22432
88224
42944
44224
93472
27232
23328
83232
23296
23424
22432
33824
92224
82432
62624
24224
42272
22272
42624
36672
23232
39744
42432
28736
86336
42272
63328
24224
92224
36224
22432
42688
23296
32448
28224
28832
49472
22272
24384
22848
27328
43328
43776
44288
23264
62464
47232
27232
27264
22464
39232
33344
38336
34272
23424
22432
23232
23232
74336
92672
24224
23232
22272
43232
36224
22432
44224
42944
66272
23424
32992
22272
27264
33344
23424
27232
23424
34432
74432
49344
38272
43424
44224
48224
23232
64224
26272
24832
63232
32224
82624
67264
43232
29248
43328
73792
93824
23232
23424
43232
32928
43232
74432
74432
42272
72832
32896
22336
23232
43232
62432
32288
22272
92928
87232
93632
22432
29632
82624
26432
67232
39232
62272
46432
33824
74432
43744
22432
63264
42432
63424
39232
33472
83264
22336
63296
36224
42432
63232
83424
23936
73472
36896
92224
43328
86272
26432
32224
27232
23232
38432
63232
33472
26432
32224
36224
22272
26432
23232
92224
77632
23232
72384
73344
32768
42272
34272
26624
26432
63232
22432
83264
24864
23232
32832
99328
42432
28224
39232
33632
32224
32832
22272
28224
92224
36224
83488
22336
22272
62464
22336
44224
42496
39872
39264
34624
63744
22432
86432
27424
43424
22336
22432
92224
26432
38432
63424
46336
27424
77632
36224
32224
69792
23232
22624
22272
68224
72224
22432
79424
32928
27648
22336
32224
76224
26432
34624
47232
33728
27232
62432
22336
27264
44224
22432
23232
69632
43328
32736
79424
26432
23744
66464
29632
33344
23232
43232
27232
43424
44224
72224
86336
29344
44832
46336
62272
63232
33344
22432
23232
42624
43232
42432
33248
74272
44224
64224
67232
74432
62272
22336
42432
33792
43424
83232
34624
32384
29248
23488
34432
33344
23232
22432
23872
22272
78624
72224
83264
33824
23264
44224
93824
22432
26432
84224
82336
23424
23872
64224
63232
32832
47232
67264
42432
42272
22432
22272
32224
92224
23232
24832
42432
22432
66432
28224
34368
64224
23232
22432
68224
94272
22336
24224
32224
22432
23232
27232
22624
76224
23232
43392
26432
32384
43264
98432
32224
48672
94272
22432
72224
63232
28224
23872
82432
63424
92224
88224
43264
38432
42464
38272
44224
63424
26432
23232
33376
38464
83232
42432
28224
22464
23232
34624
36224
22272
22272
83264
36224
84224
63232
22688
32672
83232
42432
64224
86336
24832
33792
36224
22432
23232
34336
44672
22272
62432
32832
44224
42432
23424
22432
44832
22464
72224
24832
97472
74432
42368
32832
63232
32384
83232
36832
33472
87232
33664
23232
77472
23232
34624
38272
72224
92224
36224
23232
22976
82432
47296
72224
24736
72832
47232
23392
82272
43328
39424
66432
43232
28224
24384
32832
28224
34336
66464
63232
66336
33824
22272
32928
43232
32448
32224
22272
23232
96224
68224
23424
32224
24224
26432
84736
34432
84448
23296
23232
32832
22624
29376
37472
22272
23424
33824
47264
22272
62432
29632
83264
33472
28672
34432
92224
26432
42272
33632
26432
26624
22336
23232
23424
62272
92832
27232
87232
22368
46336
23232
23264
72224
27424
42496
22272
23232
42624
37632
93472
22272
29632
23232
22464
24448
33664
43424
93632
22624
22464
63232
62432
42336
22272
22624
63232
86272
38432
72224
73344
62272
48224
22368
23424
89632
72832
64832
84736
23424
62464
63232
72224
23648
68928
32928
46432
36288
44288
24224
26272
42432
83232
32832
44288
23232
34336
83328
42432
62272
33472
93344
82336
22432
62432
44224
23232
42432
76224
63424
42432
22848
27232
32672
27328
23232
83232
32832
72832
26624
44224
26432
92224
43232
39232
33344
43328
22336
22272
42432
62464
62336
29632
23424
67264
63232
22624
43232
22432
23328
69824
74432
63424
23232
42336
23232
44224
38336
27232
24992
27264
32224
74432
23424
22688
23232
92224
62272
23936
24224
23232
23232
22624
24224
23232
73472
23776
83232
39232
32448
22272
97824
32736
23936
82272
26432
32224
23232
83232
28288
87232
23232
22464
84832
33472
92224
27232
22432
22432
22272
23392
36224
27232
43232
63232
26624
66624
44224
93632
23232
43264
34432
42272
64832
47264
43264
22432
24736
23328
43424
72224
33664
23744
23232
46336
33824
36384
32224
92864
42272
23232
64832
36224
62272
24224
24224
89344
44224
39328
63232
73344
22624
28224
63232
67264
23328
42272
23232
33472
32832
34272
33344
33728
47232
42432
63232
23392
22272
62432
64832
28224
42624
22432
43232
23744
29632
32832
44224
22432
37344
23424
34336
26496
23232
22432
62272
42624
24224
87328
24832
33472
44224
23392
23232
36864
22432
79232
47232
38272
32224
39328
43328
34624
34432
83392
24224
33344
46272
27232
23232
23232
36224
66624
28224
76224
63232
22336
83232
22944
32224
39232
42432
43264
22624
99232
74432
43328
22272
67328
23488
74432
63936
82432
42272
22336
77632
36224
48224
43648
23232
46624
43328
33632
33792
32672
73248
63424
22432
47232
37472
42624
42432
34624
77632
23232
83264
22432
72448
29632
34432
84224
32736
67232
63264
23328
39232
38432
22432
23232
24224
63424
64224
36224
62432
23424
36224
38336
73344
42272
23232
32832
82432
22432
27328
22272
32224
23232
93344
24448
43264
38432
34496
22272
42624
22432
98432
63424
36224
38336
22336
72384
32448
32224
32224
72832
23232
46272
43328
26432
42272
47232
33248
83264
67232
23232
62272
23232
77344
27328
39232
28224
63424
38432
24224
33248
23232
36224
26432
23232
23232
23232
36672
32224
36384
23232
27328
33664
24672
33472
24224
78432
28992
39424
99232
22272
38432
23232
32736
22432
74432
44224
36288
23424
47424
23232
67232
63232
34432
82432
44832
86336
24832
26432
22272
72224
27232
34336
44224
23232
23232
32832
83232
63232
43328
26624
92832
34336
39232
26432
82432
72224
26432
66432
42432
68224
67392
72224
26784
42944
47264
34432
62272
23232
72224
24224
63232
92224
63232
74272
23424
22336
23232
29248
32288
23232
43328
63232
74432
26624
33664
27264
42272
22272
74272
28224
63424
72224
62272
62624
86432
34336
22432
27424
22432
23232
73984
22784
23232
42432
33344
34432
73632
63232
23232
23232
22432
62336
23328
82432
43328
28384
37984
63232
23232
22336
42432
42432
22272
24448
42624
38432
84288
27424
23232
22336
83264
87232
23232
42432
64832
32224
62272
42432
22336
22624
27232
23232
79232
84224
23296
47232
62432
28224
74624
62272
89632
27328
46272
82624
73248
47232
24224
24672
22976
39232
23744
44832
84224
63424
22336
94336
47424
23232
23232
29824
42272
23872
22368
47232
82432
23232
22336
36224
23744
97824
43264
24224
24672
76224
23232
22432
62464
63232
43232
43232
97344
23232
39232
24672
27424
22272
33248
26624
29472
24224
22272
27264
28672
37632
44832
93632
42432
36224
23232
27328
38624
43392
63936
34432
83264
23232
27264
29632
23232
63872
72448
23328
72224
32288
42272
76832
32224
44224
42432
42272
22336
44224
42624
78432
63232
33472
22432
26272
26624
27328
22336
32992
43392
39232
23264
63232
43232
92224
78432
34624
32224
46272
32832
38272
23264
92224
32832
42272
23424
34432
43296
27232
32832
79232
23424
22944
29632
22272
83392
62272
42624
88224
22336
63232
62464
23936
22272
72384
26432
22272
33344
38336
49344
22624
24224
42944
44224
23936
63232
23936
22432
23232
42432
43264
43328
26496
39296
78272
43392
63232
24224
39232
23264
26624
24832
22336
28224
22336
22272
22432
24224
23264
27232
32448
43264
92224
22368
82432
23232
23328
22688
72448
32224
63424
32224
44224
23232
48736
26272
38464
92224
27744
22272
32224
74432
62432
22624
63424
23648
22432
63424
22272
33376
34336
44224
62272
22432
67232
24832
76224
42272
24224
74272
44224
27232
32832
92832
22624
42624
33344
22464
68224
24928
23392
36672
23392
49728
26432
27232
73632
26944
22272
36672
62624
84992
43328
29344
43232
73632
22336
23232
32832
47232
37632
39232
22336
47232
42464
24832
32672
43232
39232
44224
22784
44224
22624
22272
34272
22464
23392
62272
22336
33344
62272
34432
22336
22784
28224
48832
96224
92224
23328
33728
22272
22944
22432
36224
22464
82432
83488
63424
43232
22336
44224
79232
37632
22272
23264
47424
82336
27232
77248
36224
36224
22272
22432
24224
32928
28224
22432
93472
34944
74432
73472
22848
32832
23488
62432
82432
23232
34464
23232
23232
22432
83424
23424
43936
28224
92224
62432
63232
63232
22432
26336
23424
44224
34432
64832
88224
66432
43232
34432
22272
32832
33344
22272
48224
22272
63232
22624
27328
63424
42432
36736
92224
73472
33824
24224
22272
22432
32224
23296
38432
46784
36224
32832
22272
42432
63424
37632
67232
87232
74272
22336
73344
82272
43232
76224
27232
33472
42336
23232
28224
72832
37632
36224
63424
27424
67424
34432
22432
22272
77344
82464
32672
23232
42272
23232
36224
62272
22272
32832
63424
23424
22272
23392
24384
42432
32864
38336
22432
34624
22272
23232
23232
62432
42432
92224
28224
32384
23424
36224
32928
74272
42272
32224
84224
32832
23328
23232
42272
62432
44224
38272
42272
42432
34336
43872
24224
28224
63232
62336
23232
34272
46272
43232
34432
26624
28224
64224
42944
42272
33824
34624
23424
24832
44224
22432
68224
22336
82432
24224
39232
22848
27424
32832
38272
32224
32832
22336
23232
23744
23232
26624
22944
62272
32736
24832
34272
23232
34432
23232
33344
22272
63392
74272
22432
84224
23232
34432
42624
23232
23328
22272
43264
22432
42624
42272
22272
44832
24224
22368
24224
24736
23232
73632
22432
23232
23232
24448
63392
22464
28224
22432
63232
73344
26272
32832
97344
64832
22336
43232
92224
22272
22336
27296
34624
23232
92224
23424
22464
42944
83232
24384
23392
23232
63424
22432
32288
74336
22272
23232
42624
63232
73248
48224
44224
92224
23232
34624
34624
46336
23232
72224
38944
23328
32224
23296
22272
23232
22272
23872
62272
63232
22272
33632
22272
87232
39424
64224
28224
33472
43328
77632
24896
23232
23232
43264
43232
63296
62272
23424
34432
32224
24224
46272
23232
43392
26336
33728
64672
22336
43328
83232
23232
72224
33984
23232
27232
33472
22432
22336
42432
22272
76224
22336
82432
32224
22336
26432
36224
22336
76224
23232
42624
33472
22432
22624
84224
23424
27232
43392
22272
73376
46336
22624
23232
36224
22432
28672
63872
32832
92224
29632
93472
63232
23232
43264
73344
32672
27392
39232
76224
23232
64832
79424
34272
22464
32768
69248
23232
32224
33824
23232
24224
29344
23328
62336
23232
36384
62496
23232
28224
63424
66432
22336
23232
62272
49248
63872
99232
42432
22784
47424
83232
37248
43232
23232
83232
43232
24384
27424
26432
42432
23232
29472
82624
23232
42432
22464
23872
43232
77632
24224
33344
34624
44224
42432
23648
27424
22464
22336
23232
33728
42336
22272
62336
42432
73472
23232
27264
26432
46272
36224
23232
23872
23232
92224
24224
33344
32448
68224
34336
34432
62624
26784
23872
23872
22432
22368
92224
22784
38432
37632
23328
94336
73344
32224
38336
68224
49344
39232
33664
84672
23232
26272
63264
83232
66336
24832
73344
22432
22464
64224
22272
23744
84224
42432
24224
46688
43232
74432
22432
32384
33472
28224
32224
23232
28832
28224
26272
46624
32384
63744
63232
34368
29344
32768
63232
43328
34624
26432
32384
22272
24224
22272
22624
42464
46272
38464
72448
27328
92224
24384
44224
24224
47232
23232
42272
82272
67648
42432
22432
22272
43392
48832
29632
62272
33248
84224
23232
44224
34432
32832
92736
32384
22336
22432
32832
22432
62272
42624
22848
33344
32384
22272
33472
22272
23232
72384
24224
32224
32672
23232
26432
34432
77632
23424
74432
96384
26432
26432
23424
82336
23872
23232
23232
43232
26432
36672
34336
23232
43264
42432
44224
23424
32224
46272
22272
63232
64832
32224
24224
22848
73344
42432
22464
32928
33344
36928
27232
32224
33824
22464
82336
84288
22336
39744
22336
22272
33472
27232
27264
23424
26432
22272
23232
26432
33472

