222222232373428224
222222286278623232
222222368622772224
222222474748624896
222222623384272896
222222929722343424
222223233384972288
222223323722932224
222223339638226944
222223442833833984
222224739742236672
222226232722292736
222226437226364928
222226824422227968
222227274342334464
222227347336372224
222227783642382336
222228228222222336
222228387623337984
222229242426949632
222232342326239232
222232433846648832
222232438624223232
222232622262239232
222232737222623232
222232839223836672
222232933282332672
222233282343862272
222233347223322624
222233662423793664
222233886229266432
222234223764897792
222234232224743424
222234232422924288
222234327229243392
222234427432894464
222234633322463232
222242222499397632
222242287682322432
222242646389686272
222243274226663424
222243323276427264
222243439849242624
222246243223732224
222247222398222336
222249264243277824
222262269862477824
222266238434279424
222266832382328832
222268332922896384
222272224883638272
222272446449844224
222279243923423232
222282773233339392
222283688429223936
222287372333236224
222292462277394432
222294232472223744
222294464343834624
222297778324242432
222298496234422272
222322623367348224
222323292227764224
222323837683433472
222324223663669248
222324462733492224
222327389332242432
222327679283232768
222327943232274432
222328372222623744
222329868463374336
222332226626322432
222332648247263232
222333484322783232
222333677832462336
222334342972342272
222336228322639872
222336323227662336
222337936424927232
222339224482873344
222339737833242624
222342223366324224
222342622293786624
222343274432692224
222343822229372928
222344272372432896
222344433233362944
222346276278239232
222349364693434368
222362327423287296
222362328928223232
222362483434979328
222362848632766464
222363339273234432
222363742824824832
222364824892342272
222368244329742336
222369624732229632
222372628263862272
222374677429223424
222376342766247936
222378232422334464
222379273322422272
222382392232476672
222383664333324288
222386222294433792
222387432262926336
222388297433874432
222388428233244672
222389243722727424
222392229246222336
222394484392722432
222398223322447872
222399262349328384
222422272793247744
222422333733863424
222422632332263424
222424922223673344
222427382292283392
222429233632223232
222429344728743936
222432244238647296
222432463624863744
222433928333623296
222434369494843392
222434888339423232
222434942867472384
222436392343732224
222437332928692224
222439338363322368
222442337342324736
222442476242337792
222448843273273344
222462462262247424
222466227698663424
222466874263732224
222472223363432448
222477332342243328
222479924622262272
222482272322322432
222484379232632832
222492323622223872
222496422733283328
222498433327693824
222626237838262272
222627289286836224
222627424322322432
222628433993662464
222632268283772928
222632277322678272
222632334222262272
222632773942247424
222632926442422272
222634472736227328
222636294823477248
222638423328423936
222639328774324224
222639773273874432
222642934266396672
222644248246222848
222644263626473472
222647622643482624
222647863433232384
222662632372862976
222663228327493632
222663422464229376
222672496224632832
222674223222226944
222682224427794432
222682683924283392
222722243386933248
222723382233268224
222723496496922624
222724622746386432
222729242342326272
222729323232632832
222733234324242432
222733322242228224
222734232273272832
222734242742796288
222737247723626496
222737438223433728
222738736444342272
222742333278388224
222743642238222336
222746262833332224
222762948448223232
222778467223732224
222793373729332224
222823222247227392
222823439292432384
222832422342623232
222832642477326336
222834484662239232
222842324343324672
222843464973287424
222843474337333248
222844422847463424
222847638662283264
222847772434366464
222848262422396928
222876433437622272
222882362327826432
222884732323233792
222886293443444736
222899473672372224
222922677322727424
222923232884293632
222924234383327232
222924263227932672
222933349278646272
222933744324329472
222934928386424832
222936236639327232
222942274384822272
222942479223324672
222942482474729472
222962623292473344
222963272672329728
222977334323423232
222992696427282432
222993396222492672
223222242633449472
223223962942439424
223224332822249472
223226347429822464
223227362272223232
223227434848223232
223227466433298432
223229282389327872
223229937726222336
223232224483344384
223232282228293632
223232336238772224
223232462263222272
223232737722236928
223233478327222272
223233662926393344
223233722263867392
223236744363343872
223237344832782336
223237622242639872
223238432622772224
223239333323446272
223242273442234368
223242289622286336
223242922682744832
223243872743227392
223244424497332224
223244822246326272
223246223222243328
223247232224722944
223247726633336832
223262782263263232
223264247736434688
223264622298267648
223267422482399232
223272833872822272
223272932742623232
223274422292447232
223276222344462336
223282344423849984
223283234342633472
223286228273332224
223296637239373824
223297738246324224
223299227422236672
223322224642228224
223322299326332928
223322342276726784
223322427246772224
223322724363239424
223322837233434624
223322887472283648
223323348242792448
223324333892222976
223324927422234624
223327249329364992
223327372232466432
223328243393298432
223332322844639232
223332473338232832
223333662237622272
223334338383839232
223336226272223232
223342293233332224
223342434843623424
223343742242783232
223346782436327424
223346823332364288
223362233446367232
223363232723828736
223372327992274944
223383228449292288
223394382222262272
223396449239826432
223422874672693248
223422934424223744
223423326822334464
223424629762424832
223426226332237824
223426832224223232
223427339232362496
223433233242292224
223436286327324672
223462272334823424
223492226282422272
223623284363624448
223624679224246272
223637266367327232
223642222243872768
223642423422222336
223662636288442368
223673722243743744
223689439627444224
223724238637326336
223724429722386432
223727793463222272
223732447686623232
223732623262482432
223733632823672832
223743339242422272
223744249394233344
223792227974633472
223822494692278272
223823987672334336
223836798272274432
223838339422224384
223842237222223872
223844762393247744
223862292269236224
223876423272628224
223923822649933824
223929328422223872
223933342444683264
223937872222224384
223966223376763392
223972734223429632
224222372743348224
224222472329232384
224222743273439232
224222744332468224
224222962444664832
224223673337782272
224223947723833344
224224436326367232
224224628437942272
224228923328692224
224232848838623232
224232926673272832
224234226436276224
224236222282727424
224236722623348736
224237329237942272
224242244734943232
224242474822926336
224243433634332672
224244222332239872
224262426483228672
224263292338962432
224264227947282432
224272276734836736
224272749228982272
224274632442642432
224278337223327744
224278473782329344
224282234264223744
224282623264948224
224283392263323648
224283846323994624
224284642822324224
224287234367422464
224296422428639232
224322234222772224
224324372433272832
224326724282744832
224326823472267264
224327372829622272
224327992222236672
224329328832282624
224338292326268928
224343376429842432
224349222269878272
224363442242322432
224368823447322624
224372632384438272
224376446672437248
224393227432722432
224394243264479232
224422272826343424
224422323362463744
224422892849332224
224422992222879744
224423743427444736
224433323886772224
224434322222874624
224436642326249472
224442742333243392
224448724422623232
224462968672223232
224467222624468992
224472642474737664
224477328269279232
224482322272223232
224493242632372224
224497632363282432
224623333642272768
224624733232693248
224632492682379264
224632723439222784
224634686247272448
224638343873298432
224647243432722432
224647323324383232
224664397324222464
224666674292293632
224672783347482624
224674622862262272
224679623262732288
224682426233782272
224682622432837632
224687287734239232
224723324422324224
224723824234463232
224742834733842432
224748236747833344
224762782232346624
224772227433234432
224774279232233472
224782922734239744
224792223238324224
224822228762492928
224823484436447232
224826732422627328
224832223264997376
224837242226343936
224847932622372864
224883347443679232
224884722323423232
224893388376244224
224894287324643328
224922623763382272
224926272229736448
224937827462283264
224942633224372224
224964733487284224
224974446232338432
226223233293238272
226223433342222336
226227476627324928
226227673272287232
226232238244626432
226233227266228224
226237426223284224
226237432363794432
226262378432692224
226263432222277632
226263433894428672
226286367236923392
226286487283433472
226286624622772224
226292376822349824
226292849372233728
226322333324623872
226323767622629376
226327826424397824
226332243327762432
226332377272939392
226332722482642944
226332972469223424
226333273268293632
226338842364346368
226339737344372736
226342242372943872
226343424249298944
226362323234783232
226376373222623232
226382333239222272
226384826326843392
226423224322228224
226427923392233472
226432263627472896
226432937838772224
226433732444946432
226442483368722432
226444474343227392
226483328444792832
226493883444363264
226497692222226432
226632836329242624
226674242276622336
226727768723226624
226729264239378432
226732322882322432
226733922392334336
226742232272338944
226742773826322432
226743784362934272
226762243238264832
226822926937227264
226843922943442944
226844332668223488
226847263423463424
226863282439323648
226932743784628224
226937279494324224
226963836238823424
227222344886648832
227222467362422784
227223949222674432
227224492337332224
227226269332242432
227226722743222272
227228647632666624
227232322686222336
227232326699384832
227247232337362944
227264624296722432
227267434724327424
227277982693343232
227292833484767232
227294242773663744
227296439227662336
227323223324983296
227323497223323648
227326332773449728
227326399492276224
227332432473882624
227334227249332224
227334394464436224
227336724742772736
227342462927634432
227343422296424448
227349443823796224
227373226232334336
227377243334836224
227383842472722432
227424722428624896
227436422432292864
227466222839267328
227468229866422272
227473386334322688
227622274662924288
227623732332724224
227628238222393344
227673423422226432
227684272276242432
227692332942262272
227738869323743232
227762398244634624
227764283929362432
227774384223289344
227823992262623232
227837432343822336
227842333669343232
227872298848223232
227923342782234624
227929476232249344
227932222238687232
227972692474232832
227978242622226432
227983623827226624
228222734737342464
228222778436222976
228223324226322432
228223674263273472
228224723383222272
228226682924826624
228228382297423872
228232462643232768
228232464823222272
228237642298294272
228262222982283264
228262467424223232
228263333226872832
228266242769682432
228288872992997376
228322247624884224
228322372866932736
228322732342247424
228324679933722624
228326323323764736
228327732222492672
228342836842463232
228343823443427328
228348322262286336
228372334733426688
228382348444434432
228424329266724864
228442472328462336
228444962272837632
228487322243432448
228492494424244224
228624327449247744
228643346272223232
228682434474934272
228692233662234624
228733642428383232
228746334723637248
228783242474422272
228826287622324224
228923224224694272
229224322442723328
229224336823222272
229228368283828224
229232933273336832
229233382234693632
229233422384234496
229262443473272832
229263722334388224
229264334628323328
229282263333236736
229294824343732224
229322444377227264
229324327233232896
229326393422932992
229332366332264448
229332949387444224
229362342479327232
229368282273349632
229392323624927232
229393367233333632
229399962679738368
229423228344336384
229428436282638336
229432894332862464
229436663229923328
229443424727924736
229464372432863232
229484822362324992
229493337934823424
229622827447222272
229632393239327232
229633744277274624
229633946464223232
229643923383263232
229723468223348736
229723823388229632
229728346222362624
229729673732622336
229739322229627392
229749232224927744
229832388224483328
229842684343222272
229894242333622272
229926222222262272
232222428267282432
232222446227423232
232222648446222336
232222982494224384
232223974963642368
232224222237622272
232224247273439232
232224362233823232
232224424939487232
232226494226399232
232227236243423232
232227246694367232
232227334482296832
232227733722292224
232228723482427392
232228983223222272
232229669426233344
232232427937972224
232232636873244672
232232643394633728
232232773432246272
232233237844328448
232233239349264384
232233734222364672
232234237344743424
232236823772233728
232237922333663232
232238724283367424
232239222723723264
232242293796323328
232242446332329984
232243232876347392
232243236638687232
232243763366264832
232244982364372992
232247273722232832
232247794922422272
232262333272424448
232262727649247232
232263233474936832
232263446638362624
232266943822823424
232268278772662272
232272229229494272
232272434848333824
232272823282827264
232273328334372864
232274229623783424
232278843422932992
232282284437274624
232282749233332224
232283386322878464
232286923638964224
232287222237364224
232293889342439424
232322384229433344
232322483443728384
232322937293389824
232323264742367232
232323324424224768
232324427932434432
232326222239333376
232327722223263744
232328422924222464
232332222497292288
232332336872423424
232332764274229248
232332823728488448
232333368434343936
232333727966226432
232333829267226624
232333969226268672
232334472627339264
232334646447439872
232334934266437632
232339228332392448
232342338342223872
232343272424374272
232346332776628224
232363322464223232
232363732344274944
232363972663732224
232367237277364224
232378382338228224
232382226334777344
232384242829492224
232392279223222272
232392672262324224
232397323266834432
232422722234744832
232423226976632832
232423686483738624
232424322272722944
232426344343928832
232429723283423232
232432364947636224
232432482332639232
232433427766837248
232436326973663232
232443268423483392
232444224627277824
232478332463333376
232479436333842432
232482362263732224
232484722226233344
232488364224282624
232492322347794432
232492863372263424
232629722246283264
232632422226763776
232632723229627392
232672393223327232
232684226343862272
232722326723346432
232722463923339264
232723274247733248
232726334242332672
232728686833434624
232732228226383872
232732632399224832
232732823233462272
232743237222924288
232768742224822272
232778326643638272
232822233839333376
232822274443444224
232822726824296448
232834284732284928
232848233927737344
232884339347423232
232922424482463744
232929422928248832
232933282873933824
232963329242382336
232963822323892224
232968324232249344
232987627333343232
232988362239246336
233222322876383232
233222928433938432
233223322488274944
233223823333343232
233224783279423488
233228242328223744
233233392468492288
233234322232246272
233234822372622336
233239432743862272
233244282662682624
233246282364223488
233246744642322432
233262724637343744
233272446272667648
233273724464922624
233287223238623232
233292889322422272
233322223972626432
233322238927927296
233332293848334336
233332333332747264
233332398333886464
233332844368232448
233333433393887232
233338629373323264
233342787424223232
233346237294772224
233346279432978432
233346422234677248
233367622434422784
233368692228882432
233372867324276736
233373327223292928
233374329432244224
233382849376223232
233386343837466624
233393227247222784
233393348239294464
233399328424722432
233422642892242944
233423322263322624
233423373622247424
233428934276923392
233429878624223232
233432274482233344
233433373673332224
233434232332222464
233444864346292224
233464292639244288
233466232232927232
233473424224223232
233622442423222272
233627894332342272
233634727744782336
233636222773223424
233636236333323264
233638947334324224
233643487224397824
233663327296487424
233722222462697472
233722362923384832
233724827488223232
233726226963973632
233726293627932672
233734224828432384
233738844424372224
233777422342324224
233778329484263424
233788467234373632
233792622362492928
233822674929844224
233823236629266432
233829627232223232
233832922826932224
233837222643892224
233843332683792384
233869428272922624
233876489432334336
233922273322332672
233922477264666624
233926742629343232
233927832328372224
233947222926262272
233948323249422336
233962234662223872
234222243224223744
234222327472766976
234222627447373824
234223329222623232
234223974374326272
234224722466832384
234224986443743232
234227332262633472
234228337434427392
234232332394364928
234233462242934784
234239433828728832
234242379333236736
234242832977362944
234244634887323648
234247233786273792
234247334742392832
234267336344272896
234282274338373632
234298249233334272
234299942286262272
234322427482472448
234324438343483392
234327337248227328
234328346484277248
234332392467382272
234337373993447424
234343392373343232
234362427226324992
234363368886239232
234367873422262272
234372693272223744
234393296472244224
234396348482322432
234422637223477248
234422642722996224
234423222338322432
234428837262262272
234434993732222976
234442843836383232
234448384293863424
234462922333323264
234468442462224384
234473322722623488
234474442246324224
234486243322232832
234492664382226432
234624697428344832
234626477934772224
234629334924263424
234632623424274432
234634332937439232
234642426688438272
234643233222623232
234643239242366976
234644226623668224
234682294336487424
234723268223926272
234723882739433472
234762277668323328
234774764623429632
234826426494222336
234833464434622464
234843462942326784
234849222722322432
234882826333323264
234896922423263232
234899234434842624
234922264732237824
234922926426292224
234927224332222464
234932274228363264
234942347266228224
234947243324473344
234948923334623232
234962322639224832
236223223323623424
236224369224843264
236224722323423232
236227742646239232
236228342892724224
236239332722233344
236242248723726336
236248422974226432
236276282348273664
236277342826463232
236282342223642624
236288763283636224
236324734262378496
236326278326648832
236332346228342784
236342732292882432
236346247823228928
236349637942247424
236362288242622464
236368642273247232
236372296633933824
236376627463323648
236382993342332928
236436222926389248
236446462223843328
236447264622772224
236478764232474624
236499239323828224
236622223978463232
236626262223224832
236626422749724672
236626872223924224
236632666227277824
236638424398823424
236643723493244928
236672732638347264
236723828223246336
236724632862326784
236732294992822272
236836244262223872
236847882433462272
236882263642472448
236892744239284224
236894263722934272
236926262423273472
236943936273332736
236993332634394624
237222444266422272
237223223342493696
237223443439374336
237228244623949824
237229348243636224
237232724232978432
237233282282422272
237236636648374272
237244669243932672
237262498972434432
237262762336223232
237272627228442624
237283337632223232
237293433432244224
237346733246644224
237347433794322432
237393268499423232
237426442234232832
237428827836383232
237429384328249344
237432324787273728
237433396393396224
237464762362232832
237622362263322624
237623323823327232
237624243433242624
237633764222324736
237644773267636224
237777273432244224
237794999484284928
237829226242277376
237862926272692224
237876326222266368
237926227222462464
237943722332639232
237944686432223232
237993373649332224
238222438746292224
238226243224338432
238228926692327424
238233742487322624
238234424724946944
238238443238326272
238239623239483392
238244329926623232
238272322876342272
238324279433232384
238324439386423296
238332242272223232
238334464839647232
238342234322239488
238394963264274432
238422729332293632
238423646228447232
238427269222367232
238622776233633792
238624939834343424
238634448736223232
238646363242364928
238662322442993664
238662434238234624
238682443484233728
238732426336223232
238798223222243328
238827222334439424
238832422628622336
238834237342482432
238944433433739264
239222847334367232
239228832882622464
239232227223822336
239232347242463232
239232372324728832
239232736644636672
239233224243879936
239233266328338432
239237299422277632
239238293244346368
239243246633484288
239246248224227328
239327622228344832
239333222883262464
239339822242332672
239344427346296832
239383439639322624
239398629226463232
239423662223327232
239432342263824384
239432432237494272
239467322672234496
239482237339828224
239636234424287232
239637263424233472
239694762323423232
239733862628327424
239743343724724224
239744263742226432
239823232388923392
239823642424246272
239882963296223232
239922994323382272
239926623422644224
239943429472223232
242222243974373376
242222327484383232
242222372242292736
242222844736438272
242223334342262784
242223486842437632
242226428299444224
242226434287337472
242227267297247232
242228222473273344
242228238426832896
242232236874399744
242232427276664832
242232662842933248
242233462322233344
242234222637367296
242234627827433472
242234884223926272
242236778436624384
242237444324327424
242242237229432832
242242294432923648
242242424326324224
242242662822838272
242244229244387328
242248388324622336
242248443362279424
242262227832274944
242262433628946432
242263422268342272
242264272464248832
242272423246823424
242272784363323392
242272932627382272
242273279487246336
242273632394723328
242274737937383424
242277722434363392
242278622344249344
242282332226322432
242282423477993472
242283822383628288
242293342624284672
242294983243333632
242297243334623232
242322332372434944
242322343222837248
242323726723448832
242324426239967232
242326742336372736
242327223228432384
242329223223263232
242329726624333824
242332348222734336
242332644862328832
242333227328274432
242333263223783424
242333393293246464
242336227724623872
242339226448822272
242342443667423232
242343397462376448
242344323642949632
242348237336346624
242348428439322624
242363926293479424
242366633673228288
242369377422262272
242372234264444928
242373224289337344
242374682739474432
242397722974224384
242422336368672768
242422377336373248
242422673474322432
242423342334738432
242423662432223232
242427786243342336
242428742763282432
242429236332724224
242434322347327488
242446292273332224
242464332394266624
242466343222247424
242467246332444672
242486279424442368
242622336334823424
242626922232938496
242628623622733824
242632223262277632
242633934374436864
242637248243367936
242637344224837632
242642324262223872
242644494342684672
242647234998239232
242663222434332672
242679323242266624
242689222376423424
242694324443676672
242697623263248384
242723676337938432
242724772223926272
242732248829263872
242732322229727232
242734433996242944
242737233232822272
242742263237332992
242747664823222272
242749832426422272
242762433329332224
242772926244323328
242823989723922432
242824224832487424
242827242466443264
242832224733364224
242842624472383488
242932282684342272
242933732662247424
242973423842623488
243222232782864384
243223773837262848
243224332224233472
243234746938294272
243237943422222336
243242262328246272
243242286667333632
243242943249383424
243243437943324672
243249392974823424
243262473292726272
243262937398247424
243264934233243648
243266823477264384
243272383379472384
243277332862943232
243278242262286336
243292433282629632
243322333322932224
243322682494943232
243324247274422272
243326924264374272
243334227342237696
243338962246926336
243342222774239232
243342722329362432
243343432838283264
243344232922742784
243376963384246272
243382832634396672
243423443832274944
243424292329488384
243424663833673728
243427323222687744
243428238223736832
243432363623399424
243432627434422272
243433342743478272
243433624222236672
243438672446226432
243449334463463424
243469327322382336
243477227344232448
243483622923829248
243622324274724864
243626686433722368
243627387232223232
243639323882422272
243672867232284672
243674633692643328
243723346722422784
243723462342377472
243733963346399232
243742222622932992
243743439363637248
243772373224783872
243774344226373632
243777392223289344
243822483663224832
243823327234228224
243823344327327744
243826943242272768
243833733262393344
243834222227226624
243849623343464448
243876642246623232
243923663396634624
243982282442932224
244222248666267648
244223363433627648
244224382224826368
244226332672229376
244229726228447232
244233362227986432
244233774227423232
244242227229622272
244242249376333824
244244993232863232
244248332438863872
244262622482399232
244263972624924672
244264923744436224
244287443432374272
244292692822327296
244292724927627264
244326662236274688
244333333832269824
244333976224923648
244337232237428736
244339667767222272
244343239272824832
244343426362638336
244362696422326272
244383662329823232
244426833829822464
244427772676276224
244432632467423232
244462296426872832
244484263246823424
244484636364767232
244499628393234432
244622743332323328
244623224242962432
244623327247466496
244624269337362432
244626644986232832
244627222244622336
244682282848223232
244722264634294272
244784337333387264
244827226669842432
244834632292368384
244836228384423936
244864272222388224
244873244266463232
244942283369742336
244969233762484224
246222333933944832
246222624673234944
246232978632474624
246233236227342336
246233779697332224
246238372322869248
246238642924683264
246242342678298624
246274442627383296
246279232336822272
246282934479224832
246283622449938432
246323493362663424
246328436862222336
246329732343324672
246333322744233984
246374338268233728
246374949272223744
246386436233232384
246423322372276224
246423398224232448
246432332479463424
246437224273723392
246442283784732672
246443428279222272
246473447329234944
246732238342324224
246766729244442624
246924343334928384
246927432323432448
246976672322322432
247223226478362624
247224333233332224
247227382727442432
247232239372468224
247232469293236224
247233292827623424
247242666237493248
247249232774627328
247262244723228672
247264374436724736
247267294263263232
247322243236626432
247334233228443648
247344624643866624
247346326224764928
247347342223736832
247362293344223232
247374224838623232
247377242272333824
247423444344373248
247443324362293248
247464369386422272
247464722272223232
247464932232462336
247474693246943232
247732864672333824
247733274349338624
247823244642484224
247832663328423936
247933983234373632
248232483337273344
248232626282299392
248236234688692224
248237232246226944
248262224693428224
248282392363794432
248288274322292736
248322334223499264
248366342372327424
248368334238646272
248374632228323328
248386232943378432
248422723292233728
248424424972222464
248442283446239232
248623373223493632
248633386422239232
248693239874322432
248872836922343424
248872933238243328
249222322676662272
249323462326222848
249324494282293248
249332232232894464
249339873222623232
249342747232223232
249368422932283392
249374482234343424
249433234933284864
249632464372236288
249722482282463232
249722743723278336
249732224234422272
249769624233443328
249839784346779648
249876223862243328
249878472422326272
262222229344223232
262223232634847232
262223447297236992
262223627262492672
262223676423733248
262224934327222272
262226436476239872
262227293286432768
262229432239337472
262232934646284288
262234642246926336
262237663298322432
262239233322737664
262242282894262272
262243223479222272
262243347422773248
262248326844383232
262262462492639232
262267248332242944
262273348339236864
262273926234636288
262292277423439872
262323342227423232
262328342424846336
262332496836329472
262342333264822272
262343749242322944
262347222634463232
262349342229233664
262373472284442624
262378776626233344
262379428263493632
262383422363467776
262383842742239232
262386244333338624
262392837242683392
262422236667838464
262423372392824832
262424229234868224
262428336674832384
262476379246362624
262483237239422976
262488923962343424
262492683722293248
262493824463732736
262498326228762624
262622724233232384
262623243364466688
262638324273733632
262638947442622464
262682436364664832
262682633726263296
262683339729334272
262722277442322432
262726432629276672
262728723894239232
262732222243233792
262744932277223424
262749438724276224
262763322222772224
262823332229332992
262834224362422272
262862372238262272
262882428224274432
262922946626322432
262928993243922432
262938286223327232
263222293863333888
263222422624272384
263222683749236736
263223632423227392
263224433237262336
263226442326736896
263227242283794432
263232984928223232
263236372228472832
263243636972273664
263262267326693376
263268329423634432
263274468288233472
263292933836242944
263323233739367424
263324423223263232
263326434283487232
263333233333223424
263334343223476224
263337223294623744
263339328323764224
263362324497334272
263383247287222272
263443292224487424
263469282229223424
263482322236342272
263488432276242432
263622396238774272
263624232344223744
263636233372237824
263662296793362432
263663299927222272
263672226423373824
263693222286262272
263762726999998464
263773393233444864
263822489833439232
263836328364343296
263872224382943232
263922332228222976
263984442439237632
263986223423422464
264222228336869376
264242749643292672
264267747223732224
264286427343224832
264297627633844224
264322722942222336
264337332233232384
264372264429944832
264383622826426368
264394946824372224
264472322232287232
264482333437722624
264493622463823872
264624363773263872
264633328676634624
264692382362763264
264723242244636672
264832333378486272
264882649263243264
264944334246248448
266223276938723328
266226668849332224
266248272828432384
266262394362273792
266267237622349824
266282262233874432
266324274694324224
266326273249247232
266332222242422784
266333492426932224
266373889422262272
266433939322232832
266464233736372224
266623444492222464
266684782432223232
266722962322489344
266772284832743424
266866223623962624
266976332772323328
267223232373866496
267223323234373632
267223329442234368
267226442442473472
267232926794932224
267238264426463232
267263477433372672
267264332926746624
267268722323226624
267283727426322432
267284227622436864
267288722364432384
267323269792223232
267363224273682432
267379642372276224
267422924747833344
267426222229684224
267433237342236672
267437339233247232
267632223722422272
267632992662239232
268224262333267968
268224664222826496
268226332372647936
268234222333722624
268236732232433664
268322232229429248
268344392339423232
268366324272463872
268422422933274624
268462242423373824
268462422792732672
268623482374324224
268964726932242432
268982642836242432
269248236223463424
269262473992372224
269272334332624896
269273732794343424
269327322434322432
269433224668643328
269434266944274432
269466372244242432
269626422324363264
269722228743733248
272222233922322432
272222843226292224
272223224922636288
272223736433639424
272233842264244224
272236662328393728
272263282229772288
272284623633383424
272293438293983232
272322224736436224
272322343347683328
272322663773626368
272324464824287232
272329693329383424
272334722323636224
272342222263222272
272343822462222336
272344322372677632
272346242733637632
272377347972323328
272382322922422272
272397878423322624
272422273323368448
272424242283282432
272427293232267264
272429634243723264
272432232766439424
272432426624483328
272434732966674432
272443429824233472
272462243232743424
272464389234229248
272476432233234432
272483422326226944
272483929322422272
272484233282322432
272492342332342272
272643333474484224
272674322223464448
272724222443323392
272747329323743232
272769468342239232
272773429333622784
272774322429493248
272828332239224832
272832724422623232
272882728427323392
272922689632223232
272934446944223232
273223243272462336
273224243762233344
273228379744223232
273232343369244672
273232622242234368
273233336626962432
273234232272863232
273238343674232832
273243284422262784
273246362223722496
273263634624282624
273267328322322432
273273479229332736
273286338422243328
273289327392227328
273336423233642496
273349263723282432
273373436422324224
273383643232272384
273423924723769344
273442362822623232
273443672228364288
273464469328232448
273483322663993344
273632649932242944
273634267236728832
273638263343284224
273642446842232832
273646222782234624
273677283322232832
273722236724772864
273732726276882432
273863239226228736
273878232624267264
274222266222772224
274222273227743232
274222472376287232
274239433329426432
274242322332647424
274268232647442432
274322622927273984
274323239449362432
274323634244222976
274324224439222272
274324422496223232
274326746326327296
274332332272287744
274363642464436224
274366242993733632
274373264467427328
274462823762362368
274624289342226432
274634322248466432
274672343247224832
274722822737362944
274723343222243328
274729268322238464
274842273627242496
274863442223333376
274923478632628224
274923972439732224
276222234332233728
276229433632223232
276232242323423232
276242833672372224
276327842333663232
276332332686262272
276332942373433344
276389286234292224
276396733362742272
276423774349492224
276462322224463872
276462462239244288
276464324346642432
276622282422484992
276623442226446336
276627336342239232
276662223422226432
276696222433247232
276743343482339328
276823332332273664
276832222323277824
276833238322249728
276837728382222336
276864322272362496
276876647697678336
277222423283269632
277222743438262272
277223242637279232
277232886433972224
277244422938427392
277272242738233344
277272432327647232
277322342334234624
277322687633424384
277323296223246336
277336492724293632
277348223386386432
277383442733236224
277426263344283648
277432324222943232
277432382748229632
277443372333883392
277633863362322432
277669836222234624
277732364638224384
277836324274962432
277843328234422272
278233222924468224
278234322828263424
278274223473426432
278423267349233664
278622234929332224
278632736372293632
278662292422262784
278672247443423232
278722332733243392
278962622342627328
279222934622994432
279262232262623232
279748462432223232
282222323432423424
282223622372622336
282223943927267328
282224292737974272
282226387943227392
282226843484946432
282227442632884224
282228333323747328
282232426749493248
282232636437233664
282232824243683328
282232983432462336
282233447248822272
282233683442663424
282234336262373376
282237266623463424
282242223622324224
282242379392483328
282244232326938624
282247332972724224
282263432442937344
282263862424633344
282272262292242432
282276633239322624
282282288828383232
282292237734248448
282326246462324736
282327872437223424
282332274232393728
282333266343493632
282334774432628736
282344934422347776
282363737426362368
282363832237326336
282378242333343744
282428329722642432
282449822437343232
282466838246326272
282497863336722432
282628239233384448
282628822224863232
282632672822427648
282633366263463936
282638337624244224
282723497824223232
282732292223926272
282746629246943232
282774232224497664
282833823228493824
282844346632372224
282864323263463424
282932293623349248
282932624279273472
282948448322322432
283222243849273344
283224337828282368
283226228473724928
283232683422646272
283243373233422336
283246222272233472
283269863223263232
283283277362233344
283284942442463232
283322233632227328
283322267242463232
283327933326262272
283336672489242624
283344423243743232
283372494479327232
283392246763487232
283423398937362432
283433733332434944
283466233427263488
283484732322742272
283624787234783232
283644234383228928
283693846244622336
283824234276323328
283828223232442368
283836242422923264
283884822328246272
283943342263762944
283967433278226432
284222424222793728
284247339322834944
284323434234642432
284324242982436864
284324274323324928
284337743834382336
284386292844724224
284422222242643968
284462262233726976
284466284983222272
284628262242484224
284722233896927232
284844342726623232
284962292247822336
286229226244276224
286233433376292864
286237362262376448
286242432224329728
286243222626238464
286248442823442432
286297633943322624
286323326878482432
286424262374326272
286462342827343872
286664236337332224
286837337747423232
287242223742222336
287243636672692224
287248398289993728
287266227433242624
287298224377823232
287337422273642496
287388222222237696
287624743222247424
287632242233376768
287676622348222464
287842342326239232
288227228242673664
288246348732432384
288297334624223232
288322488234934272
288323283732922368
288383224327962624
288873223442399232
288976823232233472
289222399323242496
289233283234922496
289338363774222336
289394232263442432
289422332427239424
289473492222738432
289744644222222336
289876263243743232
292226743422222336
292228443372773376
292238422632824832
292239247433269248
292242244692344832
292243763244367872
292246623339282432
292262263923474432
292263364246634496
292274246223396864
292322232777867264
292322273243922432
292322826447224832
292324393322422272
292326342423478272
292332632362942464
292332974843363328
292338482622234624
292343476286324736
292348242633424896
292382283424333824
292422424222236672
292422873696436224
292423322724728832
292424442269663232
292426343326236672
292426726332432384
292428232223883264
292464677472436224
292464862842322944
292472428226936832
292478322224922624
292492466233933824
292497773229268992
292629374233362432
292639323942623232
292669934944223232
292672222769332224
292673232769462272
292737742672822272
292743782222266368
292746226238226432
292764242272223232
292833324226363392
292882332644278272
292922464269238272
292938324287422464
292942377393426432
292966334334222336
292974282223386624
293223377338343424
293229642762878976
293242792224227328
293243243872223232
293268324346232832
293279224382226432
293292232672223232
293322334976923392
293322343336372224
293324242223628288
293334346423222272
293342222338228224
293373273472376832
293422339274932224
293427934626742272
293434322327322624
293437784432443392
293623632263227392
293742443663327232
293776678322233344
293833329324392448
293838383329247232
293849327223373824
293944234933223424
294222376762933248
294227227923922944
294273233392223232
294289243323973632
294294249923346432
294322288642228224
294326832646324224
294334443322343424
294349233832722432
294422423883743232
294422442229628928
294428242969362432
294443292328722432
294634263324229632
294727424233439232
294822243223732224
294834334882332672
294927327883689984
294933224222687232
296223384444862464
296224333844447232
296237439328223232
296262222398226432
296384396322373632
296423697724342272
296427237333663744
296778322333237248
297224323642294272
297242232379932672
297379234222866432
297389463272423424
297433222294634496
297438239233723392
297482444234293248
297633242828242944
297648339342262272
297747462449332224
297793463324442624
297834623322292224
298222322338234368
298224293374328832
298227244386484224
298326237734633472
298367864262623232
298392244224786432
298644732343222272
298922236223422464
298929298672779264
298936236427444224
299229263632244736
299424833228242944
299437422232338432
299747434332229632
299773827334324224
299974642223284224

