6624827392
7622334464
7432287232
3226847232
6922382336
2672223232
2264628224
3842844672
6466742272
9432348672
2332343296
2333432832
4267922432
4233234432
6273332224
2422843392
2487222272
7743327232
6344722432
2337334272
3247642624
7272927232
2242972672
2862823424
2933663744
6339433472
3222426624
2232223744
2323284992
4322228224
3982738432
4226234368
2429492224
3427642368
4848487424
2223644672
2322363392
7323932672
3222623232
2622226432
6262326272
3322642432
3462367232
2349622272
4232372224
4729362432
4433247232
7433933824
9442424832
4246324224
6444767232
6223429632
2322228224
3894623232
2822682624
6484242432
7696922624
2462262272
4294239232
2342262784
3292432384
2262392832
8793232384
3322386432
6336437248
6422433792
3462334464
2263222272
8372323328
4224223232
4322399232
7324639232
9444323328
4472462336
2229822464
6226249728
4227444736
3223263232
2722622464
2333323264
2247273472
3423992832
8222236672
4686772224
2632372224
4663222272
2332474368
9223222272
2732244992
2732944384
3239647232
8726286336
4722783232
2488338432
2478734336
2633234432
9942923264
3839762432
8344244224
3236242432
2632722432
2842748928
2449272832
4423647232
6672233472
7343337472
3767222272
7242323968
6339636224
2294923264
3226294272
6246223872
2622644224
2642424832
9229623296
6283363328
6222263296
4633342976
6334623744
2422926336
3393337344
8326222848
2273422336
4339423232
3474322432
7486226432
3722232832
4224423936
4343237632
2364649472
7633844224
3383222272
9472223232
8734777344
2644344832
4262326272
9444923392
6494262272
6823324672
3463732224
2223444992
4279263232
8336232448
8326324224
2333622272
9273362432
2924862464
2732623872
3268242432
8232233984
7293722624
8223333376
9423442944
6223929344
4343223296
6484378624
7362834432
7943222272
4327732224
2993823744
9424443392
3437236224
2234847232
7662943232
8682932224
8423399424
6232274944
2438324224
2424763392
2363326464
9477727232
4693727232
9228263424
2432223232
2272436224
7423673344
2349236224
6732724224
3223267328
3722683392
6826463232
2246326272
2626234368
7262482432
2672376832
4372293632
2324498432
2982623232
2826422272
6962742272
2232374272
2432692224
2362427392
2822283264
9324442624
2293327872
6333436928
2946233344
3223222272
3224334336
2478388224
2438243328
2336692224
9392632832
3266783232
9222326272
6248233984
9273833472
3334324224
2273462272
4842322944
2824462336
8222738432
2333722624
2464823296
3227743232
2624223232
2646226944
7237983232
6323423232
3828447232
4226446336
2342324224
2223327232
2333236224
2262243328
9423224832
2244327424
6496223232
4922292224
7233334272
7282322432
7232223232
2682638336
3464334336
4336692224
3294362624
4333877248
3233844224
4424763392
3246328832
7927222272
2943634432
3332222976
2347922432
7338463232
4833733632
6424233984
9334623232
2328722432
2332767232
2497298432
8276662272
7433234432
3232822272
2722363392
7426922496
3337439232
2263422976
7833293824
9289242624
2932293632
3242847232
2262863872
2363794432
9424272384
4232244224
4324242432
7323833344
6272232448
4422623232
4326838272
4332792832
7722834944
3326362624
6822879232
6322322432
2487322624
6464233472
4922422272
7924242432
4723227648
2427828224
8278623232
3242324992
4332427264
2432223232
8232374272
2326324224
2494224384
2423826432
4943327232
3742774272
3633298432
4832436224
6938422272
6266292224
3342222336
6978322432
4273723392
7779262464
2836622336
2733324288
4322332672
2223246336
7296223232
4992483328
7266332672
2972263424
2222644224
4762292224
7232227328
2666339328
6282676224
3222623232
6633322496
9272423424
7223826432
4632233984
3262226432
7322492928
2632287232
3237262336
3222327296
4888423424
7247222784
2343348224
6484662272
2822243328
3233422336
9686623232
7468222464
7323633664
2234339328
4232799232
9622262784
8664224768
6422367232
8242322432
3387282432
6442422272
6623284224
7722723328
2243832832
2233372672
3332242432
7244229632
4922232832
8342843392
6694324224
3722268672
2394642432
2332222464
6672233472
6636222464
2488927232
2342623232
3426228224
9268242432
3289268224
2243262464
7242463232
2227636224
2232287232
3433242624
2643423232
2223222784
6832272384
2222772224
6933238784
6432223232
2424244224
3823224832
3932623872
3936282624
3228792832
6234847232
2392382464
4342243328
8642228224
7629923328
6662326272
4842343424
8683282432
4663222272
6637238272
7643922432
3937422336
3644468224
2232927232
8227423232
3972622336
9473333248
2244634624
3396622336
8432786432
3423327232
3832732672
2824372224
4247442432
4323723264
2222226432
4324276224
9233332224
7443273728
8234422272
6673332224
4226363392
2273247232
4733927424
4727732224
3687222272
7294226432
9632436224
4222324736
4426426368
3633247232
7992274944
4762322944
6222826496
3632223232
6227892224
2743327744
3427423232
8237236224
2449234944
2242332672
3462469632
3936223232
2327222272
2236342272
3379423232
4293684224
3446222848
6262623232
2282642432
9844293632
3362332672
6229433344
4268347392
2229279744
2622623744
4292626432
4238833664
2842294272
3472863232
2834228224
7933323264
3223742464
7222427648
2322228224
4222449664
2233268224
2234422272
4367243264
6232373248
4243638272
3878324224
8682292224
4823647232
3434232832
4443323392
2644276224
7224334336
4272223232
2343263232
2278838272
2972383232
6728722432
3322427392
2847286272
3226382336
3942633472
4733323264
3677622272
4848223232
4322422784
3433823232
4222332928
2242622464
7494633472
4946233344
8332327936
7326222336
7624628224
4232287232
2794463232
2224223232
6632988672
3223328768
4422733824
6324498432
2829493248
7372242944
7244627968
4622262272
8242663424
3342226432
3346382848
3247327232
2373223424
3622367232
4384223232
3622262784
3287442432
8234292224
7263429632
8442232832
2327834624
4333323264
2994363392
2764767232
7222367232
3776223232
9722339328
3423224832
7274422272
4326324224
4332222464
2297242624
2242832384
8224223232
6866322432
2223736832
2292942848
4624223232
3723333632
2273422336
3942324224
7767734272
2362267648
7347423232
6322399232
3632632832
2426292224
8342243328
2338322432
6272223232
9772343296
9234484224
6634343424
9694623744
2926224384
2332473344
2226629632
4483723264
3633426432
7344922624
4262623232
4424244224
6886623232
4363743232
8222482432
6223243264
8329242624
8292634624
4232927232
3648333824
2346473472
3247327232
2624282624
6428724224
2288922624
6433247232
6223884288
3943237632
3227623424
8433733632
2829326336
9246644224
3248223232
3437364224
6343263232
4227892224
2222237696
6387324928
8723423232
8333466624
6224822272
7392233472
4249234432
7372222464
3462243328
4236366848
2736863232
3266834432
2223327232
2474422272
2222362624
4642228224
7363342336
6323474432
3383222272
3226232832
4262682624
8336246784
3492293632
2482783232
2263222272
3872282624
6232846336
7223376896
3822442496
6442232832
2323433472
9633462272
4622226432
8424244224
3433443328
2773983232
3423393792
4832223232
2633234432
8329234432
4723226624
2972342272
2322228224
7232847872
4494226432
3334836224
8238222336
2448822272
4429364224
6628242432
2283743232
3822994432
4224863232
4942226432
9372734464
2332327936
2274233344
2224487424
9242422272
2633334784
2227724288
2364342272
2244276224
6422623232
4233746432
2232722432
2437343232
2326863872
6328346624
3436724224
2376372224
2733637632
3328223232
3874783232
4262633472
2237243392
4739723264
3436237824
7282642944
2292323328
2323423232
9272223744
3946932224
6432223232
9246772224
4263826432
7232479232
2364383232
9232743424
2362723328
2224822272
7942324224
3283636224
7274422272
2974393344
3222239232
9433362432
3222324224
2226783232
3232442368
3982328832
2442422272
8822324224
3236622336
7923427328
6922437632
4927337472
2722363392
2347743232
3224223744
2223228928
7236323328
2637283328
2732263424
2423223296
3346233344
7242422272
4222823424
3444338688
2369333248
4949223424
3427228672
8623372288
9294226432
8772622336
9436342272
2236869632
4722322432
2232638464
2686262272
2872372224
4343834624
3322427392
3326623744
6423222272
3793733632
2933428224
4226228224
2324922368
2492442624
3922366464
3322343424
2242834432
2687246336
2427633664
2462393344
9324393472
6423442432
9226932224
2246633472
6922467328
2223294464
8928223232
3223822336
3826322432
3973428224
4327647232
4898322432
3828242432
2423732224
8624333824
2489242624
7238326272
6327442432
7444276224
2733287424
2263263232
3622964224
3943222272
9222733824
6932283392
7426332672
3627743232
2227482624
2227643392
4683239424
8283922432
3293364224
2224823296
4293343232
2237663232
6484276224
2823273472
2923828224
2443323392
2324662272
8372242432
8662324224
3393332224
6868242432
3272824832
2736223232
9232722944
3262234624
4222222336
2722484224
3274294272
3393682432
4678326272
3742222336
3436222464
4228472832
2277233664
6426232832
4664423424
3222633472
2227226624
9283636224
2222734336
3826229248
2328338432
2244242432
4368822272
2424244224
2633823232
2929334272
6743222272
2667743232
4298463232
6227427328
9234322432
3264223232
8726349824
4633293824
7223222272
9898292224
2332284928
3279224832
6932622336
2327822336
3342222336
9493266432
9762383872
2746343424
6242484224
2244282368
3342322688
8634427392
4934223872
3334326272
7333223424
2342324224
2232246272
6344978432
4224274432
7222239232
3492626432
7423732736
2722424832
4648246272
4732468224
7233342464
7243833344
2422247424
8333236224
3926392832
9382329344
2442343424
3222239232
3679224832
3282332672
2662838272
2236724224
2974277632
2223924224
6644323328
2726623232
3433322496
2674742272
6246367232
4722228224
7236276224
2227232768
2439734272
4228242432
9633229824
3688423424
3432462336
4922232832
3448633344
8327222272
6722443264
2972237824
7627242496
6322362368
2638262272
3223222272
8363239424
2843423744
2293684224
3642737664
8672479232
4274233344
3672372224
7224628224
8264246272
6727493632
8696223744
3332327424
3334243328
2268946432
3822328832
7933663232
3634783232
2222367744
7926327296
4632287232
6824346624
3226236928
6434228224
2229223424
3729272832
6326243328
8622244864
8983322624
3376223232
9226232832
9234233344
2663476224
9262226432
2323433472
9427894272
2722279424
2462262272
2642424832
2239924224
7429262336
6867432448
7242934272
3764323328
2327222272
7722294272
3423222784
8343322624
3723278336
2242934784
3446243328
7239263232
2732263424
2689426432
2623823872
9633272832
3826233344
2242373632
4243748864
3392223232
2722296832
3837236224
8744462336
4337334272
3742644224
6279222272
2672223232
9243922432
3393247232
3223348224
4396434432
8346232832
7322364928
2642228224
6224333824
9832389632
4242362368
2432822272
3722232832
2264287232
6368329728
2684229632
7394228224
3244982272
3822823424
8863924224
3669343232
6462224384
4326326272
9272228864
2223736832
2434783232
9289242624
3622843392
4762293248
2223263744
2284639232
4862226432
2773774336
7337443328
3222426624
2762463232
2427363328
2993332224
4272234496
2922422272
7762373632
2234463232
4644242432
7232743424
2643433472
3942623232
8732324864
2464223232
3928223744
4822223872
2734262272
2424338432
3923423232
8247322624
2222362624
4222222336
2933727232
9422482432
2932242432
4223926272
7462367232
6247732224
2348726272
2242279424
2733364224
6222262272
3223324672
2923292672
4424933376
2232372224
7362228224
2334734336
2332469248
8482742272
8238772224
3223332864
2288233472
2442729472
6432282624
2242424832
4636393472
4334222336
6333237248
2438324224
2674228224
2793234432
9943222272
8923828224
4422462464
2322962432
2222262272
2832692224
8274842624
2227636224
4328722432
2722279424
2223772672
6664244224
6426292224
4267423744
3326482432
3722422272
3239734272
8248628224
2433844224
7462326272
4466834432
8233242624
4226424832
2832863232
8822428672
3282783232
7243444224
2227282944
3226294272
2273426432
2362934272
7262222336
3734243328
9226232832
6482663424
8232822784
2624284672
9824223232
4229343232
8982239232
9272287232
2334234624
3226232832
3824822272
3722934272
8292238336
9432244224
6786228224
6392223744
8726923264
7233422336
9364276224
2442682368
2379743232
2232244224
2424824832
9362228224
8922232832
2377234432
3432476672
6223772672
7464372224
4732342272
3784423424
4337422336
2232822784
4242366464
8938422272
2429622272
2493722624
6222277632
3882232832
2392444928
2967322624
2673229824
2432223232
3232479232
3372724224
2972327936
6384223232
2443762688
2328223744
2228242432
3846223872
7233247232
2282422272
2639378432
2333364224
3332662272
3624433664
4483423232
3243237376
2722332672
3626232832
3296282624
2223284224
3443474432
4832274432
2633443328
7322232832
8742324224
7723743232
3466422272
6423222272
4226424832
3272379392
3627282432
2329234432
8432223232
4327732224
9222672384
9234322432
3236626432
3422224384
3744223232
8227423232
6422324224
9223223296
3222324224
2428442624
2464223232
7422222336
2628242432
9273882624
2962322432
2282299392
2232927232
2472474624
2234324992
3224633344
2323427328
2227226624
4432439296
2793447424
2822247424
6242622464
2327222272
2226233344
6726623232
2326226944
2348724224
8324278272
2732222464
2233663488
8483228672
4766222336
2699423744
6274279424
2642633728
6423267328
4232884224
3433336832
9222326272
4742247424
4236263424
2438324224
9824282624
9436383232
7232632832
4962322432
3382324224
3372664832
3333428224
4642424832
2223224832
2327263232
2343263232
4272822272
4424372224
6263263232
4222439424
3342328832
6438243328
3226232832
4286226432
2334332928
3232333824
2433462272
2338783232
2937268224
3283832832
6283323392
3426377728
7682228224
3933622272
4933236736
2362463232
4282422272
2633227264
6823348224
8247222272
2222262272
4323444736
4324432896
2288233472
2292242432
2324323328
2332263424
2234292224
2724323328
2227423232
4332293632
3422226432
3322642432
2224267264
4224443392
7233247232
7272249344
2692366336
3322463232
9892276224
2862347264
2422324224
2224272384
2723474432
3232223232
6426292224
3763423232
2643382272
7324342272
3332942336
4832822272
3422623744
4347343872
4432284672
2262247424
4362232832
3326239744
4364724224
3293622272
2242844672
3242292224
3222879232
6827444224
3249247232
4263222272
3444238336
2233426944
2972222464
9837492224
3474322432
9447732224
4446324736
2232479744
6323344384
6332342272
7828293632
3424227328
2222833664
2338233344
2432232448
6642832384
4233823232
2624223232
6327223296
2242893824
4229343232
6223634432
2322228224
4322424832
2749622272
3824436224
2682934272
2929339392
9327224832
2282422272
8422262784
9384722432
2227346432
2472423424
4389343232
4864632832
7232227328
4236222464
3443423232
2224827392
2247263232
2232436736
2832274432
6323474432
3724222464
2283444224
2822843392
3233339392
6232244224
3343243264
4473823232
7332366336
3293236224
7323367424
4632937472
7242642432
2242463744
4224272384
2223222784
6336223232
2283743232
4434783232
6846222336
2434742272
3742644224
2242322432
2642337792
7942264832
3369823232
2222262272
8222393344
3223442432
3247843328
8224227328
7299423232
2884242432
2284343296
3324434432
4683333632
3229326336
6633322496
3338422272
3932223488
7262226432
8233273344
6232223744
9322932224
6223463424
3222324224
8693223424
9332344832
2942324736
2823493632
7622879232
3293323264
6332244992
7234322432
8624248832
3328632832
4663222272
2832666624
6292222976
3242294272
9222623232
2432437248
6833332224
2626229248
2683239424
6283922432
3722933248
3322294272
9229238272
2243943424
7222249472
4624483328
2347743232
6223327232
6243233792
2376628224
7629492224
3239322624
3243497472
7223322624
2634343424
3722463232
2476222464
4237283328
2863284224
2326326272
3243487232
7222632448
3432462336
2337247232
3372726272
2432442368
6323423232
7228442624
3723282432
2327442432
8733237248
8442322944
2342243328
8227346432
3262439424
9822372864
9323242496
2993234944
3374262272
4826382336
4474343424
3293492224
4322642944
8464922624
3233272832
9644342272
3337823232
3239223296
4334234624
6226827264
2943244288
3443636224
2327263232
6338484224
7422623744
2622482432
3224372224
2249362432
9792223232
2482399232
6427444224
2382482432
3396323328
6433349632
4223463424
9326482432
2232722432
2842294272
6443743232
9623734272
9443423232
6992223232
2263324672
2237622272
2227832832
9242422272
6233232384
7926247424
7463329792
3236626432
3434763264
2422223872
4442949632
2998623232
7226422272
2472223744
2472722432
2272223232
2242486272
8242229248
4222362624
7234332672
4439263232
3429233664
6336274432
2237323264
9229287424
2272483328
3423634432
4733722624
7627828224
9264223232
4232824832
4234394624
2742633472
3482422272
7223442432
6238943232
3748242432
2429323264
4364342272
2229428224
2274228224
2832822272
4732222464
8348342272
3244343296
6424884224
8922292224
3692263424
3299423232
6224223232
3774738432
8422324224
6287246336
2287224832
3734324224
8227423232
4333279232
4822262784
2247222272
2222262272
6226962432
3323323392
6662262784
7224722432
2727223296
3643922432
6227636224
2632844288
4836447232
7428242432
4223643648
3332342784
2942363648
3869236224
4327647232
3682228224
9366324224
7224228864
9222329344
9476622336
6393227264
6322399232
2424346624
3237223424
3872233472
8223243264
8442292224
8273334272
4742326272
6297362432
6239243264
2346422272
2223243264
2647322624
9339423744
2222226432
3298663424
2776244224
2693727232
7392232448
8333283328
9444622336
6922339328
3642273792
6892263424
3443764224
7228826624
9433336832
3892447232
3242339328
4424822784
7422263296
6232634368
7426228224
6343223296
2834229248
2822324224
2822247424
2839732224
4384223232
6262367232
8436242432
6327322624
3467323392
2842232832
6922423296
3272276992
9363636224
4662392832
3244273664
2466834432
2342623232
3632436224
3293663232
4336443392
2334326784
2222226432
2663647232
2832223232
6428442624
2394386432
3842322432
3232282624
2334222336
4646623232
4232246272
3232786432
9366247424
2248628224
4222263296
2272223232
2763323392
3926964224
2228662272
8492434432
4322363392
7232227328
3463263232
2634636288
7662262272
3296223232
2243922944
8668383232
2343222272
6232246272
2342432768
2232297472
8623224832
2734234624
4334646272
9373323264
2392244224
6628242432
2942774272
9649334272
2722827264
7624423424
4628242432
2422883328
4327323648
6638823424
2272333824
4237243392
2224823296
3424922624
2489242624
3643342848
2384233472
2246623232
3243922432
2346292224
2222482432
2464223232
2322622464
9272246272
3288338432
3223273472
9232443392
2643467264
9462324224
4222862336
9274232832
8422623232
7442228224
4783634432
4282422272
7722292224
9478633472
2339832832
2832483328
4933343232
4462262272
2673247232
4427239424
4434233344
3343327232
4423324672
2432724992
4837343232
6322868224
7244242944
2227643392
3444276224
4878644224
3292383232
2273294336
8222994432
2384233472
4224223232
6432282624
3732327424
2262247424
3322382336
4443922432
6244242432
2723636224
6342623232
6982324224
3632692224
3222324224
7329462272
4372447232
2729234432
2428432384
2269663232
4482332672
2264287232
2264246272
2234642432
8282463232
3272462336
6476222464
2222262272
2234292224
8634292224
2624694272
9434642432
3322642432
6723723264
7248223232
7463826432
7238326272
4293223424
3624228864
2373663744
4294324224
2286222336
9336884224
2622388224
2337332224
4324242432
2234294272
4926222336
3324383232
4682343424
4264249344
3232223232
2232244224
3626422272
7422943232
9339922432
4449422336
2224822272
2664722432
6278324224
3723282432
6662428672
2232334336
3432372224
2693223424
3232628736
3726222336
2942482432
4332468224
8332222464
3732342784
2332237824
3832846336
2426422272
3824873472
2963226624
4293224448
8722343936
4738742272
7232436224
8743442432
2442322944
4626322432
4423272448
3268293632
3233723392
2242742272
2634727424
3239263232
7322364928
4734644224
3487634432
7436383232
8237323264
2722363392
3432763392
2873362432
2246623232
4224372736
4322494464
4222442496
6232633344
7247327232
4247322624
4282292224
4224423936
2223294464
3784423424
4272436224
2662324224
2332832768
3733223424
9273833472
9632274432
3433242624
3432423424
3223826432
3272244224
2243723264
3324623872
8382222336
7227922432
2222328832
4422324224
3232233472
2232374272
6272782336
8833844224
8723423232
2983732224
3334326272
3292442624
3328436224
6442979328
2234232832
4722238464
7222226944
2262329344
2737332224
6333243392
2723387392
3824924672
7726623744
7226472448
3429236736
2422632448
6782222336
6237343232
4332264448
8632246272
7632436224
3293927424
6268434432
2243432448
3933279232
6497332224
6742923264
9434932224
2922294272
6243239936
2244344832
4764222464
8282847232
2233742336
4833462272
2247822336
2332242944
2422324224
4433294336
2333773824
6228242432
8294239232
7682228224
2424223744
2833272832
4623327232
4382234624
2246367232
7328632832
2762422272
2723764224
3827423232
7227828224
7337227264
2842394624
2328372224
3863442432
2832823296
2222262272
4733622272
7262332928
2343322624
7733479424
2429326336
2322234368
2346473472
3426629632
7347943424
2324447232
8226783232
2224924672
7422222336
2944223232
4224479232
2472464384
9734324224
3223322624
4223327232
6349236224
3269433344
4383634432
3338463232
4249362432
3842238464
2823732224
8273334272
2722783232
7234322432
3394783232
3823263744
6823222272
9223227392
6294964224
9222879232
7323322368
6223289344
2862262272
4288282624
6224223232
2327732224
2643262464
3829343232
6243226624
9423224832
8824423424
2943463424
9226232832
3323282432
2472244224
2722742272
2682382336
3232284672
4262623232
4239284224
4334262272
2222249984
2623224832
4474292224
4224333824
6986932224
4424372224
4622442496
4339226624
6723423232
4423223296
2884323328
8224436224
2347333632
8262623232
8422223872
8234932224
3297334272
6722322432
2342733824
2242322432
2224272384
3392223232
4636229632
9232722944
7926264832
2446772224
3423422464
2822222848
2283322368
2222266368
2332942336
2727822336
9242463232
3422362624
2439732224
7622623232
3349223424
7942239232
9297422336
9232692224
7392822272
3824274432
9222226944
2262243328
2236263424
9272244224
6333883392
4322747392
2328338432
2332383232
6647732224
2342326272
6932472832
7442362368
6747282432
2336223232
2373394432
3964442624
4273247232
2466787328
6328423424
7234322432
8432822272
3383322624
3624927232
3223399424
8338424832
8628344832
3492242432
4282343424
4823647232
2342373376
2732442624
3432379392
4832223232
9424487424
7326222336
9324724224
8233242624
2327263232
3289823232
2238222336
2394232832
3336372224
4298343424
4322332672
7322676224
3394228224
4932242432
4337334272
2636324864
2736863232
6392334336
3626232832
3334223872
2248246272
2222226432
4323324928
4622943232
4966623232
2823222272
2248374272
2943224832
8267323392
4633232384
2477236224
3466422272
6228626432
2626424832
7462243328
4399327232
8623263744
3232233472
2493637632
2732242944
2822324224
2446332928
3893438464
4426932224
2469343232
3473333248
2478646272
2463224832
3279423488
7442663424
3334226944
7472436224
6226322432
2674233344
2472223744
2863243264
2423328768
2244472832
4393874432
4292242432
2284434432
2632992768
2233823232
2322622464
2222222336
2838623232
3322228736
2776244224
4222224384
8623286272
3433273344
4434633728
4622262272
2934623232
2622224384
3623734272
3243323392
2223422464
4424722432
7628724224
2422396928
2624333824
2884242432
2223263744
9626932224
3674723328
2263824384
7682322432
2269236224
2333637632
2342324224
3427986432
3223348224
2332469248
3272927232
8342324224
3934222336
2327222272
2223222784
4664338432
2427322368
2222222336
8422623232
8264423424
3234424832
4632334336
3233227776
2222482432
2223243264
4248287232
7662262272
3223327744
2233782272
4242322432
3222239232
2234322944
3233439232
8272922624
3223263232
8343442432
6742623232
4933343232
4422223872
3223732224
4462222336
2398324736
2224223232
6273334272
4322428928
6274842624
7463442432
8642332672
6736223232
2333663232
6247442432
2422334464
6322373632
2628923392
3632223232
3448334336
6237326336
7322983424
2623336448
6474422272
3422322688
9223263232
3673423872
2628242432
6328223744
3286243328
2223627264
2262224896
2222362624
2343962624
8223327232
4772496384
6224692224
6236442624
4492342272
3982222336
8333492224
3236276224
4222222336
2822243328
6338422784
2722932736
9832249344
9732626432
3387282432
4874322944
2323432448
2873232384
2624483328
3223222272
9326772224
4332343296
2223327232
4636237824
4693983232
2232244224
7443227648
8422373376
4326239232
3663926272
8422226944
9342862336
2386322432
8242972672
7236242432
3226463232
3336372224
3332363264
2337972224
2686222336
3227322368
2622687232
6348222464
2732242944
4283249664
9234322432
6493279232
7972626432
6462646272
8442343424
3422482432
4222482432
6422324224
2923282432
6226332672
2222262272
4323226624
8224837632
2447327232
4243638272
7373343744
8924229632
9224722432
2242322432
4773343232
8333622272
7428242432
2643324928
4273332224
2339226624
4279322624
2228242432
3222284288
2932293632
3242422272
7292442624
3836383232
2622644224
2222833664
2272743424
9833232384
3232229376
4273462272
3332732928
4868323328
9423762432
2926823424
2234683392
8372933632
3633426432
4346343424
2224223232
9394322432
8482233344
3822226432
3234322432
3274422272
9323743232
2832922624
3863222272
6276327424
6842343424
3323623424
3623222272
3232248832
2772323328
3223732224
2936633344
6462222336
2823962624
2697234432
6822239232
4263237632
4232722432
3642292224
8224274432
7292222464
2226783232
2327263232
7423429632
2232287232
3493262336
6826294272
2272227328
3933323264
6393443328
2242922496
4244293632
4422646784
4323894272
3322232832
8827977728
2222236672
2333492224
2473227264
3822222336
8243423232
2744338432
4222866432
7372342272
8423237632
4322322432
3422262272
6246324224
4226742272
3227922432
2283333632
2477492224
2462262272
9477343232
2233242624
2232244224
2276242432
2442232832
4232334336
8944223232
2322399232
3638324224
3244229632
2226228224
6342264832
3634922496
9962422272
8662239232
2274322432
4928223232
4336822272
4293822464
4642424832
2739423232
2322322432
2622222336
2222362624
7472632832
7463222272
7364242432
4463422464
4622262272
4326433792
2643636224
6232424448
2673333248
4722484224
7422326784
6832223232
2822239232
6823324672
2649336832
4226332672
4362426368
8242742272
9663224832
3223323648
9332283392
8222222336
7336372224
7243323392
3328443392
6637323264
3233229824
8482228224
3323444224
4382943232
2822367232
7424223232
2234422272
2926262272
3332327424
2422633472
6227832832
6923326464
2282932224
3273268224
2622836736
9488436224
2433722368
2228622336
8342239232
7263284224
8373274624
2339636224
2922676224
2938232832
9337242624
3228639232
4232423424
2274228224
2733287424
2947423232
6222262272
2782738432
2282727424
4736274432
3322427392
4432282624
4774324224
9232872448
2848223232
3268276224
7326234624
2426292224
2423834624
6682232832
3933492224
2447243264
7272732672
7224338432
6333238272
2242363392
3344274432
3922228224
2323346432
2238226432
4422324224
3229236224
2242783232
4462332928
2822367232
2434486272
4322332672
7242422272
4264722432
2792223232
2633242624
4477364224
2772327424
2462262272
2322747392
7242292224
2237323264
7243794432
3223734272
4323423232
6222388224
2224282624
8933343232
9386932224
2622439424
3262222336
3922363392
2433972224
3324434432
6364229632
3247228928
2726324224
3227367424
9728223232
4633423872
2922723328
3223322624
2242443264
3432773632
3223222272
9263327232
2292323328
3443423232
2232244224
8233334784
3322343424
2232423424
2229343232
3482642432
2773223424
8423824384
6332442624
2726674432
4344224768
2326223872
4242333696
3322423296
2248372224
4222328832
4332237824
6273422336
3234322432
2432223232
6633273344
4622823424
2272333824
4733238272
2924724224
2393823232
2432372736
2344372224
2822324224
2328927232
6627423232
4433332224
6436242432
6622224384
3242422272
6343732224
3392227328
2247223296
2292242432
9327627264
3343327232
6239222784
3747423232
6624436224
6238943232
8333262848
3436982272
8273334272
2922678272
4922427392
3333233664
3222672384
8242622464
2722228224
3332622336
3232376832
2282292224
3843982336
4283363328
9667636224
3226292224
6247826432
9473337344
4398823424
9226322944
6333238272
6623224832
2342843392
6482962432
2832223232
2474346496
2274793472
9624244224
9342623744
2263227392
6433334272
7272223744
4722322432
2236342272
3326623744
7226932224
2294264832
2879224832
7224247296
2242742272
2692278272
9926239232
3222974464
3486224384
3422949376
4687634432
4266949632
9232822272
3793434624
3727337472
2332233728
4264824832
2229266432
9483343872
9467922432
3672372224
7222249472
7693748224
6842382336
3742482432
2292429824
3442834432
7244383232
2746343424
7436724224
2432632832
2433332224
3722422272
2424244224
6222393344
8428434432
3394228224
2348222464
4279222272
9424794624
4236432384
4723342336
8768223232
4942823424
3424223232
4222286848
7264223232
8243472384
6839222272
8322663424
2762293248
7333428224
4322233344
6492263424
2626282496
3436434432
3633334272
2283282432
9223442432
4388323328
2642279424
3262943232
6236428288
7742222336
3627292672
4473443328
2272234496
2334777344
2244923392
2933347328
2332342272
6783732736
7222672384
2337844224
2282932224
3773323264
2263263232
4232228864
4322639872
8344374272
7732363264
9228222464
2722292736
2337722368
9223222272
3982247936
8422682624
2999222272
2272242688
3234742272
2389343232
3224244224
2873439232
6233372672
2227423232
3322642432
2283623424
8222226432
3444282368
4224223232
2224232448
3328223232
2372364288
2942226432
3233339392
4463327232
2332342272
8423493632
7264822272
9424223232
2736822272
8223243264
9476242432
4982329344
2749323264
6893323264
2832282624
3677324288
3289823232
8744722432
2942687232
6232332288
3326222336
2428342272
4226486272
4333432832
2263442432
8236222464
2442768384
4232634368
7826663424
2629372928
6248843264
4373223424
4222226432
8376246272
3249334272
2437343232
2723233792
2427922432
3396626432
2332342272
4723724288
9447442432
2264379392
6333366272
8422838272
3627829248
4222239744
9972242432
2292626432
2622388224
2244278272
2692327424
8243233792
3897234432
4482842624
2422223872
2882322432
2324323328
4343227392
3863263232
2783634432
2327322624
2376372224
3822262272
2433722368
4892222464
8229332992
3362783232
8422633472
3367222272
7438774272
2623372288
9344863232
8293343232
9843433472
2388323328
2423732224
2438367232
3323922432
2627342336
7622324224
6274322432
2223883264
3226763264
3222623232
2843367424
3432246272
3448233984
3742222336
8923239424
3772447232
9833234432
3944722432
9234279424
2834962432
8423223296
2433332224
2322373632
2792332288
3233384448
3234783232
3232274432
2833723392
2244728832
4232287232
4262326272
4472423424
4432232448
3246734336
6842232832
7922783232
9239732224
7232272384
2222943232
3424223232
6238738432
8322322432
7242293248
2266422272
3942623232
3244427264
3927222272
3922228224
8222437376
2486243328
4772728832
2222262272
3642932224
9342364672
8848233472
3229923328
3632822272
4724323328
2876434432
4297234432
2232464384
2367422464
3333233664
2638226432
4442949632
2266292224
9222623232
2322444288
3722422272
8332724224
2729247232
3437283328
2236222464
2223429632
4648843264
3236329472
9373432832
6937232384
2223929344
2293238784
8236434432
2343647232
2343478272
4422772736
8633827328
2382644224
4634322944
4424466432
3432246272
2643423232
7894247424
2823647232
2332427264
9222223872
3822393344
2272223232
3732327424
4423348224
3662224384
7392274432
2424423424
2742923264
7422262272
2333343744
2946443264
7223222272
4722229248
3432374272
2833332224
8279222272
8864436224
3962422272
7823246336
3998324736
2942492672
2874932224
3733223424
4222687232
2739277824
9222334464
9223783424
3222223872
4237492224
9233332224
3447323648
2672822272
8272223232
4232927232
2822633472
3263668224
2233372672
2263822336
6222224384
3343327232
4329439232
9242467328
4322228224
6834233344
2947423232
3223737344
9222243328
6222862336
8224223232
8234934272
6392884224
2322842624
3262772224
4287222784
2834962432
2274322432
3438874624
3292442624
3328436224
7922422784
2429237248
4222277632
8224232448
3832379392
2222262272
6622947328
3943322624
2463248384
7229842432
2247222272
8326239232
4423476224
6269722624
2722842624
3944244224
7424694272
4922343424
2626446336
3233386496
2822228992
2243233792
4484327424
2222439424
3672373248
2637326336
6667323392
4222478336
2873362432
8223843328
2472423424
7332662272
4733323264
3784244224
3923423232
7243282432
2322663424
4483636224
3242323968
7342222336
3434463232
3727222784
9222427648
3346443264
8632423424
4672223232
4433434624
2472372224
2423742464
2372276224
3826228224
4933343232
2223736832
2848443392
2822326272
9442322432
4832822272
6632287232
2263227392
2623327232
6322228224
8662243328
3479222272
4226322432
3838262272
3223222272
8748222464
3322437632
4723226624
4882399232
2268434432
9226292224
4323636224
2242793472
8462644224
7922484224
3322872832
3468383232
8244626432
2343732224
3422932992
4224223232
4224922624
4226228224
2234322944
9422222336
2223228928
3226744832
2633742336
4342426624
2343263232
2646239232
3422927872
6422247424
6223327232
7287222272
3637223424
2782644224
6338332672
2422377472
2392722432
2278836224
2223224832
6436622336
9623222272
9342263296
3228233728
2443892736
3233642496
9722292224
2243367936
9222623232
2342623232
3327924224
4474642432
8844263424
8743222272
2922422272
2243423232
4222262272
2263742464
4423222272
6329227264
4263263232
2672333824
8222943232
2824244224
4382623744
3732472832
6292447232
3423627264
3222623232
8934674432
8934326272
4448632832
2237236224
2222222336
2692472832
8943224832
9493233664
2734262272
2979342336
3294226432
7623222272
2736233472
2942362624
6762463232
2473322496
2382262272
6722473984
4794294272
6482233344
3422393344
6347743232
2322622464
2323943424
3232223232
3746228224
3447222272
2262239232
4727222272
2382226432
3222247424
4237236224
2273247232
9324724224
2662623232
9472274432
4722228224
2223243264
4233232384
6833748992
2722322432
8343222272
7432338432
3374362624
2239224832
3334427648
6382823424
3262234624
9333622784
4663734272
7482642432
2726283264
4462262272
3292324864
2934627328
8293234688
6222239744
7283423232
6733432832
4324624384
9382324224
8722962432
6684222464
3783332864
2432223232
7374222336
4322228224
9432822784
4336223232
6497722368
3942324224
9224824832
2626363392
3262328832
9393823744
4266898432
3826663424
2692447232
4773822464
3223222272
7229242368
4343267328
4247478272
9232274432
2249242624
8274322432
3442373632
9476327424
3722422272
4232634368
9634936832
2322322432
2227723264
7824223232
9422222336
2934324224
3338297344
2332342272
2228293632
2233227264
6633874432
2232336384
2279742464
6222332928
6623244288
3466343424
2329362432
7346233344
3237224448
3833234432
3243743232
2344246272
2272442368
4243226624
6972233728
8823734272
2227423232
2394422272
9222842368
3232233472
2224439296
7293364224
9329272832
4224274432
3463732224
3242292224
6623924224
2322229248
2743322624
3962463232
2362232832
3422439424
2364242944
6923333632
6722322432
2334226432
2333492224
9273423872
4429842432
4836327424
6422682624
6262243328
2223693824
3262277632
3437366272
6424884224
4626399232
7276222464
7223732224
4439222272
3362229248
2664886272
2977272832
4232822784
2646222848
6737332224
2627239936
8436662272
3363277824
4623734784
8787423232
4672692224
2743732224
6672227328
2224272384
9226422272
3826233344
2464863232
7248822272
2226233344
3922424832
2243764224
7722332672
3327422464
6732726272
2728334336
2243232768
3466422272
3743642624
3274932224
4822646784
4862222336
2222277632
2334322688
4332698624
2242443264
4822298624
2287224832
3783263232
7224424448
7338422272
2924982272
7222324224
7623476224
6743348224
4947423232
2292624384
2224722944
2323423232
9927263232
3328223232
2362422272
4232722432
2633396224
4823442432
3262362624
3243444224
9434232832
3438222336
2623336448
2332222464
9334326272
6626234368
8423822336
4232628224
3846326272
4926482432
2423222272
9233422336
8224223232
6232244224
9232743424
4223284224
9424822272
6223429632
2234763264
2322228224
7248438272
8626249728
2839647232
4362426368
2673682432
6423222272
2272443392
6972342272
4824373248
3463223296
4274742272
7267723264
9332329472
2333236224
3243922432
8273247232
6439822336
4922232832
4733366272
2632927232
6284982272
4224443392
3372724224
6378422272
2264338432
7326234624
6393372672
3476242432
4828342272
2326239232
2434373632
3328333824
4644923392
2622943232
2423332864
2333722624
4244882432
4932626432
3734239232
4333236224
3424223232
7273746432
2763444224
8222734336
2433334272
3226472448
8922343424
4677433344
2327732224
2227423232
2226322432
2423222272
2422887424
7626292224
4432822272
3322423296
2223693824
2928333824
3878239232
3332329472
2223444992
2666322944
3494632448
2222649344
6424634368
6246283264
2272487424
8423322624
6823223296
3223222272
2933223424
2632886272
9682228224
2722424832
8722622464
6276923392
8222772224
3222283264
4492724224
2722322432
3423627264
4823222272
3622284288
9324263424
2263263232
6683444224
4226322432
3422222336
2222482432
2264249344
2272272384
2992632832
2739723264
2632763392
7242682368
4224479232
8866322432
4647263232
2323236864
2222263296
3638239232
4262682624
4243346432
2323892224
4222226432
2322663424
9232436224
3834232832
2862277632
3892622336
2636342272
9642427392
8323226624
3394622464
2923323392
3463862272
6324363264
6442463232
2843449344
9234663424
2222362624
6242228224
4473242624
2222644224
2892299264
7243333632
3238324224
2273332224
8626322432
2328732672
4233242624
3868263424
7446324224
9327263232
2362339328
2242742272
6624443392
2322228224
2434228224
3336722432
2473746432
3294222336
3622283264
2632423424
4932626432
3433234432
3442633728
4839348224
3224433664
2342324224
3287222272
2674322432
8233362432
4366222336
2324329472
7232692224
7293364224
7437842432
4242444288
2337334272
8627892224
4842427392
2872249344
3383822336
2422682624
2268724224
2383284224
4448282624
7222623232
8248332288
7622623232
7234742272
3673362432
6236242944
4962332672
9222283264
7743224832
3434422272
3634233344
3324724224
8363323392
2367327232
3322382336
2932283392
8424423424
6239374336
9274427392
9224246272
2222324736
2223732736
8896233472
2222277632
4664372224
7232632832
2447263744
6667282432
6622862336
4239433728
2824244224
9233268736
8222263296
4992436224
9429266432
3272287232
4462262272
9322422272
3637266432
4733663232
2362422272
2364383232
8638646272
6324363264
2328244224
4226832384
2243233792
3283423232
7334623232
6363423744
2423322624
7224372224
4272274432
2229772288
6242934784
4666232832
3624423424
2892383232
6783422464
7333343232
7344822272
2222262272
3486364672
4243872768
3328722944
4232894464
4922422272
4676622336
4282292224
3622326272
2242292736
9742262272
2337339392
2223839232
9774262272
2922293248
6927224832
6223327232
7322723328
9296922624
6738742272
7283636224
6222224384
6232722432
7232722944
2286226432
9246823424
8327263232
4762343424
7273396224
8222226432
3443723264
3467323392
2328338432
6272333824
4293223424
2343732224
6242332672
2642229248
9623442432
7432732672
7444242432
3676434432
2232397824
3324233728
8423822336
2634422272
9636238336
3229492224
6244667392
4293372928
8332343296
7944462336
3344922624
2328372224
8343442432
7827433472
3924498432
9423327232
2326329344
2262392832
4227448832
2237236224
8224223232
9323322368
4279672832
7327422464
2272223232
4426422272
6322869248
6723339264
4326674432
7223822336
9974623232
2422239232
4327327744
4626622464
6722868224
3362332672
2632372224
2224922624
4323448832
9234742272
2242444288
6234343424
7334623232
3232227328
4633447424
9242422272
8344374272
2223642624
4323832832
2294239232
8329232384
8339723264
2344423424
2424633344
3273439232
3742222336
2232244224
4822222848
3826783232
2333343744
2337938432
6293223424
8422239232
4624438272
8734328832
2423324672
9326362624
4392246272
4442322944
2736233472
4749432832
2224692224
2823826432
2284442624
3292263424
3434463232
2323474432
4642742272
3236323328
4443326464
6327322624
3828276224
2222224384
9622367232
9722463232
3223793664
2226322432
4744722432
2724222976
2233426944
8943327232
3883444224
4274233344
3422623744
4292622336
3324233728
2272632832
3332626432
2432233472
3482642432
2222697472
2897332224
2433333248
4824293376
3842233344
7222239232
6222393344
4983222272
3462324224
2373223424
2663732224
4234322944
2348222464
2234642432
3376223232
2264374272
7664233472
2436323328
2463327232
7736338432
8234723328
3292342272
2634422272
2782226432
2247373824
7223323648
2432863232
7247374336
3688246272
2833383424
6324242432
3272722432
9226266624
3222327296
6336692224
2224223232
3922233344
2422634496
6647222272
2743222272
6348724224
4842382336
7242422272
4347323392
4223883264
3492882432
3424372736
7236242432
4742324224
8276242432
3222938624
2842272768
2726733824
4346422272
6272827392
4832223232
3943227392
3384722432
6234292224
4639286272
2797236224
7686243328
2242673664
3397343232
3962847232
8732383232
2272223232
4422243328
3262222336
2422239232
2273247232
7467444224
2983222272
6234723328
3329426432
7424692224
3749343232
6323382272
4647227392
3242322944
2232436736
9264232448
2332264448
3224824832
2947262464
6393227264
6322322432
7262482432
8239222784
3823422464
7228724224
2722962432
8722642944
9683423232
7424229376
2344246272
2728884224
8234473472
2933262336
4624223232
2833332224
3643449344
3448927232
2272223232
3923723264
3637223424
6222774272
3736223232
2748342272
4372882432
2426344448
3223222272
2292293632
3372342272
3222239232
2928232448
2764383232
2438324224
3824223232
3622264832
7243326464
4766234624
8433462272
4392722432
4334388224
2834399232
2722322432
6633742336
3363226624
3444238336
3844282368
4224794624
6423672832
7368722432
2386322432
3226463232
9823762432
2323723264
2322229248
3623227392
2262623232
4423227392
2263732224
3232223232
2334234624
3222633472
4423237632
8422623232
2632246272
3222672384
3783442432
9242294272
8223442944
2972432384
2322424832
2733246464
2326247424
4672223232
6432333824
8333492224
4924639232
3322423296
4232372224
6279732224
4226742272
7472223232
2333323264
6243764224
9623227392
4624223232
4334222336
2423223296
2283282432
9362229248
2368223232
3282228224
3422226432
3444282368
3238324224
4282934272
6384274432
2462222336
8444639232
2622332928
4834322432
3223442432
3333727232
6374623232
6327222272
3742633984
2223736832
8363292672
2622738432
3398623232
8642832384
3222243328
2494226432
2262239232
2263476224
3244724224
3234228224
4233273344
2443423744
3233426432
2424466432
2936244224
9423634432
6222437376
2634463232
3223222272
3392233472
2628378624
4626322432
2222943232
4832292864
2824244224
2232334336
2223924224
4662482944
6342843392
6462439424
3242727424
4232886272
2272223232
3334243328
3924293632
7383222272
7426228224
6733343232
4844442624
2433342464
3443262464
2233827328
6883643392
2436323328
6233342976
6323743232
2473232384
9243999232
2628622336
6342326272
3332222976
3242382336
4348229632
9366326272
3829223424
2248628224
7622324224
4622226432
2944223232
3343224832
2472246272
4623337472
2442437632
2992227328
7722228736
2784487424
7634842624
3883743232
2623444992
8334234624
9243444224
3462436864
2722484224
4473439232
3693236224
7823337472
4243273728
2662377472
2963433472
2323226624
3424227328
2234266624
2936244224
7232922624
3232232448
2273298432
2686222336
2427623424
2722228224
3263333376
2423332864
2368223232
2287224832
3272423424
2329234432
2222262272
4276323328
3469236224
2244327424
3242932736
7632223232
2836363264
8364229632
2234294272
2734439424
2224223232
4343442432
2374633472
9462239232
2622222336
3322463232
2422923264
2247227392
8242322432
8666236928
4323382272
2298292224
3432423424
3922322432
8326324224
8282642432
9723363328
4226228224
3933364224
4224722944
6624232448
3682463744
7362332672
7382324224
3623227392
4222772224
6374623232
2224223232
2743222272
9344229376
2776269824
7422222336
2223263744
2662283264
4839322624
7343634432
7263327232
4233742336
3239329792
3822224384
2293223424
4472332288
4426422272
2422222848
3932383232
2387226624
4232773632
2232382464
2434228224
6222262272
2233242624
3247327232
2649439232
4222244864
4632287232
2232346624
2422923264
2229233664
2237279232
3672246272
2336274432
7227684864
7223822336
3223223296
6274332672
3392223232
2332343296
2842437632
6392372224
2227423232
2664244224
2279442432
3292383232
4323423232
2346463232
3227833344
3423924224
2923444224
2237364224
2234872832
9322322944
3223348224
3422226432
3429223424
4227226624
2433434624
9322386432
2729242624
2232246272
3623222272
6632372224
2362232832
2347833344
2848223232
2238644224
3367222272
7276242944
2233823232
4932472832
6642484224
3242642432
2233464832
4433422336
6242322432
3222644736
4322484224
3477223424
3343224832
2928223232
8876244992
2638262272
3242983424
8643764224
7232223232
8963433472
2422842368
3233462272
3637323776
4294239232
4222332928
7823386624
2423826432
6622439424
3243792384
6223843328
4238943232
4689332224
8233362432
2262334464
3923333632
3272287232
6722783232
4962322432
6222943232
4322363392
3322422272
2343263232
8342239232
4482873344
2442422272
7732242432
2283322368
8833247232
3483239424
8473362432
2622687232
3236447232
7829736448
6424246272
2328346624
8499423232
2272223232
9446623232
3673823232
2242623488
3272246272
2336438272
6343222272
2427282432
3263926272
3432244224
2422222848
2337342464
2333622272
2864822272
6423732224
6323269632
7232333824
3626473472
2398234624
3224348672
2978322432
2894226432
7632223232
2236222464
4226424832
2634723328
9722382336
2824223744
2464282624
2243623936
2242234368
9424924672
2392223744
2643342336
3264223232
3444472832
2482322432
8324293632
3462633472
2886264832
4226233344
6323423232
2242422784
2322229248
2222442496
3328436224
2463244288
3324229632
3233422336
3332882432
8742324224
2243723264
4233234432
8282292224
3447324672
8263222272
4493237248
3336628224
4272233472
3823642624
4743732224
2334224384
3338422272
4244434944
6242484224
2324363264
9292263424
2223286272
7872223232
4424338432
2296722432
2434228224
3229722624
6433272832
3843346432
2832822272
9237262336
2238736384
3322322944
3622623232
3238239232
4277233664
7968223232
2332222464
6237236224
2336232448
2227423232
2322233344
2362763264
2237432832
6792372224
9422263296
3829942272
2322322432
3962266624
3622223872
2324238336
3474233344
3732342784
4287762432
2227922944
2626277376
2432284672
2222887936
8922232832
9322463232
4434373632
4224632832
8274622464
3292342272
2242332672
3327924224
2962234368
4273332224
2246239232
6237663232
2283239424
6432223232
3433234432
3396626432
2326324224
6326239232
9442962432
6232348672
3262324736
2623393792
2784362496
3726439424
6242793472
2426742784
3223222272
3632722944
3633422336
2484327424
7224224768
3342687232
8278623232
8279322624
2943243264
9234834432
3233974272
4329823232
9224334336
4736227328
2382364672
2322637824
4732942336
4262324224
2774623232
8928274432
4824244224
3239732224
3242932224
2823732224
3834379264
2276622336
3248632832
8423222272
3732662272
7337823232
2737332224
4268222464
9232223232
9646646272
2626322432
6722642944
3863822336
6232372224
2442292224
6223422464
2423263232
2232244224
4393242624
7842834432
8683333632
6342879232
2328773632
6282422272
4332383232
4672479232
6624223232
2222328832
2262776832
4493238272
2626282496
7793422336
2282343424
4732342272
2897334272
7233426432
3722232832
4222388224
9442629632
2283363328
9824692224
4262633472
2472338432
8267333632
7673234432
9922228224
6472423424
2222797824
3423228928
7262943232
4322363392
4427623424
7233733632
2927224832
3382964224
2723423232
3266332672
4238277632
3666322432
9866422272
2626332672
3237243392
4322228224
3334223872
3732242432
6822324224
3842729984
7383222272
3846226944
7226232832
3343926272
4262223872
6374623232
2726226944
2462697472
3263327232
2633269248
4627423232
7343243264
9723237376
3327284224
2696722432
2222222336
3747344384
4374836224
2224822272
3646234624
6293343232
4736282624
8238262272
2886324224
3376223232
2223732736
7472232448
2362473472
7332242432
2637492224
7842322432
6722834432
2422324224
2743732224
2438239232
8772323328
2692327424
2622738432
3222674432
3232223232
2483423232
3362229248
2492342272
3323922432
3664948224
3272382464
6324328448
2762847232
2482322432
2223228928
2628634624
2322322432
7322232832
2233278464
2426933248
2738228224
4632246272
6679322624
3722343424
2944483328
2326223872
4432223232
2222364672
3224332288
3382324224
7222224896
8323482624
4922232832
2362232832
3872223232
3823327232
6224372736
6342674432
6227228672
2634422272
7283423232
6423222272
7724342272
7228383232
2227226624
4323232768
2243342336
3222426624
2223386624
3822224384
3822772224
3423627264
3733223424
3243278336
2423222272
2234294272
6224333824
2437863424
3344232448
2922427392
3422324736
2227444736
3382324224
7283423232
3362424832
4322446336
2243483648
4442422272
2624248832
6237622272
6369247232
3494239232
9234228224
8226742272
4222478336
7842484224
3323323392
4232722432
2248372224
2233242624
2234292224
3672773632
6446222336
3723922432
2224223232
3878324224
7433633792
8733242368
4836242432
4926943232
3234422784
3272843264
2732263424
4426463232
4326324224
6323643392
2332647424
9623222272
2993332224
2822367232
2234339328
4342367232
7422347264
2844222464
2444229632
2464863232
8333364224
4983222272
3224244224
4934633472
7333822464
3244263424
3432763392
3482339328
2323382272
3447222272
2232462336
7826663424
3642292224
6432232448
6323687424
2679322624
3223732224
3938228224
8974262272
3482382336
2223243264
6246367232
6823223296
2933223424
2323636224
8246247424
6436323328
3362463744
4272743424
8238262272
2338228224
2239248384
7234873344
2348726272
2232223744
3466723328
2232244224
2794422272
2324242432
7276222464
3263627264
9226463232
7282322432
4733366272
2394437632
8726239232
6222226432
2364233728
9333223424
3743222784
6332324864
6724242432
3874233344
3742328832
3834228736
8274228224
2778292224
9722322944
7242423296
3879222272
2232389632
2268383232
3322422272
3226872832
6333243392
2234422272
4234422272
9736372224
3742222336
9464628224
3429276672
3424438272
9423284224
2224436224
4222736384
4986422272
6222347264
8634294272
6772626432
9442228224
6332383232
4373233664
2263822336
2822334464
2224223232
9243743232
2732434432
8322229248
4424722432
6723427328
9222326272
2297242624
3473229824
9683382272
3962232832
7622284288
4226332672
2633424896
3223928832
2233739264
2372323328
7232446464
6242322432
2392423424
6723434496
2732442624
9343224832
4238646272
7866422272
8922232832
2228323328
6849844224
2362236928
3347922944
3933923328
7232223232
2638772224
7434294272
6423273472
2828726272
3427636224
3283423232
2232276992
8226486272
4328633344
2328346624
3329332224
2338238464
2447243264
2723642368
6322322432
8423732224
6938232832
3482343424
9222226944
6732263424
2467764224
9834437632
9644383232
6624223232
2722673664
4382324736
2623839232
8333663232
3729422336
9222239232
2482229248
2334234624
2673247232
3294234624
2323832832
9232744448
9782324224
9324434432
3928978432
7244242944
4622234624
2439862272
2244732928
7364329472
7238326272
6484242432
3446284288
4324293632
3242642432
4723423232
3672423424
3772342272
2822432768
4433422336
3722373376
2274742272
4233723392
2296722432
6222234624
7267892224
3672474624
3229243392
4224292864
8742239232
7624628224
2392246272
3483623424
2347333632
3324242944
2223222784
3232692224
2234382336
6444383232
3438226432
2223722496
3762296832
4466332672
2344374272
2922467328
4226322432
4276626432
7223223296
2442934272
2237927424
2223222784
4262923264
6232244224
7333643264
2242233344
8442427392
9942223872
7247374336
2422462464
6643423232
8368822272
2422324224
4272922624
6323943424
3444662272
8296462336
3263333376
4263647232
2492639232
7223322624
2236643328
3922332672
2672822272
9224296448
2223924224
3462247424
2468323328
2238332928
4726239232
4232332288
8442932224
3662646272
8323482624
6224479232
8233823232
2227226624
7622842368
9224722432
6332724224
3222324224
8334823424
7787423744
3627444224
6786443264
6364222464
6628242432
7226642432
6862262272
4373942272
8234463232
2633439232
2422964224
2722373632
6282847232
2822239232
4622267392
2244634624
2462644224
2442422272
2822334464
2823733248
8622226432
2233329664
3643282432
6734234624
7424743424
4238623744
4423822336
2426232832
2822226944
2322446336
3722932224
2294623232
3243282432
2239924224
4347322368
6229727232
3392223232
4624436224
6762642432
2228967424
2826738688
2229224448
2264722432
4222687232
7722232832
3873462272
6332233728
2632332288
2827323392
3478324224
4744927232
2462823424
9264223232
2223374336
9342267392
4226322432
6264372224
3222627328
3286239232
7232223232
8622364672
2332442624
2994633728
2743647232
6433383424
2424389632
9223322624
2232246272
2234422272
7422324736
4223224832
2326249472
2632348672
9637332992
7238243328
4646324224
7222247424
2772242432
4786233344
3734632448
3722463232
3922868224
7339282432
2493637632
7362362368
4339226624
2273332224
3722232832
2323828736
6282422272
2648346624
2328244224
4246729728
2338484224
4643423232
2347444224
2962233344
3242268672
4323943424
2422243328
7344743424
4324329472
3239822336
7232632832
7662222336
7223442432
2263222272
7733223424
2223823872
3342224384
3349236736
3392223232
6622482432
6494234624
2222994432
4224743424
2223693824
9422222336
3632822272
3724427264
2736743424
6273332224
2374627328
4437684224
3262222336
6246239232
2322322432
9233383424
8947636224
4228329472
2329823232
3462623232
4676622336
7464246272
7632822272
6248629248
2864227328
7762233344
4344274944
7444242432
9224423424
8472223744
2667423744
6272632832
3742244864
3379262464
2224223232
4683239424
4784227328
3233722368
4436276224
4726243328
4872462336
9233422336
2729362432
2724222976
3242693632
2384223232
9722422272
2422239232
4224223232
2333773824
3222623232
3293323264
2229233664
6422367232
3223732224
6932276224
4272274432
3724222464
2262926336
4624274432
6226362368
2737972224
4322228224
2332327936
3242232832
3232932864
3472333824
2222823424
4426463232
3242422272
2327732224
4323228672
9342324736
3692242944
7223322624
2422923264
4277223424
3723922432
3273332736
2823263232
3983732736
3223733248
6223796224
3477223424
3224293376
7842322432
4234232832
8838324224
4729242624
4226383872
2443363328
2328246272
2223286272
2368223232
3232922624
7448633344
2723423232
6223333376
4444639232
4362422272
3234373632
2333622272
3833234432
3344223232
2244429824
2784483328
4672223232
6226832384
2943762432
4223924224
7222648832
3424223232
3333224448
2922266624
2223839232
7278482432
2422226944
9442443264
4232382464
9243922432
2273682432
3629842432
4332229632
2247826432
8672692224
2242373632
2226332672
3323282432
8232346624
4723892224
8262286336
3723323392
2933863424
2682343424
7323322368
3224372224
3873334272
4342772736
8232633344
2432463872
4368232448
3223263232
3422239744
6233439232
2238738432
7223422976
3322232832
6423324672
2248393728
8462862336
3324473344
2227342336
3239348224
3336223744
3363423232
4239284224
8423237632
7834422272
3333343232
3222222848
4369332224
3426322432
2924639232
3223783424
3223263232
2634463232
4323227648
3274727424
6332342272
2242322432
2432223232
4382234624
6243383296
3242272768
4333773824
2339423232
4222326784
2223284224
2377447424
6493876224
7842484224
4432398336
7323828224
3423433728
6282292224
2423742464
8664228864
7243323392
6232628224
3396327424
7222964224
2233228288
8623423488
4642783232
2242622464
7422646272
3232282624
2343322624
2638226432
6222876672
2326228992
4734644224
4422239232
3438262272
2223284224
7233426432
2666422272
2423222272
3322292224
4249362432
2724622336
6323764224
2223823872
3434232832
3338422272
2972237824
2624223232
9833242624
6232233984
4322363392
4332767232
6823223296
3282637824
3222432768
2822239232
2823322624
6432822272
9324263424
4384223232
4242962432
4222234624
2268342272
4243423232
2768223232
8222644224
8942222336
2722424832
4782943232
7863222272
6248722432
2222823424
2343222272
4269627392
8234427392
7622462464
2442463232
2234232832
4222222336
4829944832
2223463424
2226962432
7423333376
9372442624
4322424832
8234677248
7222324224
3238843392
2324323328
2429622272
2232722432
6227324928
3243423744
3379423232
2822324224
2243723264
2629343232
4339423232
6226234368
4236724224
4433426432
6237622272
3933364224
4323764224
3372233728
3273332736
2833294336
2232244224
9373262336
2276882432
3222247424
6272282624
3324263424
2336863232
6932242432
2844222464
2222439424
3232223232
2923922432
7262222336
4232372224
2492342272
8266422272
2627342336
2622324736
2262367232
2242282496
2463463424
2334222336
2283333632
2834783232
6272436224
4822326272
8864234496
8223222784
2244242432
3249334272
8428383232
2246623232
2223224832
9322727424
3832244224
4643879936
2332434432
3233247232
9638324224
7933343232
2234294272
3434423296
8234422272
2223642624
2826292224
2692323328
3643282432
4222236672
2263824384
2624822272
6274228224
2274424832
3272773632
3234322432
2744424448
2372882432
6284724224
2672863232
2226234368
3863783424
2243239936
3933722624
3927222272
7646222336
2262887424
3823433728
2233633792
6332982272
3243292672
3222733824
3694823424
3423929344
4284434432
4463327232
4223222784
7333343232
4427322368
2472244224
2394422272
6232423424
6242322432
7332622336
4233823232
6224233472
2933223424
4326326272
4332383232
3222836224
3432377344
2622226432
2443833344
2447284224
2722322432
6632372224
6423263232
8232244224
2334943232
6226322432
2237238272
3383222272
2223263744
2226228224
3323444224
2222332928
3223222272
6422836224
2434424832
4243636224
7623399424
2232423424
2634232832
3472223232
2462224384
2772242432
2449247232
4662324224
4373727232
9493223424
2423822336
4834373632
2349238272
3962343424
2443743232
3932383232
3322382336
2292242432
3842228224
2922932224
2243636224
7423668224
7332323328
4243226624
8224333824
6673422336
3226642432
3244342272
8234292224
2363623424
3234842624
3229279232
8374243328
7343634432
6332222464
8232374272
4233724928
3324493824
3246262272
4224948224
8328722432
2736333824
4336223232
6226322432
3233972224
8774623232
4439322624
7823327232
8333323264
3326222336
3277622272
3727632384
9286239232
6432692224
3724229632
3268447232
4732263424
3833234432
2249234432
7222324224
3433833472
2242289664
2332342272
2784223232
8223442944
4247222272
4229343232
6272223232
2332427264
2743263232
2242783232
2743223296
8692323328
6669627392
7422224384
6324293632
3688244224
2423223296
2629343232
9438222336
6273337344
2262324224
2262964224
2874292224
4336232448
7484383232
3982482432
7322343424
6622674944
6224863232
2427322368
2343442432
4392372224
3423392768
4642332672
2232824832
3272372224
3366324224
3273723392
6223327232
4322228224
6822823936
2224223232
7236882432
6822264832
2327222272
4823332864
6224223232
2373343232
6322842624
2432223232
6338322432
9263642624
2222774272
3962426368
3224633344
2433444864
4322844672
4677343232
2333323264
4222943232
8336223232
3326746624
4292882432
6324327424
7373236224
6263348224
2322292736
2624248832
4422324224
7862326272
3223226368
2437343232
7294388224
9222243328
2827487232
3242932224
2722842624
9624338432
3237428224
2322363392
4932242432
4222482432
6463924224
4222363648
4423348224
2622482432
2362729472
3273823232
3226723328
6922232832
3642423296
2643344384
4373774336
3437238272
2743322624
3468623872
8226228224
2966243328
7276342272
2223433728
4233244672
2843794432
2222332928
6823436288
6277863424
8432837632
2648246272
2376372224
3637479424
3362322432
8472372224
3674933248
3372343296
9332278272
2232249344
6627423232
7624927232
6433973248
2232372224
3278262272
2367422464
3463227392
2429236224
2283922432
2842232832
2267333632
2247732224
3642463232
6283333632
9734623232
6333326336
3233332224
3469236224
3668242432
8322228224
2222226432
3333686272
3484263424
8382482432
2244327424
8633823232
2363623424
2924724224
3822328832
9442332672
8223284224
3374262272
2342324224
3373283328
2424244224
2823222272
2737972224
9724434432
3422732288
8434962432
3644229632
6277428224
2648424448
4248244224
4399224832
2626484224
8473234432
2243892224
4733323264
8832223232
7322322944
4492263424
4222222336
3263642624
3647222784
9232223232
4282232832
4332623872
7929268224
8424244224
9328223232
7222334464
2624274432
2424269824
7463272448
2323324928
2237663232
6329227264
6237323264
4633268224
2927634432
8462362624
2263322624
2334277632
4363363328
2342836224
4224272384
9322463232
2422469632
7227922432
2334774272
3442228224
3423924224
2322229248
2243482624
7624374272
4862226432
6289332224
2243233792
4724293632
4422324224
2226868224
4733722624
2662623232
3222836224
8643346432
3239732224
2224436224
2422223872
6232244224
4264722432
3444626432
2226622464
2723342336
3227322368
3223732224
2232372224
7234962432
4226332672
4476342272
6973323264
2626233344
3234322432
9493223424
3323326464
2367924224
2472633344
2623823872
3326328832
6323269632
8367463424
3242343424
3424826368
7843346432
3763226624
2632628224
4222836736
2364383232
3742224384
3344223232
8823222272
8723892224
2762932224
9673242624
4934674432
2624823296
3224334336
3472724992
3432224768
9262772224
6848692224
2447439872
4266322944
8332342272
2263222272
6227429376
6332442624
2876229632
8222482432
7239222272
4872783872
2223327232
2422223872
2733236224
6429328384
2643277824
3233386496
3893323776
3344223232
4422623232
7422482432
3442622464
2732383232
6286222336
4343222272
8632223744
9322232832
2667282432
2263263232
2443828224
3633247232
2336822272
3273439232
4376244224
4283367424
2736628736
6342367232
3347324928
3933238272
2434443264
3464822784
2846222336
3968223232
7262224384
6682292224
3436643328
8222347264
9824227328
3287322624
3667423232
7284242432
4232722432
2343988224
2476242944
3448244224
3276393472
3343327232
3732323328
6482783232
7223223296
4392423424
2328722432
2432333824
4333492224
3947282432
4622362624
4838324224
8242742272
3434422272
2236442624
3822236672
3376223232
3822239744
9242642432
2224628736
2422286336
2268342272
3323363328
4422324224
7322292224
8246836224
4424722432
4224242688
8333623296
7443432448
7426228224
2382328832
2422249472
4426422272
6622224384
2422222848
8323427328
4262243328
2983243776
7423244288
2429323264
3923262464
2484447232
9733727232
9433227264
3724222464
2646239232
4933433344
2247438336
2833334272
3973223424
2434322432
3382623232
2432223232
9423374336
2334492672
3686324224
2928223232
3274422272
2238943232
2627636224
2472722432
4824244224
3333842944
2637366272
4648423424
2323732992
3232822272
3833227264
4994233344
7637223424
8239327232
3429223424
3337234432
7334674432
2472249344
2336438272
9632743424
2622644224
3239348224
4243423232
3933364224
9244726272
3983224832
2477663232
9233332224
6224282624
2422667264
2629343232
3333429248
3222243328
3242273792
2233293824
9334623232
7973223424
4382943232
2244732928
3422943232
2339474432
2272274432
4684342272
7223672832
8724432896
3473422336
6224223232
9422943232
2329362432
3233932288
2423222272
2423292928
6424287232
3444293632
6843922432
2236229632
2272282624
2743826432
3222367232
2342239232
4622262272
2243346432
2624333824
3264274432
6333343744
2427922432
3428363264
2279442432
4223463424
3238239232
3232233472
4422283264
2692622336
9422263296
2893236224
2292242432
6343263232
2337383424
3824423936
3882473472
8432336896
2442292224
7734243328
7426486272
2289426432
4273332224
7339327232
3443423232
8872338432
4477663232
4294633472
9726226432
7473332224
9229236224
6266422272
7223826432
3446623232
4429492224
2942277632
4224223232
4832272384
3234873344
4742432768
3484342272
6423734272
3427226624
4366226432
3373663232
3282322432
4822283264
3292324864
3363423232
2442232832
2323299328
3284242432
2322228224
6294239232
3643333632
2423732224
4922232832
7229622272
3282228224
2323892224
3629236224
8632383488
3342222336
9623222272
4777662464
6238222336
3387444224
2222442496
4236239872
9324939264
9326234624
2642463744
8338322432
3242386432
4826727424
4442343424
6478222336
9224722432
4362292224
8327826432
2238738432
2847463424
2424846336
3844327424
4222277632
2243636224
2442932224
8222369792
3424223232
3424922624
2986422272
4393268224
3294772224
2632722432
2722279424
4446332928
7222427648
6244622336
3463732224
3236276224
2222226432
2327834624
6433247232
2242633728
2623327232
7273362432
3422222336
8223627264
3233844224
3282322432
4723423232
2422469632
4678243328
7433332736
4482279424
7838226432
2232223744
2232766464
2284229632
3323833344
3232223232
2277343232
3423327232
3664743424
6424244224
6222772224
6422286336
3222329344
3428344832
6242446336
4494262272
6429663232
2322233344
6274322432
2323423232
3922842624
3723743232
4362642432
2273333248
2632374272
2872244224
6243764224
6223967232
4832274432
6942262272
3422222336
2244242432
3222433792
4922343424
3292383232
4734234624
2393232384
3429429248
2383423488
4636434432
2466233344
4432223232
2722322432
2732623872
2282422272
3492378624
2622772224
2278283264
4224333824
3229323264
3227444224
9372493824
7624722432
3342226432
4264884224
2362382336
4283623424
3238223872
8333364224
9773663232
7242232832
6273247232
4422667264
2727442432
3996342272
3272722432
3223222272
2823732224
6426292224
7744223232
2623224832
2276242432
6232722432
4472466432
2242228224
9643834368
3229364224
8243423232
4226322432
3324468224
7322294272
2263822336
3222324224
8362932224
8674322432
2272223232
2223327232
4247322624
2333876224
9273823232
3424443392
4222226432
2322832384
4933643264
3233298432
6833332224
3224348672
2442294272
4434322432
3432372224
7287263232
6226228224
3222223872
3374482432
9324263424
3693492224
2462388224
4322443264
2632338432
3329342464
2637238272
2488244224
6636263424
4734226432
2342623232
2223333376
4642238464
3836383232
2228242432
2322228224
2444222464
3296223232
4382234624
8237236224
6832822272
3223222272
6233483264
2723636224
2722484224
9863263232
4862322688
2722332672
3964383232
3972242432
4637364224
3222286336
2242424832
4278433792
8333236224
4232722432
4323423232
6222734336
9423644672
2384822272
4242962432
2464632832
4248244224
2442642432
7944423424
6242322432
3242744832
3932222464
2433972224
2223224832
2232297472
2432274432
2733242368
6362232832
6423263232
7433232384
2236383232
2633336832
3232233472
2424287232
2933233664
6448223232
3222377472
4646623232
6292634624
4422838272
3448372224
4493492224
4237236224
3328223232
2436222976
3246482432
2222647296
2337972224
7332724736
2244472832
4929247232
2244923392
4723382272
8822243328
3342439424
9333266432
9733343232
8322228224
3223824384
7242232832
3432628224
9448334336
3842366464
3223263232
4292366336
6624333824
2832822272
2462332928
6734943232
9328232448
4442932224
7623222272
2262623232
4242996224
3362868224
2696423424
7793332224
7846324224
4238226432
4423284736
2444434432
2433384448
6234423296
3936223232
3386232832
3344922624
2272229376
4223337472
4423222272
3384423424
8224333824
9284747264
4823222272
2473362432
3333829632
2838283264
3232233472
2627228672
2492434432
6362292224
6942226432
3324342272
3243333632
3294226432
2227226624
2878222336
2432223232
4667623424
3694262272
2332792832
7263327232
2264287232
2827322368
8223246336
8249823232
7843723264
6424372224
3844327424
3227242496
6327222272
3283423232
3244442624
3322437632
4229993472
4762422272
7247429632
2838623232
6764222464
6424424448
3637233664
2842343424
3636293632
8743322624
3423422464
8634463232
2233362432
8233742336
7984822272
2743322624
4432863232
2232886272
3432338432
3326772224
4242873344
4334262272
2333748224
2283322368
3672423424
6232389632
3633272832
7222264832
6423284736
6232423424
3443262464
4426463232
4232372224
3223323648
4422268928
2222332928
2332946432
6932236288
4322444288
7334324224
4742326272
4724242432
2636383232
8922232832
2223244288
3392223232
7384334336
3232483328
4228242432
3726262272
8224233472
2932793344
3386382336
3672722432
3282962432
7624244224
2243423232
2372242432
3236276224
2348263424
2244242432
3222222848
7823327232
6322332672
3632227328
3622623232
4322783232
2637432832
3332472832
4662426624
9272244224
6462226432
2733492224
8683743232
6342239232
2642233344
2422243328
2622222336
3242422272
3428242432
2742462464
4632462336
8236229632
3272423424
3232267264
4343263232
3927322624
7333343232
4322322432
7236323328
2232269824
3222674432
2972263424
4422623232
2323342336
8432223232
3422644224
3322638336
2373727232
3322324992
2447627264
3479732224
3232274432
2728423424
2222322688
7894623232
3642292224
2462262272
7632423936
3862324224
2368223232
3264223232
2327322624
2374324224
8224223232
2263273472
7422923776
2242783232
3862239232
3222632448
8493622272
3422797824
4463732736
8269223936
2323382272
2673426432
9226932224
3232223232
6364383232
9324428288
3224287232
7734623232
7442622464
4363384832
2432233472
4288692224
4488927232
2642322432
3234322432
2743222272
3943323392
9293236224
4373727232
2923743232
3232863232
2262426624
2624666624
4494644224
6244293632
8233823232
2933643264
4233234432
2636342272
6422264832
4222347264
3362443264
3426322432
3422324736
7332323328
3226343424
3326772224
4443633664
2872223744
3232223232
6623246336
3232333824
7422736384
2327732224
7232292864
2722742272
3648223232
2422264832
6733236224
2926262272
3222324224
3862324224
2232889344
2344244224
7242339328
2832863232
7228473344
7463322624
2482228224
4477663232
3472267264
2474723328
2434742272
6624223232
2672233472
3322232832
2337334272
8338233344
8229833728
3297247232
2372242432
2327263232
9227323392
9232822272
2623762432
3222264832
2274228224
2249242624
2722322432
2629343232
2222623744
6844229632
7328632832
3624244224
4642322432
2433337344
2222823424
6424334336
2222826496
6832223232
3762322432
6238262272
2233242624
4262324224
2332387328
2386424832
3296233472
3432244224
2347323392
4896223232
4227236864
3762322432
2432479232
7233247232
4272438272
3297332224
3226339328
2329443328
6244634624
7433234432
4442683392
3263924224
6322233344
6744246272
4239327232
4323423232
3273823232
2237236224
6282266624
8242228224
4724276224
8343263232
4382222336
3276383232
8922322944
4234932224
2422239232
7332242432
3762443264
9232922624
9442399232
6243474432
2326243328
2922422272
2327267328
2623423488
2624274432
2234663936
3723282432
2476342272
3326222336
4244677632
6237236224
6823348224
4233243648
8742623232
2222746624
3222243328
2283333632
2323233792
2242332672
3672373248
4268263424
4363922432
6932447232
3327337472
2633242624
4228242432
4462234624
9246277632
9232223232
7622283264
4322322432
2423272448
2332229632
2242834432
2223284224
3273332736
7222367232
2922763264
2324323328
3446239232
7982738432
2434322432
6422623232
2822324224
2223463424
2243764224
2432436224
2329362432
3342823424
4243636224
3284238336
3484473344
2348342272
9232223232
2682232832
2244882432
2242322432
4723427328
6423222272
4337332224
7267423232
2222393344
4344424448
7423243264
4222738432
2422634496
4224822272
7273242624
3922322432
6273298432
3228263424
7232436224
3623438336
2894222336
3232272384
9232232448
3223732224
8833332224
3633272832
2323423232
4632246272
3423843328
2734226432
2972342272
4484447232
8874933248
3222283264
9222367232
2624223232
2263862272
2336223232
2232377344
3382627328
8342239232
6933428224
9247463424
8232338432
9782324224
3274933248
2233823232
4669236224
3422226432
4224223232
6272223232
2336223232
8222236672
3233332224
2264336384
2464223232
2224227328
3736433664
7463324672
6342633472
2326324224
2223378432
3222228992
8427239424
2632799232
2423222272
3464338432
2624223232
2322932736
3442322432
6323474432
2232244224
4346636288
3323623424
2326247424
3366623232
4422367232
2394463232
4633234432
2443282432
2772344832
2326286336
4482424832
2238226432
7472822272
2728372224
2223327232
2728334336
6872244224
3248223232
9344223232
8346232832
2332383232
3242463232
3334243328
6342426624
2342392832
2622734336
9286239232
2494226432
2382482432
3432372224
2238226432
7733266432
6228242432
2393268224
8222267392
3233972224
4222326784
6492242944
4222347264
8444434432
2263862272
3664223232
2424372224
2332724224
2346463232
8394292224
4426463232
3233974272
4933223424
2622222336
3443423232
4834229248
2232332288
3664223232
7334243328
2272863232
2422674432
2467226624
2933233664
2233227264
2434742272
4682422272
3448374272
8322228224
3237863424
3464372224
9223862272
6494362624
2234386432
2334734336
2466322432
2372327424
8946322432
8272223232
8479273984
4226422784
2342623232
2234642432
3762233344
6937234432
3234373632
3223263232
9222623232
3472223232
4232722432
2424462336
2372323328
3332882432
9686243328
4422928384
6423337984
3322463232
8294623232
3422222336
2292242432
3444242432
2224822272
2264424448
7337242624
4222738432
4233484288
9924327424
2243423232
3694222336
3222283264
3243487232
8323423232
2692242432
3238264832
6362932224
2942262272
8263442432
2622222336
2423322624
2287327232
2723423232
2883679232
4226484224
4663223296
2433247232
2322962432
3826228224
4328474624
3822262272
3224389632
2374627328
2222646272
8224282624
3224373248
3322847232
3494324224
6743324672
8324222976
6326239232
2328223744
9466744832
8322484224
2284263424
4894222336
2433294336
4249447424
2272223232
2288223232
2372429824
6242742272
7734223872
6683322368
4263647232
8427282432
3433823232
2382222336
9942836224
2222623744
4222797824
2223243264
4236724224
6663324672
3332276224
7443423232
8232722432
2627262464
2823263232
4677343232
2229343232
2634297344
9424223232
3222239232
3223324672
2922727424
2263222272
3943733248
2342426624
3364329472
7334324224
2343222272
4332427264
2323228672
2263237632
2234744832
4324293632
2276242432
7622836224
3299423232
8243427328
7277338624
7424443392
4244263936
9884434432
3238283264
4342623232
6226827264
7442629632
4864223232
7232463872
7223272448
8324323328
7336372224
3326732288
3477942272
4224376832
2849332224
4328244224
6682642432
6236342272
7326222336
6283444224
6322842624
3743378432
2333663232
4224233472
4267922432
7734326272
9222426624
3936227328
2929422336
3429332992
8237243392
8342239232
2723723264
8429663232
3493343232
7642292224
2239378432
4433434624
6823732224
2264246272
3322232832
9232438272
2477323264
9722292224
3226232832
4636342272
4264423424
4332434432
2732343296
3279327232
2282232832
4637279232
7432423424
4362322944
2434629632
3232822272
2324283392
2487862272
2482842624
2622388224
2942222336
2343263232
2227262464
3229223936
2743222272
7232272384
2334226432
3623222272
6322233344
6324238336
6632249344
6823322624
6422324224
2223442944
3323444224
2323623936
7232863232
2822823936
3282322432
6448223232
3373842432
2447243264
3222243328
3333226496
4829239296
4263478272
3229243392
2429663232
3343924224
4246239232
3923723264
6323226624
6242424832
6222222336
2434228224
8622222336
4362422272
7266322432
3334324224
2429323264
3343327232
2224232448
7864843264
6442292224
7467322368
3323282432
4233823232
3444323328
3422322688
8743272448
2273332224
2437863424
9729332224
9233844224
6323423232
8223348736
2246326272
3842238464
8426292224
4823327744
8394422272
2369332224
9424274432
2242962432
4727322624
4623463424
9223323648
3298322432
2748263424
9738422272
9263333376
2344334336
2622644224
2833462272
2232722432
4223967232
3343224832
2237876224
6626742272
6342324224
7432374272
7326644224
2223327232
9376632832
2422392832
4333722624
2642842624
2424633344
6636222464
4444468224
4243324928
8363323392
2222236672
2283323392
2242249728
2273426432
3647327232
6242373632
9222226944
3223222272
6222236672
6222362624
3222484992
6342243328
2262329344
2389343232
2242373632
8222222336
2368223232
2266232832
3943647232
8423237632
3423839232
8862222336
3329247232
3233342464
2674424832
3432732672
2277343232
2284639232
8232244224
2226422784
2424244224
2823322624
2234422272
6737334272
6332222464
2267323392
3239862272
7374222336
2248633344
2734262272
4476434432
7262222336
4242422784
3266228224
2224248832
6322996224
3267892224
6724323328
3634633728
3943222272
3226322944
4242322432
3443636224
4764222464
2763282432
9224383488
4242663424
6222943232
7793422336
3832244224
7632479232
9239237632
3933622272
2822923264
6342247424
7226382336
4264927232
2324277248
9632436224
3424436224
3239222272
2472722432
9222324224
2228732928
4242228224
2232722432
2332393472
2433234944
3264274432
6423273472
4422222848
8432632832
2223423488
4623762432
3342482432
6272223232
6374334464
2326623232
7424223232
3234322432
3233383424
4264423424
2322343936
4232628224
4922292224
3423762432
2234463232
7223263232
3746322432
2483726336
3323623424
3384244224
2223634432
9372664832
4222388224
2232466432
3227743232
2322834432
3223222272
2323832832
2232633344
8234422272
7927348224
2839222272
6224863232
8743322624
6624227328
2428263424
8372242432
2232436736
7242292224
3479273472
7232333824
2966324224
3322422272
7282322432
7434932224
3623223296
4734738432
2832246784
2432436224
3242232832
2442422272
2276242432
9324263424
4423237632
3222367232
4232287232
3822774272
8324622336
2473273344
4467382272
9477343232
3444276224
7327327232
3232233472
2233742336
4838623232
4722228224
3473272832
6282437632
2829236224
4444263424
3236327424
2843367424
3266834432
6322322432
7229622272
7624377344
6232382464
4392732672
9328223232
4444342272
2736223232
2237236224
2478262272
4343222272
2362232832
4226663424
2437223424
4423222272
2443323392
2622224384
2932242432
3223332864
3684238336
3842322432
3262234624
2423222272
9232223232
2643423232
2223762432
6932242432
2272692224
2722228224
3228432384
3944423424
2349236224
3422332928
2392374272
7932342272
4823732224
3327284224
8442232832
2436323328
3776223232
3932342272
2329362432
2222644224
6224438272
2332342272
4324242432
2264334336
2443343872
3222324224
2466228224
7223263232
8827662336
6272223232
2673334272
9432246272
6622943232
4642834432
2323226624
2722228224
8237364224
2332242944
2332342272
2624333824
6833434624
8837223424
3842424832
3224244224
2626322432
4626868224
3364622336
2462482432
3222324224
3366239232
9222222848
2228327424
3642232832
2272438272
7377332224
2346232832
3822222336
6323423232
3224223744
2432223232
6243226624
2234322944
2222262272
4223732736
2338424832
2833334272
8224223232
4492434432
9472223232
2322233344
4423222272
2427963392
4622774272
2424722432
2482484224
4336223232
3337234432
2242842624
2272223232
4932323328
3639222272
3839243264
6242322432
3244442624
6434742272
9322422272
4372344832
2342324224
4827322368
3286324224
3422324736
2272223232
2434373632
2232722432
8832223232
2643423232
4232424448
4232763392
3244222464
3362228224
9922322432
9226463232
2943673344
7334326272
3267832832
4842297344
4262264832
6462222336
4677343232
3322292224
4343222272
3262222336
4332727296
6276634624
2374623232
2234292224
2222823424
4444222464
2364242944
6322783232
9687824384
2427323392
6422623232
3634663424
2322322432
3432332288
2239374336
4493622272
2467423232
3234842624
2922463232
4344373248
8423348224
7342644224
6282292224
4928223232
6334234624
2238234624
2639246336
9632223232
3432372224
4272338944
2276323328
3767732224
2727223296
2333622272
4233823232
3242422272
4422223872
6382262272
2327263232
3223222272
3223333632
7274422272
2392287232
3323239424
2333364224
2322228224
4342633472
2326243328
2622277632
2422224896
3337823232
2822623232
2472843264
4222943232
2222263296
7233462272
2933223424
2476434432
4823732224
3324724224
8632246272
4262623232
2224443392
2342926336
3986633728
2222364672
4734222336
8262243328
2274783232
3622623232
4296372224
4632233984
4272223232
4927327232
3392233472
2242322432
2782222336
3364242432
2423222272
3223476224
2734222336
8267282432
3873332224
3422222336
3262226432
2467636224
3748622336
3332276224
4342623232
6633242624
2822633472
3682322432
8432922624
2722484224
2792423424
3823327232
2432443392
2823222272
4374373376
2322446336
3264922624
2432223232
2637236224
3672722432
6883228672
2333263872
7373432832
2227892224
2428229632
2372393472
4346463232
2243423232
3282443264
9433273344
8872732672
3322427392
2422239232
9223476224
3443423232
2326264832
8322279424
2823734272
2367422464
2627232768
2249269248
4224223232
4442932224
6342733824
6992223232
8646324224
3222329344
3844323328
2472462336
8262623232
4344336384
2432362496
2432223232
7266228224
3423463424
2229266432
4334222336
9427423232
2382262272
3223349248
2429263872
3234399232
4327442432
2623222784
3622247424
2268383232
3363637248
2443743232
9222623232
2722783232
3933343232
3646224384
4682727424
4734226432
2727442432
8742623232
7332329472
3392282624
3232223232
3284242432
3292222464
3222223872
2443743232
2222277632
4342324224
2373433344
2292634624
3832244224
2324242432
2327323648
7236327424
6226622464
3383822336
7238623232
2364233728
4227342336
2426422272
3323662336
6263442432
9623273472
9283423232
2393227264
6222226432
2664246272
2224436224
2632223232
2233423872
2464223232
6736692224
7238324224
6923833344
3632232448
2623668224
8222734336
3273234432
2446362624
2647926784
9926223872
7222223872
3362322432
6324922368
9434292224
4239222784
2872338432
7722437632
2932323328
2433294336
4322873344
2289332224
7223438336
2649268224
6824249344
4822239232
2843633664
2483484672
4726623232
2623926272
3428363264
2844383232
6292366336
4322424832
2444473344
4427922432
4636222464
2243764224
4733622272
2424223744
2383284224
7226642432
3823924224
2223346688
4629343232
6224274432
9922322432
6364432384
2224233472
3922228224
8727732224
8624223232
2462328832
9426228224
3222326272
2222746624
3433232384
4623263744
2663263232
2242234368
2332729344
3363232768
2263263232
2326243328
2622234624
2462226432
6233232384
3223222272
2262324224
7632822272
2423322624
2273342464
3224246272
2338238464
4842472448
9264227328
7322292224
7262224384
4632244224
8646324224
3636447232
3328223232
2428342272
2243382272
3232667648
9943442432
3634322432
3274422272
2237243392
3424248832
2322629632
3342262272
6263733248
4239284224
6432223232
9432244224
3324434432
7722232832
6322292736
2332432384
2366222336
6882322432
6874232832
2882322432
3822262272
3273242624
2422222848
4322233344
6233232384
3642422272
3232233472
6439222272
3424223232
6323472384
2422324224
3873332224
3362332672
2832223232
3646226432
6233234432
2222277632
4229223424
4224274432
2922896384
4222226432
3742226432
6222823424
4442382336
3622223872
2323423232
2432223232
2373343232
9233426432
4273436672
3624334336
3472223232
7423243264
2292242432
3262644224
2443623424
8282932224
7224246272
8234422272
6733663232
9222264832
4362932224
2662324224
8438222848
2242873344
4724242432
6223422464
9732732928
3346233344
7322236928
2223327232
2673332224
3632333824
3634622464
7322382336
3222284288
7742222336
2622239744
2622222336
2493622272
3433833472
2623327232
2383627264
3432423424
2334226432
7472822272
3232223232
8238226432
2323433472

