224288768
872443392
634783232
898768384
262286336
222364672
226377728
327284736
833424384
377242624
632338432
723687424
346293248
673379328
423926272
722386432
632779776
228428288
247924224
322266624
268476928
292283392
227469824
343263232
624423424
236799232
238347264
474463232
343444992
232884224
247273472
278239232
372692992
888272896
274783232
634233344
427273728
724747264
342324224
692447744
247374336
622836224
643738624
332342784
862222336
962322432
462262272
632782336
842793984
242229248
246327296
866232832
283278336
324383744
266866688
229297664
293372928
222623232
232223744
463327232
443326464
293236224
663284224
443282432
326776832
242727424
278263296
392332288
222329344
944244224
476639232
232397824
987623424
373343232
838222336
473662464
222674432
723382272
924827648
282292224
733236224
844277248
273733632
394893824
229262336
244726272
723363328
222266368
472398336
434484224
673972224
477343744
744233472
942222336
846463488
243262464
622646272
239647232
426422272
823374336
923636224
324762624
987446272
223843328
249767936
294283264
243239936
343399424
432232448
344372224
868327424
223324672
344287232
222923264
246672384
224232448
662689792
243423232
424474624
986422272
276346368
222247424
242932224
624822272
267339776
244342272
347767296
843487232
664372224
923732992
766247424
244233728
946239488
974222336
447998464
233372672
824244736
433972224
342239232
282233344
237748224
243367424
232227328
392233472
738622464
427226624
397243392
234293248
247286272
937273344
923743232
233227264
722486272
743476224
722629632
273266688
343222272
633379328
784362496
242294272
693238272
443262464
324242432
826997248
983476736
323367424
477622272
466427392
222644224
628634624
272373248
763282944
346443264
374436864
333242368
383444992
343222272
297227264
277972992
323226624
436242432
462623232
228468224
342267392
626272768
333726336
339474432
273294336
447288832
244297728
284747264
866783232
642232832
242984448
432223232
737332224
239327232
272282624
324222976
789326336
298343424
293343232
639732224
482443264
227623424
249628672
728722432
496223232
622682624
832823296
372329472
324842496
687926272
347343872
623327232
842742272
237724672
923932672
272722432
626234368
793449472
826962432
422326272
229236736
744293376
824287232
372447232
834373632
288632832
226362368
922422272
333924864
233232384
222462464
938742272
332622336
223648768
368436224
298962944
924428288
374222848
447322624
792433664
427873792
249447424
327962624
762324992
226282496
384232448
436882432
634322432
423226368
283292672
362267648
472442368
422347776
722373632
768948224
628664832
422262784
972342272
832292864
332472832
273334272
832722432
222746624
486243328
623323648
834638336
727399424
422226432
963743232
828242432
492447232
744446464
747743232
728397824
264424448
674228224
988724736
622362624
872223232
273823232
869343232
732442624
362422272
334222336
663284736
232932864
474377728
773438464
262393344
392374272
427794432
374776832
222887424
332237824
627382784
367442432
428622336
243483648
762299392
228342272
243833344
239442432
327422976
332662272
422226432
393823232
233247232
927333632
823244288
967627264
248379392
974836224
484276224
622482432
426233344
236223232
282486272
427623424
427292672
328923648
236276224
323237632
228348928
822628864
262772736
643666944
237277696
224636928
326646272
272274432
246324224
982879232
223824896
392837632
442642432
727732224
223924224
244926464
434322432
728346624
737332224
242772992
726623232
696272384
623327232
828622336
493328384
722322432
423464448
248722432
323233792
399327232
438244864
324286464
229667328
222222336
342633472
342623232
247322624
243474432
292276224
378794496
722232832
234422272
226233344
292229632
862393344
823934464
992479232
423324672
222226432
798327296
394932224
623222272
762444288
342324224
223647232
296224768
424223232
893332992
274424832
864244224
622327296
422928384
322983424
723832832
827423232
728336896
629339392
822644224
648223232
744423424
782642688
699384832
222226432
674292224
342288896
623237632
282292224
272223232
337272832
922268672
223227392
227892224
432629248
222746624
367644672
236626432
386322432
223734272
629836288
672244224
427469824
223243264
266983424
784824832
282463232
937242624
283493376
364283392
872479232
324967424
429993472
422623232
894239232
963342336
333722624
776743424
222376448
494393344
232233472
934239232
629283328
223796224
388327424
864362496
322443264
228342272
283897344
348367872
322228224
824223232
384338944
744284672
634422272
766623232
334264832
486223872
234868224
423324672
842332672
232244224
493263872
822326272
336822272
722787328
676882432
823222272
434622464
384246272
626232832
243787264
323724288
263733248
437223424
673462272
223327232
733622272
247263232
726223872
229343232
222796288
422226432
322422272
276728832
422239232
292434432
676944384
333432832
333236224
327826432
866294272
362443264
746232832
222326272
896223744
229646336
743223296
232423424
642723328
443922432
322932224
266343424
362972672
242292224
664628224
744223232
633823232
333492224
393443328
263263232
423847424
298344448
263783936
424334336
683679232
849332224
729362432
634296832
433466368
222223872
373942272
646863872
627326464
263329792
232232448
398932992
246389248
343839744
434424832
346266624
222364672
223823872
424628224
792822272
337342464
727327232
442642432
623222272
923423232
847924224
966736384
744373248
233483264
273844224
238772224
662376448
676238336
323277824
834394624
332368896
222249472
234232832
233334784
263722496
233739264
229343232
763387392
337477632
223826432
722664448
262326784
442228224
249294848
437264896
976248832
642996224
492428288
742879232
842382336
734687744
933773824
332222976
686243328
332434432
422623232
223476224
277266432
227723264
826938368
232743424
638262272
249228288
227382272
287422464
247322624
364647424
496272384
932732928
622222336
272922624
439284224
222262272
848377344
333223424
362482688
723749376
226399232
223327232
276639232
646347264
322339328
323323392
484922368
942442496
323448832
643283968
433437696
344223232
942322688
243723264
248824832
633332224
298424832
788323328
293223424
329384448
634422272
232479232
292344832
243743232
334226432
323483648
674322432
272379392
343248384
764222464
973262336
632433664
233384448
237328384
473334272
232274432
747433472
287647232
272722432
672287232
246889472
692263424
838392832
626322432
329247232
842437632
622373376
736274432
232223232
222224384
283882496
972767232
394293248
442723328
328223744
268472832
694324224
287762432
946422784
249362432
222222848
342772224
386322432
428732928
424272384
463992832
432722944
793938432
396982272
223442432
444343296
323344384
274228224
474294272
242279424
744274432
966239232
399374336
773489664
226382336
344287232
372383232
233247744
226346496
726392832
394292736
334644224
633227264
423733248
833462272
224284672
262623232
482228224
363329792
323326464
793334272
628233728
944483328
632223744
267278336
322423296
232287232
694647296
466234368
296372224
984228864
246926336
942623232
224826368
332793392
434844672
283922432
783243264
724263424
469343232
693323264
633362432
432223232
927883264
762236928
972836864
333637376
272633344
394386432
892299264
773343232
646222336
367732736
336722432
736799744
364648448
497322496
234422272
366263296
437324288
462687232
327222272
683469824
884882432
672466944
742324224
763833344
922492928
423442432
249724928
363282944
329483264
676342784
322484736
283333632
272927232
742234624
223224832
247263232
232373248
722424832
279839232
382823424
634878464
622326784
662623232
326226432
792824832
394232832
232937472
223294464
347342336
263742464
283636224
426367488
423742464
932624384
427239424
282232832
639644672
378932224
492263424
932384768
427323392
829882368
224844288
234942976
424292864
432722432
343632384
236393472
423924224
366469632
433642496
386294272
222738432
762373632
237326336
222388224
672274432
896233472
724223488
449247232
332276224
346744832
246262272
749223424
923922432
272334336
243382272
242834432
232246272
224743936
934687232
938742272
733723392
662367232
224333824
274423296
623762432
922676224
763623424
222729728
422239232
427723264
222773248
682424832
228923392
372242432
633332224
942733824
288249344
432372736
424378368
762473472
922727424
283482624
327222784
662989824
923333632
947423232
438277632
292323328
832786432
229343232
222777344
342226432
842322432
379472384
476242432
376223232
646362624
923474432
747423232
326349824
443973632
768743424
422943232
494264832
466232832
327732224
344293376
233342976
734324224
332767232
346463232
493622272
922322432
276662272
262838272
976223232
224233472
243444224
432232448
234676224
393622272
623337472
344223232
367836672
249273344
333287424
622826496
844347392
742283264
274932736
222234624
323236864
234266624
872332288
832287232
822262272
726247424
232223744
332229632
492734976
626486272
932447232
346422272
864722944
736223232
223243264
232372224
222772224
344338432
647322624
394294272
239244288
327442432
222633472
422837248
392423424
244472832
847228928
723343872
942492672
347423232
743222272
274293248
222328832
242232832
322384384
422324224
227674624
623634432
268946432
624333824
644427264
838862336
492767232
692943872
273362432
976233472
682229248
343483392
483828224
423328768
344274432
222239744
462277632
232633344
263333888
323892224
294478848
973672448
268229632
467689472
243323392
224924672
334324224
428833792
324342784
723262464
449276928
722234368
662674432
333432832
447376384
739423744
327797248
322322432
683382272
342223872
642232832
348236288
333968384
267423232
222298624
926862336
233234944
324747776
493338624
432232448
986932224
338422272
624223232
342687232
632244224
772223232
262223872
264393728
428924928
942262272
222332928
822329344
776462848
922868224
424863232
333727744
322843648
232886272
642847744
439839232
234984448
827296768
223274496
439393792
782823424
728249344
489247232
244472832
342732288
272287232
632372224
334836224
348726272
362422272
874292224
323894272
643636224
392244224
996626432
629767936
287222272
232348672
267922432
342692864
433722368
244447232
322742272
346292224
248972288
492478464
433739264
632374272
784223232
473373696
232692224
442297344
332788224
244222464
734648832
384372224
232287232
223348224
223224832
223222272
226228224
773233664
243342336
669624832
982327296
239932672
746386432
443227648
794232832
724643328
233332224
222797824
622324736
223222272
223244288
642642432
393823744
224863232
269236224
494326784
847822336
742237696
662633472
232332288
234394624
398746624
223243264
299292672
272232448
276222464
286646272
489362432
736267264
226298368
937422848
743222272
289833472
743742464
322266624
422222848
436324864
344788992
972237824
224249344
227944448
322344448
322423296
324238336
277434368
237432832
727732224
233278464
228468224
378399232
426232832
928484864
222844928
333223424
292237824
337339392
672372224
424334336
222627328
222823424
486226432
442934272
964323328
663222272
284243968
392863232
773223424
492242432
237428224
334324224
222377472
747922432
272234496
382388224
623723392
724677632
227487232
943378432
648223232
266949632
947368448
342243328
334284288
224223232
722249728
326367232
242742272
283774464
229343232
333323264
744223232
222222336
664976384
422262272
862826496
276342272
736274432
739282432
872276992
243346432
222623232
278623232
632937472
782228992
267623424
624628736
843624448
336843264
423222272
944724992
482229248
326428672
729767936
326473728
837439488
828726272
338699264
927323392
223327232
897298432
223642624
629287424
772882432
772368384
333622272
336628224
232284672
633833472
424282624
626322432
464223232
294324224
789748224
333772736
232227328
422247424
436849664
324927488
732623232
889722368
222646272
242463744
362783232
326348288
932923392
393492992
422373376
426322432
293433344
622262272
287924736
343372288
422347264
924342272
923239424
773323264
826727424
943243264
237364224
844237824
263877632
277264384
223628288
643239936
322279424
229223424
236263424
323892224
646738432
273332224
832463872
246843392
273334272
426339328
676242944
249234432
294328832
663246336
326799232
392223232
364242944
222362624
228943872
284793344
267764224
464436224
322742272
348494336
272442368
744843776
278623232
223289344
724383232
276662272
626239232
272223232
986642432
263422464
286223872
737393664
243892224
472223232
222943232
222393344
874983424
222429696
629328384
332383232
222689792
323892224
336693632
826228224
372364288
662674432
232244224
627423232
822324224
383348224
373274624
672223232
723387392
646226432
224439296
222263296
343992832
248287232
223926272
324242432
234847232
828372992
838222848
222623232
633444864
343736832
262482432
283384832
272233472
864632832
326239232
342329344
226422272
639926272
463223296
632932864
682292224
362279424
323342336
233823232
322783232
934839296
222943744
433893376
234422272
337972224
828242432
423222272
922232832
826842624
622364672
684434432
792246272
478773248
262928896
836237824
299333632
274622464
822373376
829432832
994663424
366324736
222396928
762676224
328462848
722834432
637223424
224333824
282829824
384468992
867738624
284434432
243497472
838329344
462776832
644429824
222623232
722422784
974428672
373323264
636862464
228434432
278772224
273333248
832229376
882463232
767263232
242422272
286228992
424438272
362636288
227467264
283323392
326226432
344338432
462324224
222222336
269624832
232372224
336372224
423327232
783224832
332342272
477663232
763342336
892434432
272479232
879222272
293364224
263222272
338332672
723472384
622426624
928824832
682279424
277226496
433669632
646623232
972762624
792863232
222932992
729422336
483423232
264489472
372393472
622324736
269364224
693983232
323237376
372942336
322384896
843723264
924222464
227963392
262239232
249426432
362382336
923747328
293323264
292233728
232223232
222442496
398646272
822732288
227227648
328679424
277374464
224223232
492662784
247263232
343647232
824927232
382222336
924242944
279349248
222949376
226332672
282847232
727647232
462836224
223224832
342667264
328733696
246462464
233343488
443943424
689934336
263243264
422247424
286774272
274792448
376244224
674827264
262482432
374363648
423337472
687322624
439422976
389274624
243623936
224822272
843237376
248333824
229289472
232372224
646836224
844273664
338382336
332242432
796662272
349432832
382433792
732324864
334222336
227249664
393767424
639222272
637623296
344224768
322294272
248444928
427484672
246226432
238223872
732297728
286324736
622838272
382226944
283423744
266444288
247478272
296666624
627638272
333223424
643732992
723342336
933942272
472246272
227433472
232633344
369733376
838478336
798623232
262968832
622492672
242232832
232784384
469496832
943346688
623693824
934462464
342623232
332242432
364229632
293839872
334376448
997262336
633823232
692283392
266322432
223327744
623386624
439222272
682962432
242373632
762292224
322783232
227226624
738343424
288227328
426783232
864436224
428284928
442743296
222437376
223243264
986293248
262222336
462693376
363423232
964328448
384822272
222224384
433242624
362396672
276383232
223284224
267764224
424372224
329293824
436342272
293374976
822672384
844623872
424822784
362972672
446226432
426832384
233422336
336628736
327322624
333236736
222362624
323364864
497332736
346934272
237686272
838843392
729362432
244662272
423772672
243282944
236263424
787226624
293223424
424848384
422243328
946962432
422267392
426322432
364342272
763999232
632423424
233437696
933274624
632927232
436963328
238239232
272638464
642972672
369444864
224863232
332836864
893343232
343732224
282484224
983476224
626932224
248474624
282932224
234829824
777332736
433422336
682266624
622244864
467467264
733428224
749432832
492342272
423222272
627683328
228346368
792298496
838367232
742627328
424338432
224233472
874443264
392223232
472393728
622262272
663333376
342623232
333279232
727327232
666723328
923282432
426343424
943222784
684493824
922747392
222644736
832223232
342362624
262966272
382477824
244668928
773842432
822644224
326667264
773328384
232223232
382222336
342367232
642322432
332263424
429627392
274932224
232244224
962233344
222234624
244447232
224244224
446738432
424348672
227922432
677364224
222442496
934367232
234292224
422392832
294264832
222328832
238224384
422733824
223332864
272692224
224794624
732622336
823222272
432722944
224722432
482232832
684327424
432884224
374243328
246247424
424223232
697677824
282292736
223227392
274229248
262247424
262329344
382283264
223327232
972427264
449844224
273462272
834834432
662234624
363432448
747626496
926883328
774223872
922727424
622649344
223273472
326863872
386322432
344287232
229428224
932342272
924239872
328822272
222277632
262923264
224722944
634343424
324639232
223463424
639732224
733236224
938872832
343222272
227367424
222836224
222326272
226232832
386273792
383332864
492643328
666676224
224274432
434232832
722844672
227829248
739339264
272722432
263947264
364284928
226232832
846823936
224374272
726243328
662482432
326362624
224489472
224837632
223327232
229733376
428827648
428434432
363999232
287437824
223243264
727793664
322422272
292634624
767627264
624948224
327223296
726262272
229672448
423433728
364922368
226332672
873227264
292432896
298623488
647429632
822324224
432223232
278324224
224438272
383423488
784223232
322444288
473467392
623222272
339637248
392287232
927243264
367224832
634322944
836264448
232287232
846234624
343627264
266472448
339333632
643423744
232332288
332634624
328223232
666422272
647222272
443487744
276622336
432292864
836788224
224928768
337234432
226272768
646499328
432223232
469433344
474893824
267342848
393362432
332344832
326672384
379322368
842932736
322729472
734324224
496283648
633394688
428428288
233342464
722322432
443469824
362664448
742332672
323444736
362932224
622377472
274422272
733436928
823442432
243833344
426236928
727779328
687924224
222633472
362228224
232822272
262223872
833332224
222222336
278623232
828724224
726222848
936822784
283922432
384739328
746322432
723382272
242792448
832372736
466332672
873234432
322322432
264223232
443623936
223647232
262482944
624372736
622633472
434332672
242723328
443423232
324922368
424927232
483423232
222633984
643723264
696373248
222469632
444229632
374262784
262623232
277364224
728786432
478627328
323232768
293433344
322847232
722827264
342426624
329742336
834642432
243728896
482484224
342324224
272223744
233466368
262226432
228222464
223224832
473874432
373428224
248274944
622267392
928739328
232229376
877432832
286262272
862224384
422947328
237883392
722322432
484626432
432244224
382823424
774243328
622623232
238646272
922324992
326994944
427724288
337974272
462224384
648423424
422326784
423742464
827427328
372323328
227636224
373733632
244624384
344927232
829944832
424437248
963348992
728223744
662329344
323683328
372233728
992227328
423227392
322443264
838262272
462267392
428442624
242423296
243226624
337337344
473744384
327732224
463836672
948293632
743288832
647732224
343267328
274642432
743988224
242322432
244862464
876662272
233242624
994343424
432284672
432634368
328383488
644982784
376223232
438928896
222687232
733837824
873333248
722422272
279482368
823734272
262948864
222887936
833422336
262842368
274484224
268732928
446426624
822943232
424722944
944244224
432223232
333622272
234279424
342288384
323327232
234379264
724447232
423327744
424823296
964383232
723427328
392679424
376374272
434228224
247722496
326482432
272223232
223322624
327222272
337332224
422222848
422228992
482422272
742277632
346232832
922322432
366823424
332732736
983733248
644634624
834228224
933223424
682238464
848223232
246388736
222968832
732242432
272223232
929422336
977332224
423222272
422393344
432233984
378463232
684882432
747423232
422243328
243638272
732442624
226232832
227894272
328283648
722383872
442962432
846223872
286329344
222326784
288223232
336246784
479399424
392722432
343692288
327322624
933622784
784722944
364222464
442232832
262277632
294226944
372242432
383732224
239222784
293983232
463227392
332342272
678776832
322232832
624423424
287224832
232223744
622224384
236363264
844383232
226322432
332276224
622393344
746239232
843444224
284882432
239493632
238927872
332237824
392682496
962292224
296722432
273334272
722343424
238943744
929332224
463883776
262236672
693492224
622222336
223634432
243636224
222367744
662926336
333727232
238226432
742623232
923423744
223642624
237669376
284639232
462332928
992793344
839284224
233423872
884434432
742239232
872372224
366226432
287732224
223779328
287992832
263286272
432423424
776223232
626362368
343332864
263227392
864336384
839924224
327892992
278866432
224948224
472922624
266228224
336483328
882322432
392773632
944863232
224284672
232232448
972622848
334223872
642422784
992223232
822324224
283743232
262623232
286236672
244242944
239224832
382492672
324242432
732342272
239272448
326648832
362423296
249439232
446332928
233234432
344246272
632927232
827423744
722622976
399248384
332664832
442932224
332342272
922386944
624227328
349432832
272922624
723444224
432233472
229428224
222332928
429663232
323242496
662324224
792423424
364383232
466622464
276329472
232223232
396327424
663822336
433276928
343327232
624372224
362228224
274228224
222927872
676242432
383248384
326924288
646262272
762292224
273232384
727222272
624423424
692242432
329294336
764223488
722366464
226678784
826486272
973223424
422623232
363226624
392474624
282343424
693723648
922229248
328462848
772639232
222286848
962622464
224822272
722427392
682228224
743222272
283346432
342473728
623733248
223693824
734772224
394292224
936822272
278222336
733247488
442423296
224949248
322727424
462923264
624863232
642233344
334226432
246226432
922422272
864922624
227299328
222226432
382236672
374268928
227226624
239924224
232847872
673332224
792632832
962238976
443333632
232223232
327222272
294324224
372946432
732329472
637243392
993844224
222239232
232332288
837992448
228363264
327762432
692323328
439223296
273332224
244323328
383228928
232927232
826422272
662223872
926926336
629667328
834663424
323339264
424632832
233468928
224223232
824244224
366222336
326367232
926772736
769844224
742437376
322422272
978322432
434642432
334239232
674742272
348442624
483346944
782364672
796434432
448223232
276663936
422362624
723423232
242842624
434484224
633242624
272743424
922934272
724447232
234228736
829279232
237622272
736762368
432274432
686226432
233274368
233322496
333239296
464223232
732278272
224223232
422249472
287327232
238623232
478623744
872423424
436447232
438644224
323922944
462324224
226322944
474829824
424442368
428432384
736423424
722727936
442322432
443743232
833229824
332342272
297434624
294843392
448267264
224223232
822326272
622482432
333344768
438644736
649244672
829622272
323724288
823243264
722742272
933287424
722233344
347269632
484344832
323446272
434332672
364649472
824679424
326674432
623924224
393334272
322636288
822223872
433386496
243333632
629242368
876443648
423222272
794228224
262247424
467832832
278222848
436342272
242422784
867342336
837343232
327372288
427346432
293276672
446226432
384466432
262823424
869224448
822262272
642693632
333724672
724242944
328223232
724923392
382367744
623393792
449272832
338424832
428238336
296927232
433332224
322427392
944722944
433422336
236342272
227444736
232372224
263348736
236242432
222226432
223439872
226373632
626922496
226422784
384722432
373822464
326623232
762322432
224223232
783243776
249293824
364342272
743824384
738723328
747474432
772442624
468327424
223322624
283922432
232223232
328732672
846283264
242844672
434463232
272822272
732242432
782283264
646263296
346727424
327486464
323638272
228683264
976377344
224372224
327834624
443829248
324729344
423263232
427623424
294734336
229364224
222268928
828792832
446774272
333842432
722363392
364384768
328743936
263222272
223924224
424378368
484393984
442296832
282332672
274633728
724636672
228342272
247222272
976223232
429722624
384244224
322366464
424822272
427444224
363624448
992483328
372344832
322273792
892222464
222292992
224329728
472744448
946293248
322233344
349929472
442766336
322226688
233332736
242783232
879327232
642332672
374928384
237323264
473887232
773223424
892242944
246644224
926222336
232274432
332233728
922932224
944927232
334326784
632372224
268724224
248476672
647228928
247237632
473244672
223732736
684434432
329362432
328438272
432223232
348636672
238262272
262262272
222687232
424382464
247323648
642322432
492229632
224229888
272274432
262222848
242233344
222393344
272436224
222277632
226386432
293793792
742224384
732223232
837837824
884434432
223348224
633823232
499423232
733223424
926226432
732434432
664272896
242322432
483638272
422887424
288223232
729332224
349238272
289823232
427482624
644242432
239222272
339433984
236432384
262243328
334292992
322873344
834298368
339226624
772496384
234232832
826463232
233462272
322666496
438923264
334682624
636726272
339239424
282382336
483342336
622222336
343279232
388229632
447224832
277942272
422326272
766239232
323937792
278644224
334262272
722727424
444724224
268342272
393242624
499432448
398883328
233332224
243636736
834294784
422226432
627299328
442742784
326332928
624223232
647348224
284639232
333297664
329236224
232276992
349326336
824223232
942923264
232927232
983924736
223736832
332273664
442962432
928782336
323922432
336662272
262239232
228342272
836323328
236726272
222994432
324263424
722362368
322727424
664424448
626678272
246222848
324496384
786633728
992822272
923333632
228967424
429332992
874279424
263272448
842422272
864223232
733279232
227344896
827323392
376223232
333622272
222773248
294838272
672223232
282766336
223463424
487762432
224476672
223373824
329229824
483342336
922322432
642332672
664246272
232744448
923384832
423327232
664372224
282296832
267242496
262224384
232722432
442936832
748229632
342332928
774326272
262644224
623826432
264249344
376722432
346228224
282842624
723663872
372293632
287822336
668342272
482238464
662324224
828473344
837237248
673239296
646433792
423322624
234232832
233724928
268729344
933223936
228323328
326667264
496282624
243342336
233938432
827282432
432722432
327386624
633782272
762484224
342223872
374746624
642748928
249272832
247237632
688223232
343634432
622926336
922664448
223222272
922292736
247222272
826437632
333364224
433434624
948242432
272436224
378292224
672242688
626873344
242489344
744227328
222324224
222482432
924434432
349223424
744423424
222263296

