73428224
78623232
22772224
48624896
84272896
22343424
84972288
22932224
38226944
33833984
42236672
22292736
26364928
22227968
42334464
36372224
42382336
22222336
23337984
26949632
26239232
46648832
24223232
62239232
22623232
23836672
82332672
43862272
23322624
23793664
29266432
64897792
24743424
22924288
29243392
32894464
22463232
99397632
82322432
89686272
26663424
76427264
49242624
23732224
98222336
43277824
62477824
34279424
82328832
22896384
83638272
49844224
23423232
33339392
29223936
33236224
77394432
72223744
43834624
24242432
34422272
67348224
27764224
83433472
63669248
33492224
32242432
83232768
32274432
22623744
63374336
26322432
47263232
22783232
32462336
72342272
22639872
27662336
24927232
82873344
33242624
66324224
93786624
32692224
29372928
72432896
33362944
78239232
93434368
23287296
28223232
34979328
32766464
73234432
24824832
92342272
29742336
32229632
63862272
29223424
66247936
22334464
22422272
32476672
33324288
94433792
62926336
33874432
33244672
22727424
46222336
92722432
22447872
49328384
93247744
33863424
32263424
23673344
92283392
32223232
28743936
38647296
24863744
33623296
94843392
39423232
67472384
43732224
28692224
63322368
42324736
42337792
73273344
62247424
98663424
63732224
63432448
42243328
22262272
22322432
32632832
22223872
33283328
27693824
38262272
86836224
22322432
93662464
83772928
22678272
22262272
42247424
42422272
36227328
23477248
28423936
74324224
73874432
66396672
46222848
26473472
43482624
33232384
72862976
27493632
64229376
24632832
22226944
27794432
24283392
86933248
33268224
96922624
46386432
42326272
32632832
24242432
42228224
73272832
42796288
23626496
23433728
44342272
78388224
38222336
33332224
48223232
23732224
29332224
47227392
92432384
42623232
77326336
62239232
43324672
73287424
37333248
47463424
62283264
34366464
22396928
37622272
27826432
23233792
43444736
72372224
22727424
84293632
83327232
27932672
78646272
24329472
86424832
39327232
84822272
23324672
74729472
92473344
72329728
23423232
27282432
22492672
33449472
42439424
22249472
29822464
72223232
48223232
33298432
89327872
26222336
83344384
28293632
38772224
63222272
22236928
27222272
26393344
63867392
63343872
32782336
42639872
22772224
23446272
42234368
22286336
82744832
43227392
97332224
46326272
22243328
24722944
33336832
63263232
36434688
98267648
82399232
72822272
42623232
92447232
44462336
23849984
42633472
73332224
39373824
46324224
22236672
42228224
26332928
76726784
46772224
63239424
33434624
72283648
42792448
92222976
22234624
29364992
32466432
93298432
44639232
38232832
37622272
83839232
72223232
33332224
43623424
42783232
36327424
32364288
46367232
23828736
92274944
49292288
22262272
39826432
72693248
24223744
22334464
62424832
32237824
24223232
32362496
42292224
27324672
34823424
82422272
63624448
24246272
67327232
43872768
22222336
88442368
43743744
27444224
37326336
22386432
63222272
86623232
62482432
23672832
42422272
94233344
74633472
92278272
72334336
72274432
22224384
22223872
93247744
69236224
72628224
49933824
22223872
44683264
22224384
76763392
23429632
43348224
29232384
73439232
32468224
44664832
37782272
23833344
26367232
37942272
28692224
38623232
73272832
36276224
82727424
23348736
37942272
34943232
22926336
34332672
32239872
83228672
38962432
47282432
34836736
28982272
42642432
23327744
82329344
64223744
64948224
63323648
23994624
22324224
67422464
28639232
22772224
33272832
82744832
72267264
29622272
22236672
32282624
26268928
29842432
69878272
42322432
47322624
84438272
72437248
32722432
64479232
26343424
62463744
49332224
22879744
27444736
86772224
22874624
26249472
33243392
22623232
72223232
24468992
74737664
69279232
72223232
32372224
63282432
42272768
32693248
82379264
39222784
47272448
73298432
32722432
24383232
24222464
92293632
47482624
62262272
62732288
33782272
32837632
34239232
22324224
34463232
33842432
47833344
32346624
33234432
32233472
34239744
38324224
62492928
36447232
22627328
64997376
26343936
22372864
43679232
23423232
76244224
24643328
63382272
29736448
62283264
24372224
87284224
32338432
93238272
42222336
27324928
72287232
44626432
66228224
23284224
63794432
32692224
22277632
94428672
36923392
83433472
22772224
22349824
72233728
24623872
22629376
24397824
27762432
72939392
82642944
69223424
68293632
64346368
44372736
72943872
49298944
34783232
22623232
39222272
26843392
22228224
92233472
27472896
38772224
44946432
68722432
43227392
44792832
44363264
22226432
29242624
76622336
23226624
39378432
82322432
92334336
72338944
26322432
62934272
38264832
37227264
43442944
68223488
23463424
39323648
84628224
94324224
38823424
86648832
62422784
22674432
37332224
32242432
43222272
32666624
86222336
99384832
37362944
96722432
24327424
93343232
84767232
73663744
27662336
24983296
23323648
73449728
92276224
73882624
49332224
64436224
42772736
27634432
96424448
23796224
32334336
34836224
72722432
28624896
32292864
39267328
66422272
34322688
62924288
32724224
22393344
22226432
76242432
42262272
23743232
44634624
29362432
23289344
62623232
43822336
69343232
48223232
82234624
32249344
38687232
74232832
22226432
27226624
37342464
36222976
26322432
63273472
83222272
24826624
97423872
43232768
23222272
98294272
82283264
24223232
26872832
69682432
92997376
24884224
66932736
42247424
33722624
23764736
22492672
42463232
43427328
62286336
33426688
44434432
66724864
28462336
72837632
43432448
24244224
49247744
72223232
74934272
62234624
28383232
23637248
74422272
22324224
24694272
42723328
23222272
83828224
73336832
34693632
84234496
73272832
34388224
28323328
33236736
43732224
77227264
33232896
22932992
32264448
87444224
79327232
73349632
24927232
33333632
79738368
44336384
82638336
32862464
29923328
27924736
32863232
62324992
34823424
47222272
39327232
77274624
64223232
83263232
23348736
88229632
22362624
32622336
29627392
24927744
24483328
43222272
33622272
22262272
67282432
27423232
46222336
94224384
63642368
37622272
73439232
33823232
39487232
26399232
43423232
94367232
82296832
22292224
82427392
23222272
26233344
37972224
73244672
94633728
32246272
44328448
49264384
22364672
44743424
72233728
33663232
83367424
23723264
96323328
32329984
76347392
38687232
66264832
64372992
22232832
22422272
72424448
49247232
74936832
38362624
22823424
72662272
29494272
48333824
82827264
34372864
23783424
22932992
37274624
33332224
22878464
38964224
37364224
42439424
29433344
43728384
93389824
42367232
24224768
32434432
39333376
23263744
24222464
97292288
72423424
74229248
28488448
34343936
66226432
67226624
26268672
27339264
47439872
66437632
32392448
42223872
24374272
76628224
64223232
44274944
63732224
77364224
38228224
34777344
29492224
23222272
62324224
66834432
34744832
76632832
83738624
72722944
43928832
83423232
47636224
32639232
66837248
73663232
23483392
27277824
63333376
33842432
63732224
26233344
24282624
47794432
72263424
46283264
26763776
29627392
23327232
43862272
23346432
23339264
47733248
42332672
33434624
26383872
99224832
33462272
22924288
24822272
43638272
39333376
43444224
24296448
32284928
27737344
47423232
82463744
28248832
73933824
42382336
23892224
32249344
33343232
39246336
76383232
33938432
88274944
33343232
79423488
28223744
68492288
32246272
72622336
43862272
62682624
64223488
42322432
37343744
72667648
64922624
38623232
22422272
72626432
27927296
48334336
32747264
33886464
68232448
93887232
73323264
24223232
94772224
32978432
34677248
34422784
28882432
24276736
23292928
32244224
76223232
37466624
47222784
39294464
24722432
92242944
63322624
22247424
76923392
24223232
82233344
73332224
32222464
46292224
39244288
32927232
24223232
23222272
32342272
44782336
73223424
33323264
34324224
24397824
96487424
62697472
23384832
88223232
63973632
27932672
28432384
24372224
42324224
84263424
34373632
62492928
29844224
29266432
32223232
26932224
43892224
83792384
72922624
32334336
22332672
64666624
29343232
28372224
26262272
49422336
62223872
24223744
72766976
47373824
22623232
74326272
66832384
43743232
62633472
34427392
94364928
42934784
28728832
33236736
77362944
87323648
86273792
42392832
44272896
38373632
33334272
86262272
82472448
43483392
48227328
84277248
67382272
93447424
73343232
26324992
86239232
22262272
72223744
72244224
82322432
23477248
22996224
38322432
62262272
32222976
36383232
93863424
33323264
62224384
22623488
46324224
22232832
82226432
28344832
34772224
24263424
24274432
37439232
88438272
22623232
42366976
23668224
36487424
23926272
39433472
68323328
23429632
94222336
34622464
42326784
22322432
33323264
23263232
34842624
32237824
26292224
32222464
28363264
66228224
24473344
34623232
39224832
23623424
24843264
23423232
46239232
92724224
22233344
23726336
74226432
48273664
26463232
23642624
83636224
62378496
26648832
28342784
92882432
23228928
42247424
42622464
73247232
33933824
63323648
42332928
26389248
23843328
22772224
32474624
23828224
78463232
23224832
49724672
23924224
27277824
98823424
93244928
38347264
23246336
62326784
92822272
62223872
33462272
42472448
39284224
22934272
23273472
73332736
34394624
66422272
42493696
39374336
23949824
43636224
32978432
82422272
48374272
43932672
72434432
36223232
28442624
32223232
32244224
46644224
94322432
99423232
34232832
36383232
28249344
87273728
93396224
62232832
63322624
23327232
33242624
22324736
67636224
32244224
84284928
42277376
72692224
22266368
22462464
32639232
32223232
49332224
46292224
24338432
92327424
87322624
24946944
38326272
39483392
26623232
76342272
33232384
86423296
72223232
39647232
22239488
64274432
32293632
28447232
22367232
33633792
34343424
36223232
42364928
42993664
38234624
84233728
36223232
22243328
34439424
28622336
42482432
33739264
34367232
82622464
23822336
42463232
24728832
44636672
43879936
28338432
22277632
44346368
33484288
24227328
28344832
83262464
42332672
46296832
39322624
26463232
23327232
63824384
37494272
72234496
39828224
24287232
24233472
23423232
28327424
24724224
42226432
88923392
24246272
96223232
23382272
22644224
72223232
74373376
84383232
42292736
36438272
42262784
42437632
99444224
87337472
97247232
73273344
26832896
74399744
76664832
42933248
22233344
37367296
27433472
23926272
36624384
24327424
29432832
32923648
26324224
22838272
44387328
24622336
62279424
32274944
28946432
68342272
64248832
46823424
63323392
27382272
87246336
94723328
37383424
34363392
44249344
26322432
77993472
83628288
24284672
43333632
34623232
72434944
22837248
23448832
39967232
36372736
28432384
23263232
24333824
22734336
62328832
28274432
23783424
93246464
24623872
48822272
67423232
62376448
42949632
36346624
39322624
93479424
73228288
22262272
64444928
89337344
39474432
74224384
68672768
36373248
74322432
34738432
32223232
43342336
63282432
32724224
47327488
73332224
94266624
22247424
32444672
24442368
34823424
32938496
22733824
62277632
74436864
43367936
24837632
62223872
42684672
98239232
34332672
42266624
76423424
43676672
63248384
37938432
23926272
29263872
29727232
96242944
32822272
37332992
23222272
26422272
29332224
44323328
23922432
32487424
66443264
33364224
72383488
84342272
62247424
42623488
82864384
37262848
24233472
38294272
22222336
28246272
67333632
49383424
43324672
74823424
92726272
98247424
33243648
77264384
79472384
62943232
62286336
82629632
22932224
94943232
74422272
64374272
42237696
46926336
74239232
29362432
38283264
22742784
84246272
34396672
32274944
29488384
33673728
22687744
23736832
23399424
34422272
43478272
22236672
46226432
63463424
22382336
44232448
23829248
74724864
33722368
32223232
82422272
32284672
92643328
22422784
42377472
46399232
22932992
63637248
24783872
26373632
23289344
63224832
34228224
27327744
42272768
62393344
27226624
43464448
46623232
96634624
42932224
66267648
33627648
24826368
72229376
28447232
27986432
27423232
29622272
76333824
32863232
38863872
82399232
24924672
44436224
32374272
22327296
27627264
36274688
32269824
24923648
37428736
67222272
72824832
62638336
22326272
29823232
29822464
76276224
67423232
26872832
46823424
64767232
93234432
32323328
42962432
47466496
37362432
86232832
44622336
48223232
34294272
33387264
69842432
92368384
84423936
22388224
66463232
69742336
62484224
33944832
73234944
32474624
27342336
97332224
22869248
24683264
78298624
27383296
36822272
79224832
49938432
62663424
62222336
43324672
44233984
68233728
72223744
33232384
72276224
24232448
79463424
73723392
84732672
79222272
29234944
42324224
44442624
34928384
23432448
22322432
78362624
33332224
27442432
72468224
93236224
27623424
37493248
74627328
23228672
36724736
63263232
36626432
28443648
43866624
24764928
23736832
44223232
38623232
72333824
44373248
62293248
86422272
72223232
32462336
46943232
72333824
49338624
42484224
28423936
34373632
37273344
82299392
88692224
46226944
93428224
63794432
22292736
23499264
72327424
38646272
28323328
43378432
92233728
72222464
46239232
23493632
22239232
74322432
22343424
38243328
76662272
26222848
82293248
32894464
22623232
32223232
32283392
34343424
33284864
72236288
82463232
23278336
34422272
33443328
46779648
62243328
22326272
44223232
34847232
97236992
62492672
23733248
27222272
76239872
86432768
39337472
46284288
46926336
98322432
22737664
94262272
79222272
22773248
44383232
92639232
32242944
39236864
34636288
23439872
27423232
24846336
36329472
64822272
42322944
34463232
29233664
84442624
26233344
63493632
63467776
42239232
33338624
42683392
67838464
92824832
34868224
74832384
46362624
39422976
62343424
22293248
63732736
28762624
33232384
64466688
73733632
42622464
64664832
26263296
29334272
42322432
29276672
94239232
43233792
77223424
24276224
22772224
29332992
62422272
38262272
24274432
26322432
43922432
23327232
63333888
24272384
49236736
23227392
37262336
26736896
83794432
28223232
28472832
72273664
26693376
23634432
88233472
36242944
39367424
23263232
83487232
33223424
23476224
94623744
23764224
97334272
87222272
24487424
29223424
36342272
76242432
38774272
44223744
72237824
93362432
27222272
23373824
86262272
99998464
33444864
33439232
64343296
82943232
28222976
39237632
23422464
36869376
43292672
23732224
43224832
33844224
42222336
33232384
29944832
26426368
24372224
32287232
37722624
63823872
73263872
76634624
62763264
44636672
78486272
63243264
46248448
38723328
49332224
28432384
62273792
22349824
33874432
94324224
49247232
42422784
26932224
22262272
22232832
36372224
92222464
32223232
22489344
32743424
23962624
72323328
73866496
34373632
42234368
42473472
94932224
26463232
33372672
26746624
23226624
26322432
22436864
64432384
92223232
73682432
72276224
47833344
29684224
42236672
33247232
22422272
62239232
33267968
22826496
72647936
33722624
32433664
29429248
39423232
72463872
33274624
23373824
92732672
74324224
32242432
36242432
23463424
92372224
32624896
94343424
34322432
68643328
44274432
44242432
24363264
43733248
22322432
26292224
22636288
33639424
64244224
28393728
29772288
33383424
93983232
36436224
47683328
73626368
24287232
29383424
23636224
63222272
62222336
72677632
33637632
72323328
22422272
23322624
23368448
83282432
32267264
43723264
66439424
24483328
66674432
24233472
32743424
34229248
33234432
26226944
22422272
82322432
32342272
74484224
23464448
43323392
23743232
42239232
33622784
29493248
39224832
22623232
27323392
32223232
44223232
72462336
62233344
44223232
69244672
42234368
26962432
72863232
74232832
22262784
23722496
24282624
22322432
29332736
22243328
92227328
33642496
23282432
22324224
32272384
23769344
22623232
28364288
28232448
63993344
32242944
36728832
43284224
42232832
82234624
22232832
24772864
76882432
26228736
24267264
22772224
27743232
76287232
29426432
32647424
47442432
27273984
49362432
44222976
39222272
96223232
26327296
72287744
64436224
93733632
67427328
62362368
42226432
48466432
47224832
37362944
22243328
22238464
27242496
23333376
32628224
39732224
32233728
32223232
23423232
72372224
33663232
86262272
73433344
34292224
62742272
49492224
24463872
39244288
46642432
22484992
26446336
42239232
22226432
33247232
82339328
32273664
23277824
22249728
82222336
72362496
97678336
83269632
38262272
37279232
33972224
38427392
38233344
27647232
34234624
33424384
23246336
24293632
86386432
33236224
44283648
22943232
48229632
33883392
62322432
22234624
38224384
74962432
34422272
24468224
28263424
73426432
49233664
29332224
72293632
22262784
43423232
33243392
42627328
22994432
62623232
32223232
32423424
72622336
27267328
37974272
43227392
84946432
32884224
23747328
49493248
37233664
43683328
32462336
48822272
42663424
62373376
23463424
22324224
92483328
26938624
72724224
42937344
24633344
92242432
39322624
28383232
34248448
62324736
37223424
32393728
43493632
32628736
22347776
26362368
37326336
33343744
22642432
37343232
46326272
36722432
33384448
24863232
22427648
63463936
24244224
24223232
23926272
46943232
24497664
28493824
32372224
63463424
23349248
79273472
22322432
49273344
28282368
73724928
22646272
33422336
72233472
23263232
62233344
42463232
32227328
42463232
26262272
89242624
43743232
79327232
63487232
37362432
32434944
27263488
22742272
34783232
83228928
44622336
76323328
32442368
22923264
28246272
63762944
78226432
22793728
22834944
34642432
82436864
23324928
34382336
44724224
42643968
33726976
83222272
42484224
96927232
26623232
47822336
44276224
76292864
62376448
24329728
26238464
23442432
43322624
78482432
74326272
27343872
37332224
47423232
42222336
72692224
89993728
33242624
77823232
73642496
22237696
22247424
33376768
48222464
26239232
42673664
32432384
24223232
34934272
32922368
27962624
42399232
32233472
23242496
34922496
74222336
63442432
27239424
22738432
22222336
43743232
22222336
72773376
32824832
33269248
92344832
44367872
39282432
23474432
46634496
23396864
77867264
43922432
47224832
22422272
23478272
62942464
43363328
22234624
86324736
33424896
24333824
22236672
96436224
24728832
69663232
26236672
32432384
23883264
72436224
42322944
26936832
24922624
33933824
29268992
33362432
42623232
44223232
69332224
69462272
72822272
22266368
38226432
72223232
26363392
44278272
69238272
87422464
93426432
34222336
23386624
38343424
62878976
24227328
72223232
46232832
82226432
72223232
76923392
36372224
23628288
23222272
38228224
72376832
74932224
26742272
27322624
32443392
63227392
63327232
22233344
24392448
29247232
23373824
33223424
62933248
23922944
92223232
23973632
23346432
42228224
46324224
22343424
32722432
83743232
29628928
69362432
28722432
24229632
33439232
23732224
82332672
83689984
22687232
44862464
44447232
28223232
98226432
22373632
24342272
33663744
33237248
42294272
79932672
22866432
72423424
94634496
33723392
34293248
28242944
42262272
49332224
24442624
22292224
38234368
74328832
86484224
34633472
62623232
24786432
43222272
23422464
72779264
27444224
32244736
28242944
32338432
32229632
34324224
23284224
22326272
63762432
23292928
23227392
47444224
22378496
62734336
74676224
23333376
23637248
22279424
23399424
49223424
83263488
83442432
43733248
39223296
26232832
29362432
87263232
38239232
97268224
62332928
46322432
34322432
22832384
64923392
93234944
48628224
33976832
29338624
22388224
34962432
24223232
72242432
24747264
22262272
46422272
23267328
37496832
72282624
64632832
37343232
43982336
22223872
42832896
46843392
42232832
63743232
24242432
66486272
77428224
73234432
64743424
44242944
82723328
24948224
48246272
96242944
22324224
38263296
62932224
23423232
46633984
36749824
32332288
23294464
38874624
84767232
43378944
42222336
92469248
34299392
28724224
32327424
33499392
94622464
24933376
24272384
82343424
77343232
68347392
67833344
43762944
78234624
33333248
82228224
46232832
93727232
68244224
42799872
22842368
22823936
43293696
43222272
26744832
62222336
63672832
22836224
24724224
22329344
28937728
33323264
94437632
29684224
94332928
73334784
32436736
79442432
36374784
34386432
48423424
64223232
92639232
22243328
43487232
74292224
32223232
34964224
48946432
32722432
22422272
23322624
22439424
22839296
32299264
22222336
42234624
27262464
72342272
24848384
26233344
43242496
29237248
33243392
33247232
92343296
22683392
42373376
42843392
42422272
87248896
38243328
72223232
26964224
89827328
62868224
27274496
78632448
62332672
74324224
43633664
42876928
22673664
44223232
78463232
44476672
39423232
34663424
26426624
23228928
28634624
64278272
74392832
44884224
49243392
43934464
68229632
29347328
63732224
36276736
27723264
34328832
24869632
32423936
36882432
24667392
43267328
74294272
33682432
88333824
63732224
34934272
43292672
72447232
22292224
26422272
22834432
22969344
24383744
32297728
82932224
64368896
49293824
26733824
42247424
29648384
78222336
34682624
32662272
63623424
29622272
42292224
93372672
22326784
63239424
27828224
64234496
32223232
24692224
82934272
64437248
24639488
42793472
32223232
47222272
23674624
42232832
22478336
42373632
24292864
73323776
62637824
47322624
64927232
24427264
44244224
22844928
27323392
87679232
42486272
93863424
42763264
42332672
27824384
23322624
43732224
66742272
32839424
48287232
32822272
48944384
22232832
63964672
34772224
23376384
93627392
26663424
82263296
82322432
62424832
22733824
33287424
43323392
36436736
26322432
32274432
76997632
27433984
46262272
23263232
42228224
42463232
23222272
42933248
62377472
97722368
94228224
98222336
63222272
27346432
47967232
23826432
32333824
64442368
98642432
27822336
92924672
43444224
24493824
46644224
67282432
22623232
32346624
23442432
24494336
27323392
24382464
82343424
24233472
28383232
32788224
72436224
32323328
46222336
23348224
63478272
74829824
37983232
62423296
32263424
62232832
32227328
23832832
44732928
22876672
92344832
22363648
74279424
24472832
26369792
27222272
32338432
23926272
33423872
82727424
23224832
32434432
23382272
36922624
84622336
26332672
32464384
34322432
23668224
23636224
62633472
23438336
64462336
22623232
63222272
37869824
23924224
98322432
24628224
32443648
32622336
46224384
67734272
32632832
68483328
22423296
33268224
38283776
22373376
86364672
33823232
22328832
22663424
92423424
26322432
32473344
38649344
46222336
26228224
27836928
74422272
24329472
24926464
46823424
34772224
68223232
43764224
78322432
63474944
98623232
73236224
37876224
26322432
43723264
78439424
62836224
29492224
88927232
27224832
48922624
39222272
32724224
33243392
62262272
42627328
48826624
72628736
33332992
26343424
63224832
72423424
43243776
62239232
22373632
39467264
42423296
83446272
47636224
94222336
62262272
23299328
43222784
44233984
63272448
82239232
83348224
42834432
44468224
42228736
32249344
44722432
42286336
23284224
32244224
29483264
44242432
82838272
43444224
34232832
36626432
39222272
23263232
26932224
28927232
26364672
23236864
84443392
92626432
62643968
74322944
86399232
22642432
33223424
82228224
43422464
22623232
23327232
28489728
42487296
36822272
72223232
33234432
29343232
72822272
23696384
42972672
82232832
74239232
34222848
63838464
32233472
63322368
87322624
28432896
24372224
34233344
77863424
44248832
33723392
64287744
26839296
76342272
34422272
72649728
62266624
42294272
34232832
27643392
84337664
44282624
42743296
26232832
43966464
22367232
69722368
42467328
28373248
34292224
24227328
42239232
82324224
28639232
22232832
33974272
24423424
22393344
82478336
38262272
22264832
23323392
42292224
69224448
29383424
64622848
33332224
62322432
67442944
39263232
63237632
63222272
32272384
22394624
42422272
32236288
66228224
32884224
32327936
43624448
24662272
37824768
72739328
29432832
32884736
64223232
42322432
42443264
82296832
38233344
73833984
44767232
47322624
46224384
22224384
47327232
47324672
38363392
32832768
22332672
34294272
76793344
64628224
78823424
67223296
43337472
72722432
63223296
73247232
42832384
22667264
33833728
83463424
33332224
24238336
22462464
73364224
28462336
42324224
22376448
36923392
24626432
22226432
22222336
73332224
22292224
32722432
24393728
27222272
64632832
82399232
49372672
22222336
36662272
22224384
42239232
72223232
77369344
86332672
32223232
33343232
78292224
32382464
24372992
23382272
36894464
32474368
26229248
27446272
28297472
22262272
27333632
63898624
83423232
42743296
43423232
63343872
66292224
47679232
44344832
27227392
23943424
24843264
82228736
26623232
92638464
22424832
93238272
46677248
33232384
22994432
43438336
33334272
82934272
23322624
64287232
49499648
68623872
42783232
33436928
22729728
87423744
36276224
22324736
63292672
46367232
62373632
22426624
22422272
92238336
72722432
44726272
24274432
32443648
23736832
66642432
42633472
34228224
34283264
73924864
24242688
26646272
43423232
24347648
22647296
62383872
37432832
42623232
83476224
62646784
24827392
32229376
27743232
33832448
26339328
24223232
28293376
64634624
28423424
28244736
22286336
66324224
93923328
23636224
22489344
32274944
22463232
32267264
37823744
43382272
22642432
32923392
49236224
73362432
93266432
43792384
39324928
88436224
26642432
62932224
22747392
42324224
73347328
22922496
24272384
92229632
47227392
32223232
24223744
22482432
34443776
22227968
26962432
43222272
26763264
79732224
77343232
63272448
92223232
49663232
39423232
36477696
47222272
33234432
62272768
22629632
83222272
32447232
37422336
36442368
22262272
42222848
93234432
62267392
26226432
82324224
23222272
42783232
44423424
93244928
24292864
22439424
36689664
42323968
67222272
44942336
23327232
32623872
24246272
62744832
26344448
63333376
23944448
38772224
33462272
73727232
42383872
84372992
34463232
74322944
22239232
72786432
22324224
24727296
24223232
62439424
73829376
62736384
26827264
32948224
72372224
34624768
32383232
22396672
43323392
62829824
43378432
33663232
22367232
43346432
83327744
48442368
62362624
24223232
34322432
32927232
27228672
23244288
33822464
22633472
22469632
39327232
33294336
22226432
23327232
44438272
24427264
26422272
23294464
96664832
88223232
68383232
37863424
29229824
93343232
76633344
38422272
27432448
32368384
34322432
82793472
37664768
46222848
36633344
32244224
99662336
22292224
73428224
88438272
33362432
42322432
87327232
42482432
39237632
28943872
62437632
22388224
34343424
47623424
34463744
38272768
26644224
49626624
62228224
46334976
32722432
67227648
42362624
27822336
96372224
38267392
32233472
42842624
34629632
23926272
47647232
92942848
22262272
28329472
69343232
42723328
42249472
23423232
32244224
23222272
37278464
72223232
99422464
62388992
34723328
97447424
36233472
22229248
64244224
32466432
74642944
28223232
69323264
24223232
62222336
82343424
28923392
33237248
48443392
69236224
28782336
24389632
38222336
69238272
38644224
22638336
29329664
93623296
33844224
33768448
44747264
38239232
39246336
84229632
43478272
23222272
76329472
38339328
34422272
72922624
62224896
23444224
73279232
34232832
22222336
49923328
26324992
23762432
37332224
23263232
23733248
32222464
22264832
62723328
23327232
34383872
33227264
24843264
32338432
33272832
33244672
72242432
23928832
23333376
23433472
27482624
92372224
24822272
22362368
22324224
87222272
63433472
73342464
22847232
22236672
72436224
72732672
23446272
94324224
39762432
98292224
92233472
42232832
92293632
66332672
27826432
22326272
33468928
34283264
73322496
76393472
72724224
46823424
44244224
62247424
66847232
92732672
74433792
67423232
28374272
93963264
64223232
34484224
24347392
27883264
33833472
92342272
27734272
26343424
76237824
24287232
22484224
23289344
23732224
22222848
26834432
33396224
63327232
42367232
72483328
82363648
22943232
48223488
42723328
46373632
22937344
33923328
47666432
62783744
84393472
22633984
27322624
68243968
46628864
86236672
72267264
32332288
88244224
83284224
84442624
62222336
34394624
92722432
93337344
38633472
46772224
23423232
24372224
22674432
66492672
28726272
64732672
22322688
92238336
23464448
22349824
23263744
73433344
23228672
46773248
34347264
72223232
93343232
38239488
72233984
32763392
67282432
26623232
42324224
32223232
78462464
46226432
32873984
22633472
26243328
94363392
34322944
89343232
72487424
72443392
23322368
24442624
76233472
43732224
22462464
64323328
23442944
26222336
89234688
46322432
89434368
22322432
43239424
77347328
24223232
29238272
44622336
36248832
28722432
36434432
67233792
32664832
92244224
44622336
34322944
23992832
93362432
82232832
22424832
82388224
83382784
43623424
32244224
23437824
24398336
38322432
64739328
32223232
72863232
29436672
96632832
28762624
38247424
82228224
24423424
33462784
27273728
27764224
34872832
84223232
24436224
42629632
42422272
46344448
94226432
37823232
42836224
26932224
34322944
23789824
82734336
27263488
23227648
26228224
39822336
37944832
33223424
43263232
34322432
32274432
32782336
39243264
24392448
73279232
23634944
63943424
28372224
24282624
42642688
72372224
29323264
48232448
24466432
42823424
23423232
73923328
84223232
47263232
79222272
36743936
43342336
22362624
74484224
93934336
64233728
27222272
28372224
74868224
49242624
68229632
32223232
23922432
88863232
22838272
84274432
37842432
66764288
43284736
47834624
72722432
23222272
23662336
22279424
36434432
22232832
22226432
66228224
32639232
66239232
23269376
22772736
92323328
32229632
43282432
42678272
46463232
22462464
23843328
22322432
22277632
22823424
34642432
22298368
26832384
44242432
43282944
82362624
32262272
33362432
23222272
32389632
63922432
23282432
22267392
82642432
23723264
72827392
24438272
48722432
24223232
36434432
33622272
26222336
37343232
82233344
33933824
22322432
93497344
72493824
22663424
22633728
24282624
23284224
23423232
24333824
73733632
46433792
23723264
46724864
34322432
43732992
33332736
22687232
32329728
26834432
26382848
79732224
23627264
37332224
86376448
23423232
82738432
29229824
44332288
29833728
22648832
32264448
82332672
92334336
38239232
42233344
89343232
87222272
43982336
22262272
24233472
24223232
23988224
34638336
26463232
72227328
62372864
48662272
34943232
44227328
33383424
44432896
23943424
32442624
32622336
36242432
22249472
28334336
42964224
39634432
24223232
24338432
24884992
33342464
22633728
48233472
32237824
32342272
63223296
92276224
62333696
32393472
33844224
22636288
34463232
22443264
34227968
26339328
24327424
62286336
37234432
24223232
26243328
74642432
83384832
27333632
32237824
23929344
82238976
62262272
43422464
22773248
64244224
23243264
24423936
42239232
23222272
47834624
23623936
29494272
29236224
38222336
37823232
82622464
87422464
22773248
38462464
43222272
23666432
26299392
63734272
82742272
23292928
23634432
36776448
84622336
22924288
24223232
36933632
32223744
67323392
64223232
62836224
44237824
34233344
23762432
42329344
26322432
34329344
92242432
27444224
22262272
37737472
33468928
87222272
32743424
34388736
37432832
32272896
36466432
84249344
27482368
47222272
67998976
42322432
23623424
76269824
22463232
37268224
23327232
42292224
27422464
36293632
64376832
78983424
82262272
33243392
47924224
82642432
39926272
33872384
64223232
24447232
63922432
22234624
79263232
44342272
33483776
24922624
24442624
66343424
43224832
24333824
22742272
22932224
42983424
23222272
36282368
28342272
22228224
72242432
63222272
93244672
24476672
42228224
27263232
83977728
46228224
93223936
47327232
96274432
23327488
42343424
66426624
76298496
98226432
32777984
76223232
67732224
38298624
28922624
37842944
38262272
72666624
83982336
26329344
42236672
62827264
72333824
22328832
42723328
68643328
34693632
32228864
42962432
42623232
94239232
42742272
27924224
76323328
22324736
64223232
38836224
23843328
38223872
22777344
83436288
67232768
36432384
64223232
64722432
92724224
93366272
72274944
39624448
38424832
22243328
28274432
43932672
36342272
79322624
43424768
84882432
86866432
37684224
38347264
43647232
32327424
63286272
24233728
27374336
23493632
68246272
76293632
23627264
42396928
32382464
94232832
22324224
63767296
24223232
22667264
34783232
29342464
64287232
27294464
33462272
63442432
87222784
37423872
26228224
48432384
94642432
92432384
72636672
48223232
66742272
22838272
37622272
22467328
74329344
37264384
23333632
67892224
22687232
33343232
33243648
24372736
89247232
43764224
29243392
39922432
44292864
69262848
47766272
43244288
89243648
44377344
92949248
27864832
23863296
32287232
74388224
38687232
29449728
36323328
88743936
22463232
73332224
22463232
34862336
49273344
62326784
43387392
22222336
49339392
27382272
24726272
36223232
72423424
63222272
74399232
49624832
34324224
29244672
97272832
32244224
66383872
33677824
32223232
48472832
74949632
22966272
23429632
44662272
43472384
27666944
63263232
42742272
97447424
34222336
62463488
67427328
72342272
84722432
67223296
24247296
38232832
37332224
44276224
46943232
33974272
37327872
96722432
22399232
63423232
62247424
62326272
82633728
74324224
27227392
36244224
49362432
94228224
26277376
37833728
32223232
32437248
96242688
97242624
32238848
62422272
23423232
72863232
23284736
64862464
22222336
46646272
28734464
33332736
43862272
23732224
32863232
67333376
69663744
22364672
42322432
27448832
22723328
32334336
24242432
47263232
39647232
22943232
43327744
97337344
72223232
27423232
22263296
63826432
27293696
23329792
62322432
33243648
72237824
46428672
72626432
26642432
22463232
26328832
44822272
42644224
22239232
92432896
44223232
27742464
34682624
82382336
32442624
29443328
72423424
24822272
92234496
49269248
42228224
79722496
73294336
63263232
27326464
83423232
43436288
22836224
86239232
62782464
92378624
34324736
34292224
78386432
22824448
34923776
74343424
23292672
33466624
22239232
74297344
22932224
33682432
86772224
32336384
27222272
27474432
34422784
32223232
92383232
74363392
83272448
37223424
66627328
26482432
34423296
77343232
22928384
46633472
22324224
92242432
22292224
72336384
33268736
22728448
43423232
67822336
72223232
23282432
82222336
62239232
72338432
34367232
82492672
64933632
46629632
22763264
73923328
89247232
92728832
32632832
33334272
26827264
82228224
29624832
22322432
34232832
69663232
39828224
84286464
92232448
93727744
66322944
93238272
68248832
23736832
22868224
97242624
29876224
93268736
33449472
23327744
36223232
23839232
48284672
29334272
93332224
28863232
22443264
22932224
22322944
62723328
34727424
22482432
42362368
83892224
92267264
44423424
72722432
72669696
33432832
27277824
42328832
74783744
93727232
29372672
94842368
47263232
32223232
42268928
22222336
38728448
24822272
36372224
42622464
44726272
27444224
28223488
39433472
82629632
27626496
78439424
27243264
48246272
36447232
98294272
47672832
72423424
62326272
42932224
37623296
32223232
22937344
89737472
96622336
42322432
93323264
32223232
62367232
24323328
84474624
32873728
29236224
33343744
42633472
43224832
32732672
28692224
76433664
43343872
32348672
23444992
39222272
72246272
22428928
36498432
28882432
32724224
33436672
48374272
62229248
24229376
42663424
26236672
24223232
33227776
42943232
24973824
73243392
43422976
23867648
23924224
27732224
42292736
33982464
24227328
22399232
39348224
24244224
28323328
44283392
42428672
84324864
32948224
44242432
29643264
82322432
32242432
23263232
32424448
32884224
29223424
87348224
42738432
42742784
24242432
84944384
34947328
46234368
92722432
72667392
93322496
22727424
24722432
92223488
42763264
27323392
72274944
29362432
83432448
42322432
46674432
74363392
34222336
66787328
22442496
24628224
49227264
28233728
88327424
32224768
82422272
92222464
38943232
23322624
63222272
27623424
34844672
62228992
44222464
83363328
24447232
32244224
36222464
22646272
38943232
22324224
87246336
34322432
22262272
34646272
23423488
28827392
72438272
37262336
47623936
28233984
47423232
79672832
34266624
39823872
89332224
34328832
22367232
43723776
36822272
64722432
32924928
32246272
96223232
49272832
42932224
23423232
33733632
24278272
37428224
42324224
27237632
32327424
73439232
82783232
94329344
44233728
42232832
22222336
62623232
33223424
68223232
24223232
32244224
76223232
42823424
22222336
32822272
22823424
74622464
38373632
27223296
24922624
62239232
43228672
63327232
33326336
73943296
33823232
22738432
99244288
28836864
92338432
44327424
72223232
23322624
22292224
32626432
72223232
26364928
32244224
26343424
26322432
26233344
29842432
82623744
22224384
33626624
26484224
76223232
82232832
96626944
26623744
68329728
83276288
62393344
64372224
22623232
22249984
39226624
27623424
39222784
39224832
86367232
43792384
24223232
22222336
74439424
43433472
27743232
24922368
32334336
73434624
24438272
24628736
73334272
24274432
23327232
64843264
93343232
74962432
26868224
82727424
29223424
43383296
28364288
42239232
24922368
23793664
63429632
23423232
22284288
44223232
23926272
42329344
73827328
33622272
48626432
37267968
34322944
44762624
82763264
44224768
43924992
24692224
73334784
66294272
94324224
93937664
38738432
79834624
32323328
73723392
27333632
96223744
32922624
46322432
32666624
22262272
22734336
33334272
43243264
82782464
42373632
36238336
62322432
46247424
26232832
88233472
89622272
63239424
42322432
33234432
33622784
29328384
68724224
48473344
27327232
37422336
82734336
42492672
99423744
84223232
23422464
43747328
93283328
22262784
22234624
32334336
44242432
27836928
43444224
27482624
84767232
46839296
33364224
92643328
44293632
28242432
24479232
72372224
98384384
39442432
22836224
32933376
96223232
44634624
32263424
42222848
63322624
22833664
48334336
42923264
32922368
28846336
98239232
38422272
34322432
22463232
72782336
33236224
84293632
32446464
34723328
79476736
32229632
23267328
44427776
46226432
24863232
74373632
79642624
24722432
72249344
67333632
77343232
92473344
43429632
44726272
62244864
49623296
26642944
69822464
87263232
64432384
22699264
43222272
24933632
32492288
32348928
32466432
62226432
33243392
22367232
89283328
24222464
72246272
63434496
72376832
72494336
92344832
22783232
72628224
93396224
64244224
23243264
28882432
44236288
37247232
38422272
22388224
37443328
22663424
22324224
26228992
23226624
33244672
22994432
33822464
74236672
94292224
34932224
42842624
28274944
39243264
22283264
33364224
92223232
32434432
64462336
82932224
73439232
33237248
43922432
22324736
42463744
22322688
33332224
92822272
26222336
28434432
24628224
82324224
23982336
22623232
24223488
63732224
87623424
44383232
42463232
64223232
22486272
32276224
33289472
32796928
33423872
92427264
42644224
23222272
22224384
43278336
67432448
23638272
79922432
42228224
94324224
22222336
32434432
23397632
73332224
44622336
72434432
89436928
24263424
84242432
26228224
33439744
22247424
92434432
64227328
23834368
42296832
26324224
22449664
47783424
33679872
92624384
42923264
48372224
46629376
38766848
37364224
22663424
29244672
32223744
62222336
26386432
62322432
33268224
36763392
42484224
37328384
88692224
43333632
22962432
29326336
23263232
43747328
39483392
33426688
37983232
23642624
64846336
43794944
29223424
27342336
73436672
62729472
24248832
32229632
66363392
22377984
36668928
32282624
44923392
63327232
23444224
26367232
24264448
43282432
72372736
27222272
23463424
96622336
72427264
28246272
32626432
44662272
42224384
32346624
47463424
46772224
36233472
42339328
24232448
34932224
24743424
39796224
37492224
63687424
64373248
23337984
23448832
47924224
28276224
34222336
72223232
23223296
43343872
92274432
23337472
22637824
66222336
62324224
34292992
62322432
24724224
32246272
34422272
26932224
46324992
28626432
23673344
42394624
24927232
62239232
23382272
36647424
32282368
22324224
92444928
23224832
32244224
27239424
63243264
36372224
32398336
38266624
93422848
23374336
22433792
34443776
24232448
39672832
22774272
26324224
83636224
22294272
32333824
33827328
44863232
23227392
74364928
73642496
24244224
84498432
22923264
22623232
22263296
32233472
68244224
96274432
34627328
36922624
28432384
96372736
22422272
92846336
76363264
43924224
24274432
42422272
23374336
32249344
22329344
33242624
92432384
84246272
28469248
49343232
22874624
22243328
22742272
63668224
43224832
44732672
49432832
39263232
66232832
77238272
27446784
37238272
36724224
63237632
22228224
26742272
43327232
82772224
82463232
28622336
93236224
39284736
63232768
46247424
98729728
72292864
34792448
22622464
38623232
34472448
44293632
92242432
64336384
32223232
26262784
42226432
33426944
43732224
34463232
23463424
43422464
42422272
62324224
72372224
42744832
23336448
22836224
72374272
22968832
27764224
27636224
72323328
72223232
42292224
82234624
22744832
22648832
72722432
32722432
23263232
49272832
23497984
24783872
72724224
27792384
42432768
38623744
77432832
23442432
66932224
32722432
62964224
26343936
42426624
29324288
62233344
23729664
48773376
22972928
23442944
77223424
42862336
26772224
34324224
82723328
22424832
27432448
37366784
42463232
38962432
24244224
64342272
43638272
23263232
32722944
22874624
32843264
27322368
43222272
29368832
84427264
23433472
39382272
38484224
78462464
27382272
88282624
92447232
47843328
29326848
47423232
46823424
92468224
73234432
94744832
26446336
22239232
33334272
39483648
62224384
33236992
73272832
26322432
27636224
74367232
22233344
43892224
22226432
39233792
23337984
44222464
62243328
37823232
82294784
66664448
62222336
33247232
47224832
24892672
73622272
97364224
42322944
62324224
67363328
73923328
32377344
28442624
89723392
38322432
24223232
47732224
24227328
78322944
77366272
24237824
83472384
33326336
42742272
96383232
84726272
97332224
32334336
89268224
39226624
43482624
72927232
22689792
38723328
27284224
74633472
76327424
22644224
22934784
92373248
73343232
42823424
82262272
36223232
86392832
47286272
99337728
32229632
67423232
23286272
29623296
24423424
44869632
49492224
44692224
44732672
22923264
43922432
24276224
34463232
22349824
88372224
63824384
23843328
22367744
62623232
27764224
36263424
48382464
22629632
39323648
33682432
22324224
27282944
84622336
38742272
44724224
83348224
62334464
29223424
26292736
86322432
64662272
47227392
24624384
28263936
33332736
22232832
23992832
72246272
76392448
27342848
63324672
27423232
99423232
42373632
43262976
23222272
36327424
77727232
22223872
23476224
29432832
76342272
32323328
33332224
64274432
28342272
23226624
32287232
43284224
82932224
48772864
33633792
43273472
38234624
76447232
22332672
32372224
29223424
82428928
22484224
72223232
22228224
67382272
42492672
27423232
89223424
73272832
24487424
23627264
42343936
27348224
42228224
22783232
23242496
33782272
72223232
24342272
47822336
43287296
72249344
48424448
36728832
74344448
37428224
64228864
22234368
82934272
22482432
43482624
63629824
84447232
66422784
23222272
24223232
73362432
24363264
82232832
36436224
96927232
33243392
32223232
39732224
27292672
28472832
42729472
22322432
27732224
79263232
72263424
22324224
39284224
82427392
76246272
82787328
42646272
34424832
62339328
44244224
63327232
43222272
27744768
94228224
32274432
62494464
87227392
73333248
44239872
94783232
72393472
42427392
27444224
42843392
23367424
23442432
44722432
38463232
46343424
22842624
63244288
74827264
24926464
44432896
62267392
37432832
62322432
37234944
33363968
66443264
23922432
36726272
43433472
84724224
48342272
32629248
32223232
32273664
23222272
23327232
28242944
63222272
38223872
78644224
74232832
26642944
28763392
73242624
22322432
72724224
33236224
43444224
46234624
26943232
79422464
22482432
23723264
44922368
23422464
27423488
92822272
44222464
47243264
64346624
37337344
26322432
33483264
22638336
37392384
34292224
23764224
23442432
22222336
23623424
62373632
28447232
93748224
92244224
24634368
63442944
43223296
27323648
28722432
26322432
22324224
63322624
23267328
28869632
22987264
34422272
34373632
32344832
63423488
64227328
23623424
22772224
36662272
22226944
37332224
46378496
62222336
46422272
32894464
26674432
83892224
76297472
46872832
27732224
26934272
26422272
26629632
22426624
43723264
72383232
26623232
22936832
78324224
29287424
42624768
46324224
82277632
28428288
22228224
24632832
22622464
23322368
44773632
32263424
26248448
26433792
38362624
37264384
44287232
23327232
22367232
27679232
32227328
32927232
32223744
96338432
34763264
24287232
77837824
62226432
84222464
23222272
32662272
64822272
49422336
22367232
22663424
33447424
63222272
78267648
32639232
23263232
72863232
34472448
42343424
42228736
42673664
24434432
42222336
42423296
24274432
22324736
26834432
34642432
89279488
42232832
23246336
37343232
22288384
98299392
89234432
32423424
37236224
72242432
73236224
32286464
23292928
62623232
23222272
24223232
86377472
23929344
32722432
73243648
48423424
46422272
24244736
34422272
26463232
77234432
46322432
22893824
22334464
23483392
93268224
36347392
32623872
84839424
24272896
42234624
33242624
92722432
66838272
22386944
63323392
82322432
24223232
97223424
23327744
32342272
44443648
42642688
22349824
92442624
42779392
72622336
34482432
22943232
28223744
42366464
62943232
27322368
72734464
43732224
62343424
72722432
44273664
23222272
89682432
72927232
36223232
69369344
68232448
32223232
62223872
97334272
24244224
36273664
22462976
88223232
32223232
22623744
33236224
23732224
82424832
22827264
22324736
39263232
44222464
72436224
73449472
63286272
26446336
63442432
33643264
93274624
64342272
28628224
32223488
44884224
23722496
43943424
34262272
42226432
34623232
63327232
22847232
33343232
63269632
49273344
34674432
23892224
28242432
22326784
23642624
42834432
26329344
32342784
32223232
34292224
27327232
39343872
37443328
46623232
43932672
42863872
47382272
92766464
43223296
86789632
33626624
62394624
24393472
22949376
23783424
82273792
22277632
34228224
67222272
92242432
49434624
26322432
47862272
43367424
23226624
77279232
62223872
33343232
74239232
76223232
42463232
24662272
27342336
36282624
22324224
47634432
32792832
83222272
63427328
47924224
42868224
32223488
36242432
67374336
42942464
62324224
22644224
43329792
83444224
34678272
22322432
39327232
83774464
36242432
63226624
93622272
22427392
34962432
73372672
73422848
82399744
34228736
23924224
33842432
74322432
23282432
26267392
23423744
24494336
22226944
28286464
82388224
32868864
24238336
26473472
92244224
94224896
29279232
24223232
32342272
22247424
32242432
34332928
27482624
67643648
84446464
83743232
97383936
36282368
98222336
48463872
32732672
82292224
66938368
24342272
23223296
44473344
46773248
36329472
22326272
39463424
34783232
42386944
82424832
22633472
33428224
83237376
97326336
26324224
76734464
23662848
49434624
44664832
23967232
22732288
97332224
98322432
47273728
33326848
22388224
46222336
64242432
42638336
82898432
32346624
22738432
63227392
33973248
46932224
48927232
34226432
62623232
29497344
24479232
33293824
69464832
36922624
43664384
23688448
27442432
36694272
23636224
76223232
92223232
38772224
32287232
24333824
46427392
62224384
23282944
62932224
63237376
76662784
96383232
29223424
62484224
48464384
42932224
23222272
32927232
49266432
36363264
34239232
43262976
33236224
46723328
27222784
72444928
24223232
32244224
22847744
62337792
43743232
62623232
26883328
34326272
23222272
69343232
84373248
72293888
32222464
38422272
32382464
27273472
43743232
24274432
42673664
32223232
22432768
72462336
23273472
33223424
64884992
92324864
63474432
62329344
22222336
63442432
34262272
48726272
77432832
22433792
42373632
84223232
62222336
46223872
32223232
32432384
24372224
64724224
42642432
33782272
79224832
38224384
99444224
26674432
22772224
22222336
23924224
32434688
43642624
24948224
32982272
39237632
43292672
32232448
73948672
72767232
24293632
24438272
23289344
23263232
22222336
32274432
22467328
63222272
29289728
26322944
87723264
38322432
27374336
26322432
27283968
27246848
93722624
36383232
63762432
48223232
36372224
74644224
44692224
66222336
96244224
33366272
34367232
92436224
33383424
28223232
64743424
46363392
36332288
43263232
23973632
34294272
63422464
63322368
63924224
34486272
42322944
42763264
24223232
42373632
46326272
23422464
78734336
22462976
92622336
43222272
22244864
26642432
68722432
82642432
23292928
42292224
47422976
29297664
48222464
83623424
33333248
42234624
48242432
32336384
22644992
64643328
23227392
93682432
23476224
24372224
72927232
34222848
42322432
62367232
42322432
24692224
36348928
32444672
44248832
83327232
83222272
26449664
22373632
47227392
62332928
32223232
44282624
26834432
46633472
22492672
62329344
32246272
82343424
43236864
23723264
97322496
22687232
27382272
32329472
23282432
26834432
44263936
49272832
22234624
36626432
37362432
24223232
24922624
82239232
73746432
23322368
93323264
78244864
62324224
22362368
27924224
32462336
24363264
67822336
43324672
62292224
73727488
67423232
24233728
29283328
24682496
73974272
73372672
93364224
22622464
86427392
63237632
64232448
24368384
73339392
29279232
22283264
32276992
69223936
69224448
67427328
83343872
34783232
22294272
47262464
39723264
24374272
22262272
73323264
43263232
42292224
36423424
32276224
73934336
28223232
22428928
23374336
62492672
42666496
32922624
74686464
93874432
99282432
23643648
66226432
22283264
77447424
33223424
33247744
32476672
27833344
43679232
42834432
24244224
27423232
23263744
34396672
32436224
33662464
42866432
42847488
42443264
62392832
27427328
73223424
29782272
27623424
24223232
23732224
63636224
22239232
44383232
24249344
22324224
23672832
22772992
79342336
74223872
76293632
26262272
83444224
42332672
34932224
83226624
22226432
29247232
39449344
37733888
23232768
32442368
42663936
22943232
82324224
33827328
74326272
22222336
23742464
23826432
72223232
66247424
82382336
63793664
34262272
23324672
22292224
63222272
24348672
22262272
72382464
29343232
44233472
32863232
22646272
22233344
22937344
32377344
33229824
42783232
67282432
72423424
28443392
42286336
22832384
32496384
87333376
84223232
33294336
64223232
83222272
34339328
23337472
38222336
92263424
32692224
24223232
24366336
23273984
22222336
22228224
22329344
22343424
22623232
64442624
23263488
46224384
63327232
22226432
22228224
62437376
62742272
23224832
87327232
64427264
28946432
72242432
49234432
82644224
29428224
73423872
39263232
32376832
93227264
62422272
82222848
32447744
27693824
36373248
28633344
62327296
29942272
46623232
22234624
47922432
38222336
27423232
42422272
22226432
32232448
32647424
29643264
82642944
22482432
93223936
23227392
63323648
42293248
34682624
28946432
34236928
24923392
32292864
27442432
36643328
32223232
43743232
37234432
28863232
44263424
88334336
22294272
32223744
82473472
32423936
34332672
32722432
42322432
49428224
22343936
24293632
33332224
74324224
76284672
66463232
28223488
23323648
23839232
32623872
43446784
83422464
88722432
22388224
23322624
43427328
24628224
73663232
33223424
47322624
77323264
92233984
32922624
29232384
44372736
62644224
42324992
22447872
64327424
68383232
27476224
43423232
44223744
42322432
22279424
26332672
28244224
32383232
92223232
62324224
68242432
27423232
33227264
27423232
34644224
22632448
34222336
22742272
33272832
26442496
93223424
23867392
46943232
92263424
33422848
23926272
42934784
82623232
32924672
34226944
92662272
33933824
29264384
69722624
27226368
23743232
42674944
34632448
36392448
63762432
22236928
38283264
36964864
82293248
34473728
24628224
62262272
78222336
82277632
32236288
62964224
32937472
32249344
28727296
44436224
63444224
49242624
27342336
76942336
82748672
22422272
33326336
22427648
78633472
82629376
23264768
92229632
28724992
33234432
32626432
63783424
42743296
39222272
32333824
93223424
74292224
23428864
38222336
62463232
34773248
22263296
39482624
47673344
29993472
86222336
24837632
62326272
42932224
22998272
68233472
48223232
66324224
62222336
72287232
47322368
73227264
62292224
44626432
83427328
68434432
82826496
32624384
94623232
27743232
33336832
34623232
64383232
33232384
32382464
28882432
36624896
93347328
43732224
24922624
43292672
24333824
62847232
43444224
24423936
73384448
32249344
23222272
37447936
22462464
77622272
23762432
68222976
28244224
29223936
76762624
34234624
82772224
23948288
93362432
92237824
23327232
34322432
23749376
32284928
62264832
94234624
32843264
22337792
37447424
23636224
34422272
46682624
74738432
34264832
22326272
27732224
22687232
62224384
22222336
72432384
27222784
23762944
33684224
92283392
42283264
27243264
68622336
28822272
67924224
23899392
36242432
42633472
24822272
26283264
36724224
23272448
67423744
22827264
33336832
29727232
32223232
46326272
22233344
73332224
42373632
29428224
32229376
23962624
33443328
42923264
83743232
47623424
38629376
33332224
43764224
22943232
23324672
92667392
46232832
34322432
26622464
82633472
62862336
44293632
43924992
69433344
92447232
27239424
48287232
74228224
22392832
22426624
34932224
42473472
29224448
36327424
33247232
42233344
22463232
87222272
32884224
62644224
23732224
23222272
43922432
47286272
42823424
82332672
27222272
23787264
97223424
33663232
43344384
49339392
26324224
23623424
99444224
38222336
73362432
67423232
77823232
37643264
49447424
62299392
72272384
48222464
27263232
93748736
42322688
83467776
32626432
93494272
83423232
27423232
46736384
22772224
93234432
97383424
33362432
42229248
23722496
74233344
83423232
32223232
22642432
72436224
34232832
22263296
74842624
23892224
32282624
22394624
26422784
32229888
39822336
22222336
32383232
29682432
74222336
24722432
32272384
44724224
32222464
23327232
29242368
37332224
42463232
73338624
22994432
64466432
38244864
37333248
33334272
62633472
24763392
34942464
47743232
32782336
62292224
32222464
23847424
72274432
76622336
44464384
23694336
33223424
22228224
32278272
22328832
29234432
22232832
86693376
23738624
32946432
44447232
33396224
26239232
72223744
33266432
33642496
22224384
34774272
23243264
22224384
32942336
43226624
24686336
42443264
24633344
32333824
64244224
33247232
92277248
24223232
47324672
23237632
32227328
34823424
27364864
63868672
24389632
23423232
82228224
62322432
33268224
76286464
22422272
84822272
64223232
23432448
23822336
72442624
84334336
44442624
22746624
36442368
32233472
29663232
44342272
96223232
34222336
62332928
43423232
62923264
44229376
92242432
32373248
24276224
82642432
26362368
24927232
22326272
24249344
32379392
43226624
44372224
62427392
22286336
22667264
64328448
82932224
43423232
93343232
22222336
24383232
62324224
28223232
43442432
83433728
34842624
34992384
24278272
42472448
44342272
83689472
62943232
36222976
23322624
42229248
83263232
44423424
32274432
43668224
72873472
62623232
23924224
32443392
66232832
72242432
24644864
32963328
94743296
33343232
43263232
32344832
42642432
92342272
26264832
46879232
22324992
22329344
32927232
73462272
22267392
97823232
33422336
92244224
22424832
34422272
22226432
29273344
22347264
22497792
83423744
46249728
32276224
66823424
64423424
84242432
69332224
39222272
22229248
32743424
22372864
32844288
62247424
37432832
88244224
33332224
34943232
33236224
49433344
42282496
32246272
22262272
96222976
33662464
47668224
23222272
67232768
48863232
22322432
82783232
24447232
62228224
68286464
83924224
64472832
32242944
32663296
23832832
22266624
62422272
83327232
83732224
32372736
72223232
32222464
37334272
72244224
22783232
33433344
23623424
92626432
42264832
27422464
37643264
22646272
23222272
42776832
22292992
28628224
82663424
33242624
76683264
88927232
78623232
82873344
33462272
64436224
26228992
27922944
32223744
23423232
32824832
29823232
74322432
24342784
99423232
43323392
32372224
83482624
78943232
22923264
62823424
36364288
38322944
37364224
23284992
26362624
23693824
32923392
29622272
44427264
47839232
42642432
62228224
22623232
72244736
37334272
74363392
43226624
22226432
32223232
94674432
92383232
24342272
32434432
83339264
32823296
24282368
62482432
24223232
33247232
73823232
98324224
37627392
63463424
98323968
76222464
93223424
22262272
24822784
33223424
67922944
37842432
32328448
32222464
23224832
23924224
74422272
29464832
72342272
33722624
22222848
74933248
24229632
69944832
94623232
74932224
82678272
83823872
28383232
24622336
87378432
84242432
86322432
39327232
32223744
63246336
42386432
34422272
73272832
32423424
34934272
34484224
37732864
72666624
93332224
38244864
23732224
27226624
46322944
42322432
92223232
23333632
47224832
82228224
72822272
26833664
24249344
22627328
33433344
23924224
47222272
22364672
23348224
82222336
26224384
23382272
48223232
28338432
26324224
32263936
94226432
83284224
26847232
47222272
72333824
42228224
42742272
42847232
23392768
64223232
22228224
83367424
22394624
33234432
83743232
26932224
24342272
33232384
78482432
82482432
22424832
48442624
32274432
86823424
22682624
24223488
32726272
27646464
32244224
32287232
26234368
43367424
69733632
42363392
43336448
72223232
66994432
64232448
32233984
72323328
88274432
34373632
42292224
28293632
43444224
24223232
42622464
32244224
77322496
22226432
26723328
42622464
44238336
32743424
39224832
26424832
24223232
84343296
22222848
62228224
37432832
33686272
32223232
32324864
83423232
62322688
46234624
23743232
22347264
82742272
62324224
22222336
77663232
34463232
23227392
29823232
22422272
94394624
26228224
66742272
37432832
74962432
24223232
77782272
29863424
34344448
64483328
24244224
44734464
36429824
94232832
42324224
36438272
26222336
43922432
43668224
22386432
36634624
82229248
96223232
22936832
26226432
26228224
42622464
82484224
94324224
33236224
36337664
32223232
26232832
94399744
32338432
72863232
48628224
32799232
34264832
82226432
24229376
22228224
28222464
39743232
32242688
92264448
26249472
29264384
92223232
43962624
27674624
43226624
23647232
33492224
82847232
42428672
64722944
43323392
23429632
23323392
34482432
34428672
26322432
87442432
76223232
32626432
32244224
32233472
82422272
22324224
22873344
72222464
32722432
94942464
67444224
62262272
42234624
32223232
24423424
93394432
22842624
46943232
24282624
43732224
24438272
33332224
42362368
97274368
42228224
32444672
24249344
23284224
22644224
23282432
92287232
32922624
82232832
32244224
43282432
82928896
24782336
