266236928
342324224
496462336
927967232
677243392
843892224
342883328
438326272
298289664
734243328
234728448
284273664
323423232
637283328
384334336
463269888
822224384
947922432
299384832
382992384
224293376
223222784
962638336
246367232
883226624
496822272
932278272
343348736
736228864
483279872
333262848
239679232
233383424
892432384
223967232
242934272
724647424
372327936
792978432
294623744
628363264
276626432
896329728
942398464
242422272
432884224
778742272
722363392
428383232
293686272
337426432
634697728
822324224
997263872
264732672
363922432
822948864
244222976
443382272
394427392
724728832
234463232
222974976
823323648
742234624
322842624
269622784
293236224
422327296
847926784
492278784
946443264
233462784
728722944
722932224
722746368
329823232
927324672
462262272
337439232
662239232
266847232
322322432
772293632
322323968
377339648
786232832
383429632
432843264
723922432
286738432
247647232
249362432
422223872
374243328
392382464
774477824
792973632
743227392
632276992
792722432
292239872
473973248
338322432
364647424
268242432
643269376
864822272
337247232
926372736
924862464
443732992
473362432
627228672
333298432
226637824
373343232
238838272
269238272
336227328
223978496
824722432
296372224
347284992
727323648
843666432
622772224
224382464
299282432
244622848
443828224
742236672
242729984
294324224
623228928
242932224
646263296
276242944
262226944
239233792
844662784
476364288
328892928
438243328
243943424
984223232
462644224
834233344
624442368
732242432
646623232
769229824
793422336
963623424
392223744
228299264
374226432
276882432
377739392
234322944
422388224
437428736
273936384
343223296
839289344
239927296
363233792
232333824
339829248
323472384
632633344
323674624
422462464
322332672
422393344
876627968
366222336
632628224
349264384
426872832
334364672
684222464
398623744
464436224
722422272
369247232
862239232
394962944
344424448
723237376
793498624
324263424
372648448
242422784
343284224
343224832
233422336
423286784
336436224
432229376
328823296
428883968
484622336
766797824
986267648
237672448
232267776
389433344
828372992
932882432
777682432
322292736
646469632
722337792
782347264
438247424
624244224
442322432
292344832
644392448
332233728
224632832
642747392
293323264
663272448
939684864
743442432
343429632
332229632
232633344
424822272
974393344
684677632
277942272
423223296
637279232
822326272
863762432
233249792
722339328
847634432
632233472
332323328
344267264
748762624
622223872
826344448
828393472
272223232
634373632
982292992
736863232
823222272
222964224
296362496
432466432
462326272
393434624
266834944
632464384
222226432
247627264
442932224
893876224
734823424
294846464
464249344
377823232
674728448
437438976
927668224
296293632
288423424
323477632
322629632
393332736
283323392
264249344
342222848
423734272
242322432
637799424
792244224
443397632
464398336
342277632
327342336
422223872
322942976
362232832
224633344
634322432
286224384
346386432
227363328
323747328
244923392
338463232
443367936
266676224
496284672
436869632
237722624
736274944
263924224
276263424
228273664
328927232
243384832
326992384
673423872
223843328
223463424
278644224
622964736
439963648
722473984
493343744
773633792
262264832
248722432
683423232
278283264
344638464
432724992
643236864
664443392
372344832
332732992
832632832
627239424
796982272
364623872
427922432
266723328
422938624
423783936
239734272
862243328
274484224
342223872
422738432
292222464
622478336
929222336
332393472
822247424
226742784
332429824
422923264
268626432
293428224
346322432
279288832
223224832
292478976
347346432
473247232
324242432
893238272
682693632
337332224
833332224
422633472
367823872
977462272
683677696
734772224
462277632
643427328
783743488
249398272
942267392
647324672
349944832
629727232
243967232
223227392
627636224
822334464
227237376
332223488
222774272
226873344
623647744
422482944
322787328
443282432
883663872
224287232
638687232
832227328
262477824
628263936
399924224
344338432
249272832
733433344
392293376
296239936
627382272
672292864
229878784
236276224
342262784
463327232
783763392
966243328
487632384
222887424
226386432
272666624
736249344
427623424
936722432
942823424
633362432
648487424
762734336
924342272
474379264
682463232
442622464
432244736
426637824
429928448
333323264
236383232
734964224
223263232
473332224
423237632
682792448
427282432
632822272
444263424
432863232
698676224
722229376
372323328
677829632
273248768
289334272
223634432
638324224
669493248
426437632
322232832
346727424
292233472
343274496
964724224
723387392
272837632
867724288
232223232
233746432
267428864
333623296
774627328
636342272
342943744
448227328
222277632
867623424
232827392
472628224
424232448
694838272
227643392
383442432
826463232
243232768
383634432
767333376
938847232
462362624
382247936
422697472
324383232
883323392
792638464
272223744
336694272
428942336
294633472
336437248
737833472
626747392
343992832
762232832
229822976
672462336
239974976
394763264
322962432
327222272
372726272
447884288
294623232
297639424
223324672
883423232
224248832
722868224
836667392
423924224
479864832
622372864
837274624
277332224
624732672
822226944
423847424
292263424
422732288
782327296
927482368
322362368
222224384
233422336
468244992
436922368
847627264
442437632
468229632
626363392
244338688
733428224
762267648
663222272
737932288
472379392
386742272
334239232
982837248
244222464
284967936
839263232
234873344
292762624
392823296
279627776
246436864
874339328
347766272
323233792
922228224
634473472
489833472
343327232
727399424
836278272
222226944
384227328
227428864
223642624
267382784
764387328
644383232
322996224
224346624
334644224
343243264
382483968
832372224
332473344
224287232
827684864
674238976
962343424
472463872
293223424
464338432
226678272
223224832
944223232
328682496
224233472
327373824
299433472
487263232
437242368
336693248
332946432
368229376
227339264
272433664
397844992
939342848
229287936
734223872
722832384
328628224
227382272
722642432
323434496
247223296
742774272
974439424
322427392
963423232
268242432
273279488
422334464
237689344
232272384
994422272
227633664
823337472
298829824
347444224
384223232
224269824
492342272
322422784
362292224
773387264
226292224
626332672
427829248
342926336
264338432
226488832
742263296
279328768
347273728
833247232
223222784
222836736
227892224
366367232
324662272
238738432
233823232
233342976
223824384
922463232
297234432
387423232
663228928
242783232
492833792
622623232
639423488
226422784
672329728
337334272
823698432
446243328
922233344
924242432
322292224
222623744
237722624
822326272
472227328
376374272
372626432
737272832
434633728
782226432
733262336
222797824
282463232
874292224
336329472
823223296
763624448
847442432
222326272
436777472
832372224
287642624
434783232
628323328
328233984
233426432
242337792
929797632
627326976
723228672
242292224
672334336
628839424
223228928
294262272
498832384
239439232
383263232
372263424
437873664
247826432
932276224
236724224
936372224
273272832
882293248
349344768
282962432
436242944
733223936
664233472
862222336
492762624
262648832
329227264
926876672
948366848
894393344
378427392
683444224
862277632
443476992
222462976
247749632
922437632
642229248
373223424
233337344
273422336
746463232
497332224
962399232
733466624
237343232
437944832
386664448
246367232
737278976
223346688
334823424
232483328
226484224
388282368
336423424
429323776
449334272
647933696
438286336
442932736
727634432
823442432
243226624
629749248
892392448
323868672
333646336
629492224
368822272
233447424
288223744
746723328
932222464
223883776
324348928
874379264
322424832
496362496
327989248
344442368
226482688
234422272
432223232
423762944
336483328
332429824
327263392
223499264
433682432
233279488
773927424
284238336
828327424
372387328
892434432
843326464
264679424
922322432
233336832
242289664
842422272
322266624
422226432
278836224
223373824
344722432
637223424
727237632
824462848
297627648
292222976
633234432
827932672
334633472
388278272
989467648
933343232
222734336
633823232
873229824
326324736
242322432
973364224
733243392
772242432
268222464
739344384
374239232
724468224
334222336
279967232
242834432
938236928
927284224
222478336
343826944
824287232
624743424
326326272
233232384
366347264
692242432
346233344
288462336
826444288
264436224
426234368
326839296
342798848
268327936
662222336
934432768
348242432
444849664
282276864
686772224
294324224
449737728
387226624
336722432
273627392
246243328
426232832
397236224
342674432
432267264
223722496
698228224
373946368
244692992
744233472
448346624
862224896
233448448
633247744
873426432
243444224
722296832
374324224
422326272
222943232
822964224
327222272
367387648
232697344
932284928
277223424
463422464
276293632
983834624
932644864
384374272
346923392
222247424
447429632
922382336
232436224
266427392
283487232
272663232
292242432
332229632
246426624
242639872
487322624
333342464
224348672
223779328
228348928
324428288
672223232
432244224
786363392
633823232
323766784
223222272
782223872
329227264
432632832
934887424
763322368
737293824
436969472
444327424
293972224
228222976
472223232
642446336
392293632
883636224
689232384
243794432
237829632
796233728
224722432
623862272
777349632
722232832
823222272

