827392
334464
287232
847232
382336
223232
628224
844672
742272
348672
343296
432832
922432
234432
332224
843392
222272
327232
722432
334272
642624
927232
972672
823424
663744
433472
426624
223744
284992
228224
738432
234368
492224
642368
487424
644672
363392
932672
623232
226432
326272
642432
367232
622272
372224
362432
247232
933824
424832
324224
767232
429632
228224
623232
682624
242432
922624
262272
239232
262784
432384
392832
232384
386432
437248
433792
334464
222272
323328
223232
399232
639232
323328
462336
822464
249728
444736
263232
622464
323264
273472
992832
236672
772224
372224
222272
474368
222272
244992
944384
647232
286336
783232
338432
734336
234432
923264
762432
244224
242432
722432
748928
272832
647232
233472
337472
222272
323968
636224
923264
294272
223872
644224
424832
623296
363328
263296
342976
623744
926336
337344
222848
422336
423232
322432
226432
232832
423936
237632
649472
844224
222272
223232
777344
344832
326272
923392
262272
324672
732224
444992
263232
232448
324224
622272
362432
862464
623872
242432
233984
722624
333376
442944
929344
223296
378624
834432
222272
732224
823744
443392
236224
847232
943232
932224
399424
274944
324224
763392
326464
727232
727232
263424
223232
436224
673344
236224
724224
267328
683392
463232
326272
234368
482432
376832
293632
498432
623232
422272
742272
374272
692224
427392
283264
442624
327872
436928
233344
222272
334336
388224
243328
692224
632832
783232
326272
233984
833472
324224
462272
322944
462336
738432
722624
823296
743232
223232
226944
983232
423232
447232
446336
324224
327232
236224
243328
224832
327424
223232
292224
334272
322432
223232
638336
334336
692224
362624
877248
844224
763392
328832
222272
634432
222976
922432
463232
733632
233984
623232
722432
767232
298432
662272
234432
822272
363392
922496
439232
422976
293824
242624
293632
847232
863872
794432
272384
244224
242432
833344
232448
623232
838272
792832
834944
362624
879232
322432
322624
233472
422272
242432
227648
828224
623232
324992
427264
223232
374272
324224
224384
826432
327232
774272
298432
436224
422272
292224
222336
322432
723392
262464
622336
324288
332672
246336
223232
483328
332672
263424
644224
292224
227328
339328
676224
623232
322496
423424
826432
233984
226432
492928
287232
262336
327296
423424
222784
348224
662272
243328
422336
623232
222464
633664
339328
799232
262784
224768
367232
322432
282432
422272
284224
723328
832832
372672
242432
229632
232832
843392
324224
268672
642432
222464
233472
222464
927232
623232
228224
242432
268224
262464
463232
636224
287232
242624
423232
222784
272384
772224
238784
223232
244224
224832
623872
282624
792832
847232
382464
243328
228224
923328
326272
343424
282432
222272
238272
922432
422336
468224
927232
423232
622336
333248
634624
622336
786432
327232
732672
372224
442432
723264
226432
276224
332224
273728
422272
332224
363392
247232
927424
732224
222272
226432
436224
324736
426368
247232
274944
322944
826496
223232
892224
327744
423232
236224
234944
332672
469632
223232
222272
342272
423232
684224
222848
623232
642432
293632
332672
433344
347392
279744
623744
626432
833664
294272
863232
228224
323264
742464
427648
228224
449664
268224
422272
243264
373248
638272
324224
292224
647232
232832
323392
276224
334336
223232
263232
838272
383232
722432
427392
286272
382336
633472
323264
622272
223232
422784
823232
332928
622464
633472
233344
327936
222336
628224
287232
463232
223232
988672
328768
733824
498432
493248
242944
627968
262272
663424
226432
382848
327232
223424
367232
223232
262784
442432
292224
429632
232832
834624
323264
363392
767232
367232
223232
339328
224832
422272
324224
222464
242624
832384
223232
322432
736832
942848
223232
333632
422336
324224
734272
267648
423232
399232
632832
292224
243328
322432
223232
343296
484224
343424
623744
224384
473344
629632
723264
426432
922624
623232
244224
623232
743232
482432
243264
242624
634624
927232
333824
473472
327232
282624
724224
922624
247232
884288
237632
623424
733632
326336
644224
223232
364224
263232
892224
237696
324928
423232
466624
822272
233472
234432
222464
243328
366848
863232
834432
327232
422272
362624
228224
342336
474432
222272
232832
682624
246784
293632
783232
222272
282624
846336
376896
442496
232832
433472
462272
226432
244224
443328
983232
393792
223232
234432
234432
226624
342272
228224
847872
226432
836224
222336
822272
364224
242432
743232
994432
863232
226432
734464
327936
233344
487424
422272
334784
724288
342272
276224
623232
746432
722432
343232
863872
346624
724224
372224
637632
223232
783232
633472
243392
723264
237824
642944
323328
423232
223744
932224
223232
772224
826432
479232
383232
743424
723328
822272
324224
636224
422272
393344
239232
362432
324224
783232
442368
328832
422272
324224
622336
427328
437632
337472
363392
743232
223744
228928
323328
283328
263424
223296
233344
422272
823424
338688
333248
223424
228672
372288
226432
622336
342272
869632
322432
638464
262272
372224
834624
427392
623744
222272
733632
428224
228224
922368
442624
366464
343424
834432
246336
633664
393344
393472
442432
932224
633472
467328
294464
223232
822336
322432
428224
647232
322432
242432
732224
333824
242624
326272
442432
276224
287424
263232
964224
222272
733824
283392
332672
743232
482624
643392
239424
922432
364224
823296
343232
663232
276224
273472
828224
323392
662272
242432
324224
332224
242432
824832
223232
722944
234624
222336
484224
294272
682432
326272
222336
222464
472832
233664
232832
423424
633472
226624
636224
734336
229248
338432
242432
822272
244224
823232
334272
222272
743232
463232
427328
322432
223232
349824
293824
222272
292224
284928
224832
622336
822336
222336
266432
383872
343424
484224
282368
322688
427392
223872
326272
223424
324224
246272
978432
274432
239232
626432
732736
424832
246272
468224
342464
833344
247424
236224
392832
329344
343424
239232
224832
332672
838272
724224
277632
924224
323328
623232
322496
742272
367232
228224
276224
232768
734272
242432
229824
423424
462336
232832
633344
222272
443264
237824
242496
362368
262272
222272
239424
423744
684224
737664
479232
233344
372224
628224
246272
493632
223744
327424
243328
946432
328832
663232
783232
367744
327296
287232
346624
236928
228224
223424
272832
243328
244864
322624
223232
232832
233344
476224
226432
433472
894272
279424
262272
424832
924224
262336
432448
934272
323328
222272
294272
222784
322624
278336
934784
243328
263232
263424
426432
823872
272832
233344
373632
748864
223232
296832
236224
462336
334272
644224
222272
223232
922432
247232
348224
434432
232832
364928
228224
333824
389632
362368
822272
232832
287232
329728
229632
228224
982272
823424
924224
343232
224384
326272
228864
736832
783232
242624
843392
293248
263744
639232
226432
774336
443328
426624
463232
363328
332224
234496
422272
373632
463232
242432
743424
433472
623232
324864
223232
223744
223872
262272
338432
423232
322624
362624
222336
727232
482432
242432
926272
367232
732224
726272
279424
364224
262272
324672
292672
933376
372224
228224
734336
469248
742272
772224
332864
233472
729472
282624
424832
393472
222336
237248
324224
228224
234432
222272
828224
462464
962432
262272
692224
842624
636224
722432
279424
772672
244224
292224
423744
482432
422272
734272
628224
844224
326272
834432
242624
424832
863232
428672
783232
444224
282944
294272
426432
934272
222336
243328
232832
663424
822784
284672
223232
343232
239232
287232
234624
232832
822272
934272
238336
244224
228224
223744
923264
422336
276224
682368
743232
244224
824832
228224
232832
234432
476672
772672
372224
342272
423424
422336
822784
366464
422272
622272
722624
277632
232832
444928
322624
229824
223232
479232
724224
327936
223232
762688
223744
242432
223872
247232
422272
378432
364224
662272
433664
423232
237376
332672
232832
282624
284224
474432
274432
443328
232832
324224
743232
422272
222272
424832
379392
282432
234432
223232
732224
672384
322432
626432
224384
223232
423232
324224
223296
324224
442624
223232
222336
242432
882624
322432
299392
927232
474624
324992
633344
427328
226624
439296
447424
247424
622464
222272
233344
623232
226944
724224
278272
222464
663488
228672
222336
423744
279424
633728
267328
884224
336832
326272
247424
263424
324224
282624
383232
632832
322432
324224
664832
428224
424832
224832
263232
263232
822272
372224
263232
439424
328832
243328
232832
226432
332928
333824
462272
783232
268224
832832
323392
377728
228224
622272
236736
463232
422272
227264
348224
222272
262272
444736
432896
233472
242432
323328
263424
292224
323328
423232
293632
226432
642432
267264
443392
247232
249344
366336
463232
276224
347264
324224
272384
474432
223232
292224
423232
382272
342272
942336
822272
623744
343872
284672
247424
232832
239744
724224
622272
844672
292224
879232
444224
247232
222272
238336
426944
222464
492224
322432
732224
324736
479744
344384
342272
293632
227328
833664
233344
232448
832384
823232
223232
223296
893824
343232
634432
228224
424832
622272
436224
934272
339392
224832
422272
262784
722432
346432
423424
343232
632832
227328
222464
423232
827392
263232
436736
274432
474432
222464
444224
843392
339392
244224
243264
823232
366336
236224
367424
937472
642432
463744
272384
222784
223232
743232
783232
222336
742272
644224
322432
337792
264832
823232
262272
393344
442432
843328
227328
423232
242432
343296
434432
333632
326336
322496
422272
223488
226432
273344
223744
932224
463424
324224
223424
344832
324736
493632
879232
323264
244992
322432
248832
632832
222272
666624
222976
294272
623232
437248
332224
229248
239424
922432
933248
294272
238272
943424
249472
483328
743232
327232
233792
628224
492224
322624
497472
322624
343424
463232
222464
283328
284224
326272
487232
632448
462336
247232
726272
442368
423232
442624
282432
442432
237248
322944
243328
346432
439424
372864
242496
234944
262272
382336
343424
492224
642944
922624
272832
342272
823232
223296
234624
827264
244288
636224
263232
484224
623744
482432
372224
362432
223232
399232
444224
482432
323328
349632
463424
482432
722432
294272
743232
734272
423232
223232
324672
622272
832832
422272
232384
247424
329792
626432
763264
223872
949632
623232
422272
223744
722432
223232
486272
229248
362624
332672
263232
233664
274432
323264
287424
483328
634432
722624
828224
223232
824832
394624
633472
422272
442432
943232
242432
323264
342272
428224
228224
822272
222464
342272
343296
884224
292224
263424
423232
223232
738432
324224
246336
224832
324224
423232
279232
262784
222272
262272
962432
323392
262784
722432
223296
922432
636224
844288
447232
242432
643648
342784
363648
236224
647232
228224
324224
228864
329344
622336
227264
399232
346624
223424
233472
243264
292224
334272
326272
362432
243264
422272
243264
322624
423744
226432
663424
244224
727232
232448
283328
622336
339328
273792
263424
764224
826624
336832
447232
339328
822784
263296
634368
228224
223296
229248
324224
247424
732224
223232
367232
242432
322624
323392
232832
423296
276992
636224
392832
273664
834432
623232
436224
663232
443392
326784
226432
647232
223232
442624
386432
322432
282624
222336
623232
246272
786432
247424
628224
263296
223232
323392
964224
662272
434432
363392
227328
263232
636288
262272
223232
922944
383232
222272
246272
432768
297472
224832
234624
646272
323264
244224
242432
774272
334272
827264
423424
242432
883328
323648
823424
333824
243392
823296
922624
242624
342848
233472
623232
922432
292224
482432
223232
622464
246272
338432
273472
443392
467264
324224
862336
232832
623232
228224
634432
422272
292224
633472
832832
483328
343232
262272
247232
239424
233344
327232
324672
724992
343232
868224
242944
643392
276224
644224
383232
294336
994432
233472
223232
282624
327424
247424
382336
922432
242432
636224
623232
324224
692224
324224
462272
447232
234432
432384
663232
332672
287232
246272
642432
463232
462336
222464
262272
292224
292224
694272
642432
642432
723264
223232
826432
326272
223424
228864
663744
324224
222336
884224
388224
332224
242432
294272
222336
383232
343424
249344
223232
244224
422272
943232
922432
422336
822272
722432
324224
282432
428672
334336
372224
223424
628736
222336
482432
468224
222464
342784
237824
846336
422272
873472
226624
224448
343936
742272
436224
442432
322944
322432
272448
293632
723392
742272
727424
263232
364928
644224
634432
383232
323264
363392
763392
362432
623232
372736
494464
442496
633344
327232
322624
292224
423936
294464
423424
436224
324224
832768
223424
833472
274432
242624
423424
826432
244224
723264
623872
222336
922432
328832
324224
233472
374272
782336
844224
423232
732224
326272
442624
436224
979328
232832
238464
226944
329344
332224
243392
387392
924672
623744
472448
236736
632448
222336
343232
264448
246272
436224
927424
434432
432448
279232
332224
923264
932224
294272
239936
344832
222464
847232
742336
462272
822336
242944
324224
294336
773824
242432
239232
228224
223744
272832
327232
234624
367232
632832
422272
764224
423232
828224
227264
394624
372224
442432
823296
262272
622272
332928
322624
479424
326336
234368
473472
629632
943424
447232
783232
924672
222336
223232
479232
464384
324224
322624
327232
236224
433344
634432
463232
362432
238464
732224
334272
783232
322432
783232
263744
222272
227392
964224
879232
322368
289344
262272
282624
223232
732224
262464
343232
226624
224832
423424
463424
232832
282432
244224
742272
382336
284672
623232
284224
262272
249984
224832
292224
333824
932224
372224
442496
226624
423232
223296
323328
436224
333632
623232
223872
932224
334272
322432
733824
322432
272384
223232
229632
722944
264832
772224
422464
222848
322368
266368
942336
822336
463232
362624
732224
623232
223424
239232
422336
692224
822272
274432
226944
243328
263424
244224
883392
747392
338432
383232
732224
326272
472832
362368
282432
223232
394432
442624
247232
787328
423424
322432
822272
322624
927232
399424
424832
344832
242432
343424
647232
373376
442624
379392
223232
487424
222336
724224
242624
263232
823232
222336
232832
372224
343424
332672
676224
228224
242432
334272
324864
863232
334336
232832
223872
246272
226432
324928
943232
623232
222272
374272
224832
323392
232384
236224
422272
626432
424832
243328
327232
263744
233472
637632
242944
324224
332928
438464
932224
343232
333248
646272
224832
423488
663424
226944
436224
322432
233344
223744
243264
328768
472832
874432
242432
434432
992768
823232
622464
222336
623232
228736
244224
224384
286272
273344
633728
262272
623232
224384
734272
323392
422464
722432
724224
396928
333824
242432
263744
932224
723328
824384
322432
236224
637632
324224
986432
348224
469248
927232
324224
222336
222272
222784
338432
322368
222336
623232
423424
424832
334336
227776
482432
243264
287232
262272
327744
782272
322432
239232
322944
439232
922624
263232
442432
623232
343232
223872
732224
222336
324736
223232
334272
428928
842624
442432
332672
223232
663232
442432
334464
373632
923392
223232
334336
326336
983424
336448
422272
322688
263232
423872
242432
223744
243328
627264
224896
362624
962624
327232
496384
692224
442624
342272
222336
492224
276224
222336
243328
422784
932736
249344
626432
282432
322944
432448
232384
483328
222272
772224
343296
327232
237824
983232
244224
227648
373376
239232
926272
226944
862336
322432
972672
242432
463232
372224
363264
972224
222336
322368
687232
222464
242944
249664
322432
279232
626432
646272
343424
482432
482432
324224
282432
332672
262272
226624
837632
327232
638272
343744
229632
722432
322432
343232
622272
242432
324928
332224
226624
322624
242432
284288
293632
422272
442624
383232
644224
833664
743424
232384
229376
462272
732928
323328
762432
823424
683392
933632
426432
343424
223232
322432
233344
226432
322432
422272
743232
922624
222272
327424
343424
623424
222272
248832
323328
732224
633344
222336
962624
234432
239232
237632
722432
292224
274432
222464
783232
263232
429632
287232
262336
294272
227328
323264
443328
922496
293632
646784
894272
232832
977728
236672
492224
227264
222336
423232
338432
866432
342272
237632
322432
262272
324224
742272
922432
333632
492224
262272
343232
242624
244224
242432
232832
334336
223232
399232
324224
229632
228224
264832
922496
422272
239232
322432
223232
822272
822464
424832
423232
322432
222336
362624
632832
222272
242432
422464
262272
433792
636224
424448
333248
484224
326784
223232
239232
324672
336832
332672
426368
742272
224832
323648
283392
222336
372224
323392
443392
323264
229824
228224
444224
943232
367232
223232
422272
262272
327424
633472
832832
326464
932224
268224
836736
436224
722368
622336
239232
284224
274624
636224
676224
232832
242624
639232
423424
228224
287424
423232
262272
738432
727424
274432
427392
282624
324224
872448
223232
276224
234624
292224
834624
232832
492224
243264
732672
338432
238272
363392
274432
228224
346432
226432
324224
236224
783232
332928
367232
486272
332672
422272
722432
223232
242624
364224
327424
262272
747392
292224
323264
794432
734272
423232
388224
282624
343232
932224
439424
222336
363392
972224
434432
229632
228928
324224
367424
223232
423872
723328
322624
443264
773632
222272
327232
323328
423232
244224
334784
343424
423424
343232
642432
223424
824384
442624
674432
224768
223872
333696
423296
372224
328832
237824
422336
322432
223232
273344
823424
333824
238272
724224
823232
372736
372224
324224
927232
423232
332224
242432
224384
422272
732224
227328
223296
242432
627264
327232
222784
423232
436224
943232
262848
982272
334272
678272
427392
233664
672384
622464
228224
622336
376832
292224
982336
363328
636224
292224
826432
337344
823424
322944
238272
224832
843392
962432
223232
346496
793472
244224
623744
227392
334272
223744
322432
342272
623744
932224
264832
224832
247296
742272
278272
239232
974464
224384
949376
634432
949632
822272
434624
337472
233728
824832
266432
343872
922432
372224
249472
748224
382336
482432
429824
834432
383232
343424
724224
632832
332224
422272
244224
393344
434432
228224
222464
222272
794624
432384
342336
223232
823424
223232
286848
223232
472384
222272
663424
293248
428224
233344
263424
282496
434432
334272
282432
442432
323328
279424
943232
428288
222336
292672
443328
234496
777344
923392
347328
342272
732736
672384
844224
932224
323264
263232
228864
639872
374272
363264
222464
292736
722368
222272
247936
682624
222272
242688
742272
343232
244224
439232
372672
423232
642432
623424
226432
282368
223232
232448
223232
364288
226432
339392
327232
342272
493632
822272
223232
822272
243264
242432
329344
323264
323264
282624
324288
823232
722432
687232
332288
222336
342272
486272
432832
442432
222464
768384
634368
663424
372928
843264
223424
226432
246272
334272
343232
233792
922432
626432
342272
724288
442432
379392
366272
838272
829248
239744
242432
626432
388224
278272
327424
233792
234432
842624
223872
322432
323328
227392
263232
634432
322624
372224
262272
722368
222464
332992
783232
633472
222272
774272
372288
863232
343232
433472
323328
732224
367232
922432
342336
324224
322432
883264
763264
623232
367424
246272
233984
222336
239424
447232
234432
722432
279424
962432
223296
332224
373632
332288
384448
783232
274432
723392
728832
287232
326272
423424
232448
734336
232832
783232
732224
272384
943232
223232
738432
322432
293248
422272
623232
427264
222272
228224
437376
243328
728832
262272
932224
364672
233472
923328
822272
323328
434432
234432
464384
422464
233664
226432
949632
292224
623232
444288
422272
724224
247232
283328
222464
429632
843264
329472
432832
232384
929344
238784
434432
647232
478272
772736
827328
644224
322944
466432
246272
423232
247424
647232
427264
223872
393344
223232
327424
348224
224384
274432
423424
923264
262272
343744
443264
222272
229248
374272
332224
222272
436224
422272
246336
324736
492672
932224
223424
687232
277824
334464
783424
223872
492224
332224
323648
822272
223232
927232
633472
668224
372672
822336
224384
327232
439232
467328
228224
233344
423232
737344
243328
862336
223232
934272
884224
842624
772224
222784
962432
322432
874624
442624
436224
422784
237248
277632
232448
379392
262272
947328
322624
248384
842432
222272
239232
476224
722624
842624
244224
694272
343424
446336
386496
228992
233792
327424
439424
373248
326336
323392
478336
362432
843328
423424
662272
323264
244224
423232
282432
663424
636224
323968
222336
463232
222784
427648
443264
423424
223232
434624
372224
742464
276224
228224
343232
736832
443392
326272
322432
822272
287232
227392
327232
228224
243328
222272
322432
262272
222272
222464
437632
226624
399232
434432
292224
636224
793472
644224
484224
872832
383232
626432
732224
932992
223232
922624
228224
322944
222336
228928
744832
742336
426624
263232
239232
927872
247424
327232
222272
223424
644224
332672
377472
722432
836224
224832
622336
222272
263296
233728
892736
642496
292224
367936
623232
623232
924224
642432
263424
222272
422272
423232
262272
742464
222272
227264
263232
333824
943232
244224
623744
472832
447232
627264
623232
674432
326272
632832
236224
222336
472832
224832
233664
262272
342336
226432
222272
233472
362624
463232
322496
262272
473984
294272
233344
393344
743232
622464
943424
223232
228224
222272
239232
222272
226432
247424
236224
247232
724224
623232
274432
228224
243264
232384
748992
322432
222272
338432
362624
224832
427648
823424
234624
622784
734272
642432
283264
262272
324864
627328
234688
239744
423232
432832
624384
324224
962432
222464
332864
223232
222336
228224
822784
223232
722368
324224
824832
363392
328832
823744
898432
663424
447232
822464
222272
242368
267328
478272
274432
242624
322432
373632
327424
422272
634368
936832
322432
723264
223232
222336
324224
297344
342272
293632
227264
874432
336384
742464
332928
244288
343424
362432
233344
224448
234432
743232
246272
442368
226624
233728
734272
423232
422272
842368
233472
439296
364224
272832
274432
732224
292224
924224
229248
322624
463232
232832
439424
242944
333632
322432
226432
492224
423872
842432
327424
682624
243328
693824
277632
366272
884224
399232
222464
732224
222272
229248
886272
272832
822784
222848
332224
239936
662272
277824
734784
423232
692224
732224
227328
272384
422272
233344
863232
822272
233344
424832
764224
332672
422464
726272
334336
232768
422272
642624
932224
646784
222336
277632
322688
698624
443264
298624
224832
263232
424448
422272
982272
324224
476224
348224
423232
624384
722944
423232
263232
223232
422272
722432
396224
442432
362624
444224
232832
222336
336448
222464
326272
234368
822336
628224
326272
482432
222272
422336
223232
244224
743424
284224
822272
429632
763264
228224
438272
249728
647232
426368
682432
222272
443392
342272
373248
223296
742272
723264
329472
236224
922432
247232
822336
232832
366272
927232
982272
443392
724224
422272
338432
234624
372672
242432
342272
239232
373632
333824
923392
943232
332864
722624
882432
626432
239232
236224
223232
746432
444224
734336
334272
472448
343424
433344
732224
423232
322432
222272
887424
292224
822272
423296
693824
333824
239232
329472
444992
322944
632448
649344
634368
283264
487424
322624
223296
222272
223424
886272
228224
424832
622464
923392
772224
283264
724224
322432
627264
222272
284288
263424
263232
444224
322432
222336
482432
249344
272384
632832
723264
763392
682368
479232
322432
263232
236864
263296
239232
682624
346432
892224
226432
663424
436224
232832
277632
622336
342272
427392
226624
622464
323392
862272
363264
463232
449344
663424
362624
228224
242624
644224
299264
333632
324224
332224
322432
732672
242624
263424
324224
263232
339328
742272
443392
228224
228224
722432
746432
222336
283264
423424
626432
234432
633728
348224
433664
324224
222272
322432
362432
222336
329472
692224
364224
842432
444288
334272
892224
427392
249344
822336
682624
724224
284224
282624
623232
332288
623232
742272
362432
242944
332672
283264
224832
422272
233344
724224
323392
327232
382336
283392
423424
374336
427392
246272
324736
732736
233472
277632
372224
632832
263744
282432
862336
433728
244224
268736
263296
436224
266432
287232
262272
422272
266432
663232
422272
383232
646272
363264
244224
832384
233792
423232
623232
423744
322624
372224
274432
772288
934784
232832
423424
383232
422464
343232
822272
262272
364672
872768
722944
894464
422272
622336
292224
326272
292736
262272
339392
839232
262272
293248
224832
327232
723328
922624
742272
636224
224384
722432
722944
226432
823424
263232
343424
396224
226432
723264
323392
338432
333824
223424
732224
332672
229248
442432
732672
242432
434432
397824
233728
822336
422272
238336
492224
667392
372928
343296
462336
922624
372224
442432
433472
498432
327232
329344
392832
448832
236224
223232
322368
672832
422464
223232
422272
869248
339264
674432
822336
623232
239232
327744
622464
868224
332672
372224
922624
448832
742272
444288
343424
623232
227328
447424
422272
374272
642624
832832
239232
232384
723264
423424
633344
439232
222336
244224
222848
783232
343744
938432
223424
239232
438272
328832
324672
362624
246272
322944
233472
432832
692224
826432
442624
263424
463232
474432
742272
323328
326464
322624
276224
224384
367232
463232
793664
322432
722432
222976
426944
327232
444224
233344
623744
622336
233728
632832
626432
233472
642432
697472
332224
333248
293376
233344
239232
393344
222272
324224
223424
732224
322944
222464
642432
223232
374272
233472
323328
327232
338432
723328
342272
422272
226432
373824
323648
863232
374336
246272
383424
242432
722432
266624
327296
692224
223232
233344
634496
222272
222272
724224
382336
422272
323392
883264
882432
372736
242432
324224
242432
938624
272768
733824
422272
827392
223232
227392
722432
292224
286272
236224
243328
673664
343232
847232
383232
223232
243328
222336
239232
247232
444224
222272
723328
426432
692224
343232
382272
227392
322944
436736
232448
264448
824832
262464
227264
322432
482432
222784
422464
724224
962432
642944
423232
229376
246272
884224
473472
262336
223232
332224
449344
927232
223232
723264
223424
774272
223232
342272
882432
344448
222272
293632
342272
239232
232448
383232
324224
223232
264832
326464
234624
462272
722432
388224
399232
322432
742336
226624
238336
282368
794624
672832
722432
322432
463232
762432
723264
229248
227392
623232
227392
732224
223232
234624
633472
237632
623232
246272
672384
442432
294272
442944
432384
424832
246464
247424
223232
333824
492224
639232
423296
372224
732224
742272
223232
323264
764224
227392
223232
222336
223296
282432
229248
223232
228224
226432
282368
324224
934272
274432
222336
639232
332928
322432
442432
727232
623232
222272
633984
736832
292672
738432
623232
832384
243328
226432
239232
476224
724224
228224
273344
423744
426432
466432
244224
634432
437376
463232
222272
233472
378624
322432
943232
292864
244224
334336
924224
482944
843392
439424
727424
886272
223232
243328
293632
222272
228224
343232
442624
342464
262464
827328
643392
323328
342976
743232
232384
999232
622336
326272
222976
382336
229632
326272
223424
628224
324224
226432
223232
224832
246272
337472
437632
227328
228736
487424
842624
743232
444992
234624
444224
436864
484224
439232
236224
337472
273728
377472
433472
226624
227328
266624
244224
922624
232448
298432
222336
623424
228224
333376
332864
223232
224832
423424
234432
262272
323328
236224
327424
932736
223232
363264
229632
294272
439424
223232
442432
633472
239232
222336
463232
923264
227392
322432
236928
382272
292224
423424
322432
324224
642432
363328
228224
364224
722944
232448
463744
332672
324224
227392
772224
623232
223232
222272
229376
269824
222336
263744
283264
322624
634432
327232
742336
329792
224384
223424
332288
422272
222848
383232
226624
773632
382464
228224
262272
242624
327232
439232
244864
287232
346624
923264
233664
279232
246272
274432
684864
822336
223296
332672
223232
343296
437632
372224
423232
244224
442432
383232
423232
463232
833344
924224
444224
364224
872832
322944
348224
226432
223424
226624
434624
386432
242624
246272
222272
372224
232832
833344
223232
644224
222272
242944
823232
472832
484224
642432
464832
422336
322432
644736
484224
223424
224832
223232
244992
262272
983424
764224
223232
433472
842368
462272
323776
239232
332928
386624
826432
439424
792384
843328
943232
332224
362432
334464
333632
287232
783232
322432
943232
363392
422272
263232
239232
873344
422272
242432
322368
247232
239424
362432
687232
447232
736448
246272
346624
423232
223232
623232
823232
623488
246272
438272
222272
282432
926272
244224
222848
342464
622272
822272
732224
269632
333824
473472
234624
348672
322432
226432
223232
222464
424832
723328
382336
223744
282624
623936
234368
924672
223744
342336
223232
472832
322432
293632
633472
264832
233344
423232
422784
229248
442496
436224
244288
229632
422336
882432
324224
723264
234432
292224
324672
222272
237248
628224
233472
642624
732224
224384
422272
434944
484224
363264
263424
286272
223232
338432
722432
228224
722624
272832
346432
822272
262336
736384
322944
623232
239232
233664
223232
222464
236224
232448
423232
233344
763264
432832
372224
263296
942272
322432
266624
223872
238336
233344
342784
762432
922944
277376
284672
887936
232832
463232
373632
632832
622464
342272
332672
924224
234368
332224
239232
663232
239424
223232
234432
626432
324224
239232
962432
348672
324736
393792
362496
439424
793472
742784
222272
722944
422336
327424
224768
687232
623232
322624
243264
834432
974272
823232
334336
227328
364672
637824
942336
324224
623232
274432
244224
732224
932224
732224
379264
622336
632832
222272
662272
823232
332224
222464
223232
646272
322432
642944
822336
372224
292224
422464
263232
244224
242624
834432
333632
879232
773632
422272
383232
479232
223232
328832
776832
238272
282496
422336
343424
342272
334272
426432
232832
388224
629632
363328
692224
633472
338432
333632
234432
228224
423424
797824
228928
943232
363392
623424
733632
224832
964224
423232
332672
277632
322432
422272
332672
243392
228224
223872
242432
324224
729984
222272
226944
232832
926272
223872
623232
226944
697472
327232
269248
423232
243264
237376
284224
722432
222336
344384
836224
822272
234624
343232
282624
262272
324224
223232
732736
232448
473472
242432
492224
322432
834432
324224
732224
239232
323328
327424
738432
674432
223232
423232
229248
342272
922432
948224
382464
328448
847232
322432
228928
634624
322432
232832
278464
933248
228224
246272
322624
343424
483328
223872
223232
364672
332288
324224
224896
482624
232832
232832
223232
327232
372736
674432
228672
422272
423232
222272
342272
383232
226624
232768
342336
426624
386624
224384
772224
627264
223424
278336
222272
294272
333824
863424
232448
427392
324736
444736
324224
423232
424832
446336
483648
422272
248832
622272
247232
239232
228224
742272
478336
484224
323392
722432
372224
242624
292224
773632
222336
922432
223232
324224
633792
242368
242432
943232
422784
843264
263424
463232
324224
643392
647424
222272
332224
367232
339328
367232
347264
222464
229632
863232
364224
222272
244224
633472
822464
263424
763392
339328
382272
222272
462336
663424
292224
232448
687424
322624
732224
228224
262272
382336
243264
367232
223296
223424
636224
247424
323328
463744
743424
262272
228224
248384
873344
726272
223744
723328
244224
422272
242432
222464
627264
463232
322432
366272
437632
239232
226432
233728
223424
222784
324864
242432
233344
328832
228736
228224
292224
322944
423296
222272
389632
383232
422272
872832
243392
422272
422272
372224
222336
628224
276672
438272
284224
436224
736384
422272
347264
294272
626432
228224
383232
233664
822336
334464
223232
743232
434432
229248
722432
427328
326272
242624
229824
382272
232832
284288
332672
424896
928832
739264
323328
446464
322432
423424
434496
442624
224832
646272
422272
232832
323328
844224
236928
922944
923328
223232
772224
294272
273472
726272
636224
423232
276992
486272
633344
346624
332224
238464
243264
642368
322432
732224
232832
343424
226944
263424
764224
437632
383232
223232
673664
324736
839232
663232
422336
239232
229248
234624
247232
234624
832832
744448
324224
434432
978432
242944
234624
862272
732928
329472
326272
242432
284288
293632
642432
423232
423424
342272
432768
422336
373376
742272
723392
722432
234624
892224
474624
243392
292864
239232
628224
246272
623424
333632
242944
222784
692224
382336
383232
226432
722496
296832
332672
374272
467328
322432
626432
223296
934272
927424
222784
923264
244224
643264
233344
427392
223872
374336
462464
423232
822272
324224
922624
943424
662272
462336
333376
647232
639232
322624
643328
332672
822272
296448
924224
247424
323328
332928
239232
332288
932224
646272
482624
479232
823232
226624
842368
722432
724224
324224
823424
423744
444224
443264
222464
242432
642432
262272
942272
463232
439232
964224
373632
847232
239232
267392
634624
644224
422272
334464
733248
226432
329664
282432
234624
743424
623744
822336
232832
226944
446336
932224
623232
282432
924224
322368
727232
223232
436224
642432
967424
738688
224448
722432
687232
232832
462272
233728
332288
323392
324224
927232
823424
223232
374336
267392
322432
372224
627328
239232
223232
364672
442624
633728
647232
383424
389632
322624
246272
422272
324736
224832
249472
348672
332992
243328
324224
247424
242432
233344
632448
463232
868224
282432
637632
362368
226624
332224
232832
828736
422272
346624
244224
729728
484224
423232
444224
233344
268672
943424
243328
743424
329472
822336
632832
222336
442432
222272
223424
823872
224384
236736
223232
482432
234624
994432
743424
693824
222336
822272
427264
743424
332224
627328
684224
222336
239232
322432
383424
636224
329472
823232
623232
622336
246272
822272
629248
227328
233344
274944
242432
423424
223744
423744
632832
244864
262464
223232
239424
227328
722368
276224
243328
462336
422336
362432
222976
693632
223232
422272
239232
223232
773824
623232
323264
233664
367232
732224
276224
274432
222464
926336
274432
362368
972224
228224
327936
232832
932864
333824
823424
463232
422272
732224
228672
324736
242944
322624
923264
223424
922432
332736
263232
732736
733248
796224
223424
293376
322432
232832
324224
242624
383872
363328
246272
286272
223232
922624
633344
423232
333376
639232
422272
373632
622272
234432
223232
429824
483328
223232
832384
762432
924224
648832
223232
224448
266624
839232
482432
226944
443264
382464
922432
682432
842432
229632
826432
692224
373632
332672
282432
346624
892224
286336
323392
863424
343424
322368
372224
334272
772736
633344
463872
232448
263232
239744
439232
738432
422976
232832
324672
393728
862336
473344
342336
348224
223744
423232
284224
237632
422272
343232
222848
332224
322432
639232
783424
263232
463232
227648
727424
342272
322432
223232
234624
383296
272768
773824
423232
326784
284224
447424
876224
484224
398336
828224
433728
292224
742464
228864
323392
628224
327424
964224
228288
423488
783232
622464
646272
282624
322624
226432
876672
228992
644224
239232
262272
284224
426432
422272
222272
292224
362432
622336
764224
823872
232832
422272
237824
223232
242624
233984
363392
767232
223296
637824
432768
239232
322624
822272
263424
223232
962432
234624
342272
423232
223232
644224
222336
424832
943232
222272
722432
823424
222272
627392
427392
462464
463232
232832
222336
944832
463424
962432
333376
442624
424832
677248
324224
843392
323328
622272
722432
324928
423744
423232
324224
723264
343232
423232
234368
724224
426432
622272
364224
764224
233728
332736
294336
244224
262336
882432
247424
282624
263424
863232
242432
222464
439424
223232
922432
222336
372224
342272
422272
342336
324736
367232
282496
463424
222336
333632
783232
436224
326272
234496
222784
242432
334272
383232
623232
224832
727424
244224
879936
434432
247232
324224
343232
294272
423296
422272
642624
292224
323328
282432
236672
824384
822272
228224
424832
773632
322432
424448
882432
724224
863232
234368
783424
239936
722624
222272
222336
887424
433728
633792
982272
292672
733824
823424
929344
434432
327232
222784
343232
322368
244224
422272
423424
322432
622336
823232
233472
223424
326272
383232
836224
377344
226432
833344
284224
322432
372224
263232
244224
943232
322432
238272
222272
263744
228224
444224
332928
222272
836224
424832
636224
399424
423424
232832
223232
224384
242432
247232
324224
727232
223424
822336
373632
238272
343424
743232
383232
382336
242432
228224
932224
636224
668224
323328
226624
333824
422336
642432
342272
292224
623424
842624
279232
243328
634432
222464
374272
724928
493824
262272
948224
722432
333824
223232
322432
972224
623232
322624
327232
323264
222336
622272
632384
239232
692224
229632
447232
263424
234432
234432
324224
833472
289664
342272
223232
442944
222272
343232
223232
427264
263232
783232
223296
323328
627392
224384
293632
244224
223296
343232
222336
337344
324224
964224
292224
232448
383232
482432
343424
674944
863232
322368
442432
372224
392768
332672
824832
372224
324224
723392
327232
228224
823936
223232
882432
264832
222272
332864
223232
343232
842624
223232
322432
642624
774272
426368
633344
444864
844672
343232
323264
943232
223232
746624
882432
327424
236224
348224
292736
248832
324224
326272
226368
343232
388224
243328
487232
932224
842624
338432
428224
363392
242432
482432
924224
363648
348224
482432
729472
823232
723328
232832
423296
344384
774336
238272
322624
623872
228224
243328
342272
433728
244672
794432
332928
436288
863424
837632
246272
372224
479424
322432
372224
933248
343296
278272
249344
423232
927232
973248
372224
262272
422464
227392
236224
922432
232832
333632
732224
463232
333632
623232
326336
332224
236224
242432
228224
226432
686272
263424
482432
327424
823232
623424
724224
328832
332672
284224
262272
324224
283328
244224
222272
972224
434432
732288
962432
229632
428224
424448
244224
224832
484224
234432
892224
323264
223232
322944
263424
222336
642624
222784
223232
232832
623872
268224
244224
223232
334464
274432
269824
272448
324928
663232
227264
323264
268224
634432
362624
322624
277632
363328
836224
272384
463232
469632
922432
774272
228224
924224
229248
482624
374272
226432
332224
233792
293632
324224
868224
722624
623232
836224
346432
732224
436224
223872
244224
722432
626432
622464
342336
322368
732224
372224
962432
332672
342272
323264
233344
322432
223424
326464
924224
633344
823872
328832
269632
463424
343424
826368
346432
226624
628224
836736
383232
224384
223232
222272
892224
932224
242624
674432
823296
334336
724992
224768
772224
692224
439872
322944
342272
222272
429376
442624
229632
482432
222272
783872
327232
223872
236224
328384
277824
386496
323776
223232
623232
482432
622464
383232
222336
222272
223744
232832
282432
263232
828224
247232
822272
439232
244224
367424
628736
367232
324928
238272
443264
822784
222336
223232
224384
292224
643328
347264
227328
322624
423232
242432
722432
988224
242944
244224
393472
327232
323328
783232
223296
423424
722432
333824
492224
282432
362624
324224
742272
422272
442624
236672
223232
239744
642432
628736
286336
342272
363328
324224
292224
836224
722432
242688
623296
432448
228224
328832
249472
422272
224384
222848
427328
243328
243776
244288
323264
262464
447232
727232
227264
222464
239232
433344
438336
334272
223424
322432
623232
223232
374336
492672
324224
223232
422272
943232
636224
722432
244224
842944
366272
423424
732992
822272
227264
233344
223424
327232
223424
234432
674432
249344
438272
743424
644224
348224
423232
364224
726272
224832
663232
332224
282624
667264
343232
429248
243328
273792
293824
623232
223424
943232
732928
943232
474432
274432
342272
672832
432896
422336
223232
943232
362432
932288
222272
292928
287232
293632
922432
229632
282624
826432
367232
239232
262272
346432
333824
274432
343744
922432
363264
442432
463424
239232
233472
283264
622336
263296
236224
242432
263232
383424
423936
473472
336896
292224
243328
486272
426432
332224
327232
423232
338432
663232
633472
226432
332224
236224
422272
826432
623232
492224
277632
223232
272384
873344
432768
342272
734272
226624
226432
663232
322432
283264
324864
423232
232832
299328
242432
228224
239232
333632
732224
232832
622272
228224
892224
236224
383488
222336
222272
662464
222336
444224
442496
239872
939264
234624
463744
322432
386432
727424
343424
222336
722432
292224
826432
738432
463424
846336
327424
277632
636224
932224
369792
223232
922624
422272
268224
772224
722432
279424
332928
427648
622336
732224
276224
226432
834624
247232
633728
327232
362432
222336
627264
844224
322432
423232
469632
243328
332736
279424
226432
223744
766464
229632
833344
223232
343232
327232
743424
244224
772224
286336
329344
344832
446336
262272
663232
233344
322432
423232
842624
743232
642432
333248
374272
244224
764224
967232
274432
262272
222336
242432
433792
343424
383232
234624
232384
429248
423488
434432
233344
223232
322432
623872
422272
378624
772224
283264
333824
323264
444224
493824
722432
226432
884224
382336
623424
223872
364224
663232
232832
247232
667264
442432
342272
722432
222272
732224
292224
223232
224832
242432
722432
466432
228224
834368
364224
423232
322432
468224
294272
822336
324224
932224
322432
223232
327232
322624
876224
823232
443392
226432
832384
643264
298432
332224
348672
294272
322432
372224
263232
228224
223872
482432
263424
492224
388224
443264
338432
342464
238272
244224
263424
226432
623232
333376
238464
383232
242432
228224
222464
223232
234624
236224
822272
222272
483264
636224
484224
263232
322688
332672
383232
242432
364224
286336
424832
433792
236224
722432
423232
734336
644672
822272
962432
632832
244224
642432
423424
322432
744832
222464
972224
224832
297472
274432
242368
232832
263232
232384
383232
336832
233472
287232
233664
223232
377472
623232
634624
838272
372224
492224
236224
223232
222976
482432
647296
972224
724736
472832
247232
923392
382272
243328
439424
266432
343232
228224
824384
232832
628224
334336
366464
263232
366336
333824
822272
332928
943232
232448
932224
222272
623232
996224
868224
423424
332224
324224
226432
284736
434432
384448
423296
223232
232832
922624
229376
337472
222272
423424
333824
747264
222272
362432
829632
283264
233472
228672
434432
292224
226432
342272
333632
226432
226624
222336
223232
623424
262272
792832
327232
287232
322368
246336
823232
723264
372224
327424
242496
222272
423232
442624
437632
993472
422272
429632
623232
222464
424448
233664
343424
293632
322624
422464
463232
362432
742336
822272
322624
863232
886272
338432
772224
873344
262272
748224
322368
423424
389632
272832
264832
284736
423424
262464
463232
372224
323648
268928
332928
946432
236288
444288
324224
326272
242432
383232
232832
244288
223232
334336
483328
242432
262272
233472
793344
382336
722432
962432
244224
423232
242432
276224
263424
242432
222848
327232
332672
227328
623232
783232
432832
472832
426624
244224
226432
492224
743232
239232
233344
243328
222336
422272
242432
462464
462336
229632
423424
267264
263232
322624
343232
322432
323328
269824
674432
263424
623232
342336
223232
644224
638336
727232
324992
627264
732224
274432
423424
322688
623232
292224
262272
423936
324224
223232
223232
322624
324224
223232
273472
923776
783232
239232
632448
622272
797824
732736
223936
382272
426432
932224
223232
383232
428288
287232
623232
622464
384832
233472
692224
927232
322432
322432
222272
323392
236224
727232
743232
863232
426624
666624
644224
293632
823232
643264
234432
342272
264832
347264
443264
322432
324736
323328
343424
772224
633664
223744
223232
246336
333824
736384
732224
292864
742272
223232
264832
236224
262272
324224
324224
889344
244224
339328
863232
473344
322624
228224
663232
267264
723328
742272
223232
233472
232832
334272
233344
833728
247232
242432
263232
323392
822272
762432
264832
228224
242624
322432
343232
623744
229632
632832
244224
322432
337344
823424
334336
826496
223232
322432
262272
242624
324224
387328
424832
233472
244224
323392
223232
236864
322432
479232
247232
438272
332224
339328
443328
634624
234432
683392
924224
233344
246272
327232
423232
823232
236224
266624
228224
276224
263232
222336
383232
322944
932224
239232
242432
443264
922624
399232
474432
243328
422272
267328
423488
274432
663936
282432
342272
222336
677632
236224
348224
243648
623232
746624
243328
333632
233792
332672
373248
263424
922432
447232
337472
242624
242432
234624
277632
223232
283264
322432
272448
229632
834432
284224
332736
367232
763264
323328
239232
738432
322432
623232
324224
463424
764224
436224
362432
823424
636224
238336
473344
342272
223232
232832
882432
322432
427328
222272
332224
423232
393344
424448
243264
738432
634496
822272
242624
322432
298432
263424
436224
438336
222336
272384
232448
732224
332224
272832
423232
246272
843328
226432
342272
447232
933248
283264
367232
223232
862272
223232
377344
627328
239232
428224
463424
338432
324224
933248
823232
236224
226432
223232
223232
223232
236672
332224
336384
223232
227328
433664
324672
633472
324224
378432
228992
239424
799232
222272
338432
223232
932736
322432
474432
244224
636288
623424
247424
623232
367232
463232
234432
282432
344832
286336
424832
226432
822272
372224
327232
334336
244224
223232
223232
232832
383232
463232
243328
426624
392832
734336
239232
226432
482432
372224
226432
266432
242432
268224
267392
972224
326784
242944
347264
434432
862272
223232
372224
724224
463232
292224
463232
974272
223424
222336
423232
229248
332288
223232
243328
863232
674432
226624
233664
227264
742272
422272
374272
228224
863424
372224
862272
362624
386432
734336
322432
327424
322432
223232
273984
422784
623232
642432
233344
234432
373632
263232
623232
223232
722432
462336
323328
882432
243328
928384
337984
463232
623232
222336
242432
242432
822272
424448
242624
738432
484288
327424
423232
222336
283264
487232
423232
242432
264832
932224
262272
442432
222336
322624
327232
423232
679232
484224
223296
247232
962432
228224
474624
262272
389632
627328
646272
282624
373248
847232
324224
324672
222976
239232
223744
744832
484224
263424
222336
294336
447424
223232
223232
429824
742272
223872
322368
647232
282432
823232
222336
836224
623744
797824
243264
724224
324672
276224
423232
722432
262464
263232
343232
343232
297344
223232
239232
324672
727424
222272
733248
426624
329472
324224
222272
427264
228672
237632
744832
293632
242432
836224
423232
427328
338624
443392
263936
434432
283264
623232
827264
629632
223232
463872
272448
323328
372224
732288
942272
376832
332224
244224
642432
342272
222336
444224
842624
378432
663232
233472
922432
326272
426624
227328
422336
332992
243392
239232
723264
663232
343232
292224
378432
434624
732224
246272
232832
438272
323264
292224
232832
342272
423424
434432
343296
327232
232832
279232
423424
322944
629632
822272
283392
862272
842624
388224
222336
263232
262464
223936
222272
272384
226432
222272
233344
238336
249344
322624
324224
442944
444224
623936
863232
823936
322432
223232
842432
243264
243328
226496
239296
478272
243392
663232
924224
239232
723264
226624
424832
222336
228224
222336
422272
322432
324224
323264
327232
232448
843264
292224
322368
282432
823232
323328
322688
272448
332224
863424
332224
844224
423232
348736
326272
238464
292224
327744
422272
332224
274432
962432
322624
463424
323648
322432
263424
422272
333376
334336
644224
462272
722432
967232
224832
876224
742272
324224
374272
644224
327232
632832
392832
722624
842624
633344
222464
468224
324928
323392
236672
323392
249728
426432
327232
373632
226944
222272
236672
362624
484992
243328
329344
343232
373632
222336
223232
232832
647232
237632
839232
222336
247232
342464
424832
732672
343232
639232
244224
422784
244224
322624
422272
334272
222464
323392
862272
222336
633344
262272
434432
222336
422784
228224
248832
996224
892224
323328
633728
222272
322944
322432
636224
222464
282432
383488
663424
943232
422336
244224
479232
237632
622272
923264
247424
382336
927232
277248
436224
436224
222272
722432
324224
732928
228224
722432
393472
234944
274432
273472
222848
632832
423488
762432
482432
223232
334464
623232
223232
322432
383424
423424
343936
628224
292224
762432
463232
263232
322432
726336
623424
244224
634432
664832
388224
466432
743232
834432
222272
832832
633344
422272
348224
222272
863232
322624
227328
263424
242432
436736
292224
273472
333824
324224
422272
322432
932224
223296
738432
246784
436224
232832
422272
242432
263424
237632
367232
287232
774272
622336
273344
382272
343232
276224
327232
233472
742336
623232
228224
272832
437632
236224
263424
327424
367424
834432
322432
622272
377344
382464
732672
223232
342272
223232
236224
262272
222272
232832
663424
223424
222272
323392
224384
242432
332864
238336
322432
234624
222272
223232
423232
762432
242432
692224
228224
432384
423424
236224
332928
374272
342272
732224
284224
232832
323328
223232
342272
362432
644224
438272
342272
242432
334336
343872
324224
228224
263232
662336
223232
334272
246272
943232
834432
226624
228224
364224
242944
342272
333824
434624
223424
424832
244224
322432
868224
622336
482432
324224
239232
222848
327424
232832
438272
332224
232832
222336
423232
223744
223232
226624
322944
262272
732736
424832
334272
223232
434432
223232
233344
222272
963392
774272
722432
484224
223232
234432
842624
223232
323328
222272
243264
322432
442624
742272
422272
344832
324224
322368
324224
324736
223232
373632
722432
223232
423232
424448
763392
222464
228224
322432
463232
673344
326272
832832
297344
264832
222336
343232
292224
222272
222336
727296
634624
623232
292224
823424
222464
242944
783232
824384
323392
623232
663424
322432
332288
374336
622272
423232
842624
463232
373248
348224
644224
292224
223232
234624
234624
246336
223232
372224
338944
323328
732224
223296
622272
823232
422272
223872
262272
263232
222272
333632
422272
287232
239424
364224
228224
633472
243328
277632
224896
823232
623232
843264
943232
263296
462272
223424
434432
732224
724224
246272
623232
443392
926336
633728
364672
222336
243328
783232
623232
372224
233984
223232
327232
233472
322432
222336
242432
222272
476224
222336
282432
332224
222336
226432
636224
622336
276224
623232
242624
633472
322432
922624
484224
423424
327232
443392
222272
373376
446336
922624
223232
236224
722432
228672
263872
432832
892224
229632
393472
463232
423232
443264
273344
732672
427392
239232
476224
423232
264832
279424
734272
422464
232768
269248
223232
932224
733824
223232
324224
329344
323328
462336
623232
336384
362496
223232
228224
463424
266432
222336
423232
262272
349248
263872
399232
442432
222784
247424
383232
637248
743232
623232
783232
343232
224384
727424
226432
442432
623232
329472
282624
223232
242432
222464
223872
743232
277632
324224
433344
634624
244224
242432
323648
327424
622464
822336
623232
233728
342336
422272
662336
442432
273472
423232
227264
226432
246272
436224
223232
423872
223232
692224
324224
833344
232448
668224
734336
234432
362624
926784
223872
223872
322432
922368
292224
222784
338432
437632
323328
294336
873344
332224
438336
268224
249344
239232
633664
484672
623232
926272
363264
383232
366336
424832
473344
922432
222464
764224
622272
223744
284224
642432
924224
346688
343232
274432
322432
432384
233472
228224
732224
223232
328832
228224
326272
746624
232384
263744
263232
234368
729344
232768
263232
243328
234624
226432
232384
222272
324224
822272
322624
342464
246272
238464
472448
227328
292224
224384
244224
324224
447232
223232
342272
382272
667648
442432
322432
422272
243392
248832
629632
262272
733248
284224
223232
244224
434432
232832
292736
432384
222336
322432
232832
322432
262272
242624
222848
233344
232384
422272
233472
222272
223232
472384
324224
332224
332672
223232
226432
234432
277632
223424
274432
896384
226432
226432
823424
382336
223872
423232
223232
343232
426432
436672
334336
223232
243264
242432
644224
623424
932224
246272
422272
663232
264832
932224
324224
222848
873344
242432
422464
732928
233344
236928
327232
332224
333824
622464
382336
284288
222336
239744
222336
622272
833472
327232
627264
423424
226432
822272
223232
226432
433472

