8768
3392
3232
8384
6336
4672
7728
4736
4384
2624
8432
7424
3248
9328
6272
6432
9776
8288
4224
6624
6928
3392
9824
3232
3424
9232
7264
3232
4992
4224
3472
9232
2992
2896
3232
3344
3728
7264
4224
7744
4336
6224
8624
2784
2336
2432
2272
2336
3984
9248
7296
2832
8336
3744
6688
7664
2928
3232
3744
7232
6464
6224
4224
2432
6832
7424
3296
2288
9344
4224
9232
7824
3424
3232
2336
2464
4432
2272
7648
2224
6224
7248
3632
3824
2336
6272
3328
6368
8336
4224
2224
3744
3472
2336
3488
2464
6272
7232
2272
4336
6224
2624
6272
3328
7936
3264
9936
9424
2448
2224
7424
4672
7232
3264
2384
2448
9792
3232
4624
2272
6368
7424
2224
2272
9776
2272
7296
7232
2224
2992
7424
3728
9488
2336
8464
2672
4736
2224
9232
3344
8224
7424
7328
3472
2464
6624
3392
3248
6272
3344
3232
7264
6272
6224
9632
6688
2272
9328
2496
4272
8272
2464
2432
7248
6736
7424
2272
7392
4224
4624
3248
2944
3264
6864
2368
4992
2272
7264
2992
6624
2432
3232
8224
7392
2768
6336
4432
4336
8832
7728
7264
3232
2832
4448
3232
2224
7232
2624
2976
6336
3424
3232
2224
3264
3424
8672
2432
3232
2624
3296
9472
2496
6272
3872
7232
2272
4672
2672
2432
4368
9472
2432
6272
6736
3376
7232
7232
3632
2832
2368
2272
4864
2384
2464
2272
2336
8768
6224
2944
8288
2848
2624
3664
3792
7424
2624
4992
2496
2448
2432
2432
6368
2672
7648
2368
7776
3632
8224
4832
2784
2272
2864
2832
4272
2432
6624
3328
3648
8336
9424
6432
3232
2432
7232
6464
3232
7824
4448
8224
4736
2624
3232
3232
3232
2624
2272
2336
4736
2864
7728
8464
3344
4272
4432
6832
7424
7824
2784
2432
2336
3648
9392
2272
3344
2432
2976
2272
6432
3232
7232
3632
4288
7264
9392
6224
6224
2432
3344
3232
6272
3424
2672
3648
6224
7632
8928
8864
2736
6944
7696
6928
6272
4432
4224
9232
4896
7632
2432
2224
4224
6464
2432
6624
2224
2992
3232
2384
7232
2336
8384
2432
4448
2432
3792
7232
4864
6464
7328
2336
3472
3232
2624
4432
6224
4496
2832
2272
3344
9632
3344
4464
9232
4672
6432
7296
2224
2272
4288
4224
7232
4768
3232
2992
4832
4224
7296
8384
3424
2832
3232
6896
9392
4224
3232
3424
2688
4832
6432
2224
8896
7632
2224
3232
2832
8672
7392
2224
9248
6624
4672
6432
2432
4272
6288
4224
9824
3264
3424
4832
3232
2624
3376
3392
9232
7424
3472
3232
9232
2336
2624
3424
6448
3344
3472
9232
3328
6224
7424
2496
3264
2272
7344
7872
8224
3232
8944
4672
2272
3232
4832
3872
8224
4672
2672
4224
3872
6272
2272
7328
2432
2272
2464
6272
2832
7264
4288
3248
3424
2272
7232
2272
3232
3872
3232
6288
6432
2272
8832
9232
4432
4384
2832
6224
6432
4272
3264
2832
6272
3744
6336
3296
3424
3328
2432
2224
3424
2672
2224
8224
3232
3232
2224
3328
3232
7424
4448
3936
4336
9232
2224
2432
6832
6368
3872
2272
3872
6464
9792
2448
2992
9248
9744
4832
6624
4672
3872
8224
2272
2464
7232
2432
2272
3232
4224
6384
3248
3264
4224
2224
6448
8336
7824
4624
8896
9472
2832
4784
2496
9264
3232
7392
7632
6432
4448
6784
8224
4848
4896
8832
6224
8288
9232
2336
7744
3824
2976
3328
4432
3232
6224
6432
3264
8368
3424
2272
8288
2272
2464
2624
7424
2384
2928
2336
2624
4224
2272
7344
3424
2688
9376
9232
7232
9232
7264
9328
3392
2368
2496
8832
3968
7696
3232
2688
3264
4832
2224
4832
3328
3424
4448
2272
9232
4832
3232
6432
3648
2432
9392
8384
2464
2336
3664
4448
8384
4272
4432
3472
7232
2432
7232
9472
3424
2832
2432
7232
7632
3376
4432
3232
4384
2496
7232
3248
3328
3744
2832
4224
2432
2784
2432
2848
2224
2432
2928
2384
2832
2944
8432
2272
2432
3296
4384
8224
4272
9424
4432
9232
4336
9664
2336
7232
3232
7744
6496
2832
2736
4224
7264
3248
2272
4672
3232
8224
9792
6464
4272
3728
3328
3744
8336
3296
7232
7296
4368
2224
8864
6336
3232
6368
3392
4672
2432
3264
3424
3232
3264
2432
3232
3264
6928
6864
7376
3344
6432
9264
3232
2336
2736
2432
9744
8448
2496
2272
3296
4288
7232
2272
9824
2432
6944
4224
3344
2928
2432
4928
2944
3264
2784
4736
3632
7232
4624
4832
3232
3248
4832
9232
3424
8464
6784
3232
6432
4832
2832
7472
4464
2336
2464
6224
7488
2464
4384
9424
2832
4672
2224
3424
4768
3392
2368
4288
2976
2864
2432
2384
3472
4224
9632
2496
4272
8432
3632
6336
8224
4432
3472
3488
7232
6224
4832
2272
3424
2432
4336
2272
4432
6272
3936
7232
2272
3392
7232
3824
3296
2432
6224
3424
9728
9232
3264
3248
4832
3392
2432
2224
3824
9344
2736
8368
3472
7424
2624
2784
9824
3632
3232
7632
3328
6432
3232
7344
6432
2432
2384
2432
3232
2624
4432
3232
9824
3632
3424
3232
4832
2832
2224
3376
2976
4224
7232
3232
2272
2432
2272
8272
3232
3472
4224
2448
6224
2272
7472
3232
6672
3344
7424
6496
7392
3264
2736
4624
6864
6624
2288
7232
2272
7424
3744
9632
4976
6272
7232
2272
2944
3232
3264
2224
2224
8432
2624
4272
4288
2432
3472
7248
3424
2832
8928
3872
2672
3232
2272
3248
8832
2832
4384
4224
4624
4432
6432
3824
7264
2336
7232
3872
2432
3472
9248
3392
8224
8768
4432
9744
7632
3344
3888
2224
8848
2448
9632
9472
3392
4672
4224
3792
2784
2464
6928
4368
4432
2832
6384
3744
7248
2432
2272
3872
2832
6288
8384
3232
8624
2336
4944
7776
8624
2448
2224
2272
3232
7232
4224
3232
3872
3728
4928
2272
2928
9344
2848
8224
3232
7744
3648
6272
7744
9232
4448
6768
4496
3792
3424
9344
7232
2832
2288
7232
2224
6224
6272
2272
2224
4272
6224
4224
6432
7936
2272
8672
2432
2864
2368
7232
2272
2224
2288
8464
9264
4272
3232
3696
2224
7344
8224
2464
8832
2224
7232
8224
4832
2272
8224
3664
2336
4832
7296
2672
6432
7648
2832
3328
2224
7824
4736
2272
4288
2432
3744
3232
6224
6784
2336
7696
3472
2288
4624
6624
3264
2672
2448
2464
6272
2432
7264
8368
2848
2272
3472
2464
6624
2848
4864
8992
7824
9344
4448
4448
3296
8336
4368
2832
2224
8464
8224
9232
2832
4864
4928
3424
7824
9392
2224
4336
7328
3424
6432
4272
3328
2272
3968
3232
3424
2432
8224
4224
7472
2432
4496
8224
3392
7632
7232
8432
3232
9632
8448
3328
4288
3232
9728
7232
2272
4464
3232
3264
3232
2336
6384
2272
6496
2272
4432
2432
6992
6432
3232
3232
7472
8992
3424
8736
4448
3264
2272
4992
9248
8672
7936
3728
9488
6272
9264
3392
7232
8432
2624
7424
2432
8384
2272
8224
4672
3472
2624
2432
3232
4224
8224
2736
7328
7424
9664
7488
3232
2368
6272
3744
3232
8288
3392
2992
3376
2432
3344
2272
4736
2288
7264
2272
9424
3264
7424
3264
4224
7824
7632
4384
8288
9936
9424
3424
3424
2224
8432
2224
3872
3392
4272
9328
2944
4432
8832
6336
9232
3232
2944
2624
3872
3344
4224
6224
2272
4336
2368
3776
3232
9344
3232
2272
9232
3232
2432
2464
3872
3664
2224
3232
3232
3344
3424
9696
8384
3232
9792
2224
3632
8224
4288
4432
4224
3232
4224
8224
4624
3232
7392
6432
9296
3296
2832
7232
6272
2432
7232
2992
2848
3232
4864
6832
2432
4832
3472
2832
9232
9344
2272
6272
3296
2864
2224
9424
2336
3232
3232
9296
3744
3376
2272
2224
2432
2272
2832
2624
4672
4432
6272
3248
8896
7824
3632
2464
3376
2832
3424
4736
6928
6224
2848
4432
3424
3824
9824
8992
8624
4432
7472
9344
6832
9824
3232
2784
8672
3264
2464
4432
2224
3248
9376
3232
3232
2272
8992
8272
6288
7264
3392
6432
8432
4224
2336
4832
2224
2224
7232
4832
2272
3232
2336
4432
9232
2272
4224
2272
2672
2384
6624
4832
9424
6496
9632
3232
2624
3232
2992
2336
3232
9472
3472
4736
4224
3232
7376
2336
4896
3264
2464
3392
9232
6432
2336
7328
3264
3728
3232
2496
6272
2288
7648
9424
4464
3232
2784
3232
7232
7232
2336
2944
9248
9376
2672
7232
7232
6224
4832
7264
3696
2464
3488
3424
4336
3264
7424
4272
2448
4224
7264
2432
3648
7472
2624
2976
4624
3936
2272
7376
3824
9472
2224
6224
3664
2336
2432
2272
2832
3792
4864
2336
9664
7424
2272
3296
4768
4272
4928
4672
6432
3872
7728
4736
8272
6944
3744
4288
8272
6624
8272
3424
2992
2336
2272
6272
3472
3344
3376
8336
3232
8832
2672
2832
4384
6832
6688
3824
2464
3232
2432
9632
9872
6448
2336
3232
3392
2432
7744
6624
2272
2432
3632
2224
3232
6624
3424
7328
3232
6224
4928
3296
7376
3264
3248
2336
3376
3232
8448
2272
4384
2624
6672
3232
4224
4224
2224
3824
2272
4976
2384
3872
2784
2672
6432
2384
2336
8736
2624
6736
2624
4864
2736
4272
6272
3392
2432
2272
2672
2944
3424
6624
3424
8384
3328
2432
7392
2432
2272
9232
3424
7696
4624
7232
3328
9232
8464
2672
4864
3232
6864
3232
2224
4224
6224
2224
4624
2224
9824
2736
2336
6624
4864
7264
8224
2832
2272
2272
3328
6368
8496
7232
7328
8432
3472
3264
3232
3728
2272
3376
3232
9232
7232
3328
2432
3424
2784
3824
7392
4736
3232
2624
6272
7824
8928
2432
4224
7264
8384
3232
2336
7232
2432
3424
7392
2224
4224
3344
4624
7232
4224
8432
8672
2432
4224
2496
7232
2224
2832
4832
8832
4384
3824
2864
2224
4624
2336
2272
2944
2432
2832
7424
4224
3328
7424
3232
7824
2736
7392
9248
7424
9344
3264
7232
7264
4224
2272
4432
4624
2448
6496
3328
3872
7424
9344
3472
3872
2432
7232
8224
2272
9872
2272
7632
3264
2944
3424
9232
3424
2224
6224
2832
2272
7424
6224
6272
2832
3792
2864
3328
6224
4432
2832
4672
9248
9264
2432
7264
4928
2832
3936
4272
3328
2432
2624
9472
7632
7232
3376
7648
4432
9232
7824
3264
3664
2272
4624
7264
8224
3296
2272
2448
3728
2368
2672
7264
2896
3488
9632
4224
3232
4224
8272
3488
3232
4288
7392
2272
7248
7232
3264
4832
2944
4448
7232
4624
7264
2448
3632
3744
2288
4624
3232
2272
2272
7744
2336
2864
8224
8768
4432
2768
9328
3232
3344
3824
2848
2432
4832
2384
2368
2736
9472
4224
3648
4688
8288
2464
2432
9824
4448
2672
4736
2224
7472
2272
6928
2432
3344
6928
9328
4224
3472
8224
2272
3872
2224
2336
3232
4224
2848
2784
2432
9328
2432
2272
2448
2736
2672
4432
2432
3232
3936
7232
2944
2736
3472
2672
3328
3232
2368
7232
3232
3984
3264
3248
9632
9632
2784
3232
4224
6432
7328
2768
3344
7232
7264
6624
2336
2432
8896
4224
4224
3744
6368
6432
2464
4832
4432
8224
4944
7392
9328
9376
2832
2272
4384
7328
3392
2432
6432
4224
3424
3328
3232
6272
4992
4944
4288
4272
4384
3424
6784
2464
7328
3328
6224
3632
4384
7232
4832
7248
8992
3744
9344
3328
3728
7328
7392
3264
2272
7392
2624
3296
6624
7344
4384
2224
6672
3632
8832
2224
7328
2432
8224
2432
2464
2272
2624
3424
4672
4368
3488
2784
3232
8896
7232
7824
3248
2272
2368
4272
8864
7936
2336
2368
4224
2928
6624
3232
2944
4224
3232
2272
9424
8384
7232
9264
7232
7744
3296
3232
7328
9424
4272
8224
2496
2432
3232
2624
2272
2224
2848
8992
2272
7632
2832
2432
3424
2736
3248
4624
8224
3424
8464
3232
8736
8832
2432
3232
2336
2224
2272
3344
3984
3232
2432
3232
3328
8272
2624
2832
4272
3648
3872
2432
3872
9344
6784
3232
6784
9424
2432
2288
2624
2784
2944
2464
2832
7632
6944
2432
2224
2784
3232
7392
2272
6832
2832
3424
4832
3744
4384
3264
3232
2432
6224
3344
9232
4224
2432
3632
7872
7824
2496
2224
2432
4272
3424
3744
2224
3776
6672
2224
2336
4432
6224
7744
6336
7232
6432
3232
3744
2624
9376
9232
2928
3344
4224
3872
4432
9232
2224
6432
2224
9328
2832
6272
3424
3232
2368
2864
7392
6384
4224
2992
6432
8224
2624
8224
3328
2432
3632
3232
4672
2448
2848
3872
2784
3232
4224
3232
3232
6672
2944
4832
2672
2432
2272
2448
8832
3296
9232
2928
4432
6272
7232
3744
2976
8384
4832
2224
2272
6944
7328
2832
2624
4224
3472
8224
2928
3232
2496
4224
3424
3232
2464
9472
3232
7424
2336
6928
7232
2224
8224
8224
7872
2432
8384
4288
2272
2224
2384
2272
3424
2432
4336
3488
6464
8784
6272
3424
3232
6624
4624
3424
3648
9248
2848
9232
6848
2464
2272
7392
8224
2272
6432
3728
3248
3824
2224
2224
2272
2336
7488
3296
9248
7424
3264
3232
3344
6432
6432
2272
2624
9328
6432
6672
8928
6624
4224
7872
2224
2832
8976
3632
3232
2272
4224
6432
9472
3392
4224
9232
2288
2448
3264
2432
3328
3296
2224
3328
8928
7232
2272
3872
6336
7328
3424
9264
2832
8928
3232
4224
2336
7232
2736
4224
7376
2272
2432
2432
9232
2272
2624
6944
4672
4432
3232
3936
2624
3232
2624
4224
2624
3424
4272
7232
8736
9232
2272
2368
4432
6432
4368
2496
9296
3232
8272
3232
9472
7232
3232
3744
3424
7232
4224
2944
4224
2944
9824
2368
2384
3424
7936
2432
3232
9824
2272
4624
3392
7264
3232
6272
2432
4768
4736
4672
2272
4288
3264
2272
7424
3344
9632
4832
6272
2672
9472
9424
4432
4224
4272
6288
3872
6496
3632
2368
3648
2272
8224
7424
2832
2848
2272
2784
2336
3232
2288
6432
6672
6432
6432
3424
4448
2272
3632
4672
2944
3232
3392
7744
3792
2832
4832
8336
7232
2224
7392
2944
2336
2272
4736
2224
8736
2432
6432
9872
3632
2496
2784
2432
2464
3232
2432
3232
3776
3824
2272
4384
3328
4432
2624
7424
2624
2432
3232
2672
3264
4672
3232
2272
2432
3264
3296
7424
6464
8272
3264
7344
2224
4624
9248
9344
3232
3424
4336
4224
8928
2832
4272
2432
3392
4768
3936
2272
4224
8368
3984
6832
2672
3728
6672
2272
2272
3232
2624
4224
6464
2272
4224
4448
3328
4832
3792
2464
2992
9728
4448
3248
3344
9472
6336
6688
2736
3232
7232
2672
8384
3264
7232
3424
2944
4224
2336
4432
3728
2224
7232
6784
2224
4224
6672
8928
7632
4672
2736
4432
2432
8272
3232
6672
2272
2272
7232
2464
3648
2432
9632
9888
4432
2848
3344
3344
6224
7632
6432
3792
4384
3232
7824
4432
8224
3232
3232
3424
6432
4432
2896
2432
8272
7424
3232
2224
8272
3232
2624
2432
2272
3984
2384
3328
2992
3344
8368
6624
6384
2832
3232
2272
6496
3264
2624
6272
9424
2336
2336
2336
9232
9632
4832
2272
6272
9232
7792
4224
2272
7424
4224
2272
2624
2448
3328
2224
6736
4784
6432
9328
2784
2928
3232
8224
9232
7664
6224
6992
6336
3232
3264
7232
4736
6832
3664
2432
2336
2432
2272
9232
2272
3328
6272
4432
3424
2368
7424
4448
8272
2848
6384
3728
2272
3632
7424
2992
9424
2448
2272
3232
9232
4896
3392
3232
2272
3248
8272
3232
6336
3424
2432
6672
3824
9824
2336
2432
2672
6272
4448
4832
7232
2224
6832
2496
4384
2432
6832
9632
2928
6272
4224
6432
9344
2432
8224
2624
3872
3632
2336
2272
8464
4224
3344
7248
9296
3792
2624
2832
4928
9344
3936
3328
7264
2624
2336
8432
2432
2432
6624
2272
4224
3872
6624
8928
2832
7632
3232
4432
6336
4448
2272
2736
2272
7632
4224
4624
2432
6224
2224
2688
3344
9344
7328
4224
2432
4432
3424
3424
3296

