2222224224288768
2222229872443392
2222233634783232
2222237898768384
2222242262286336
2222246222364672
2222272226377728
2222292327284736
2222322833424384
2222342377242624
2222372632338432
2222372723687424
2222374346293248
2222394673379328
2222423423926272
2222477722386432
2222478632779776
2222623228428288
2222649247924224
2222697322266624
2222723268476928
2222726292283392
2222767227469824
2222828343263232
2222843624423424
2222939236799232
2223222238347264
2223226474463232
2223237343444992
2223244232884224
2223268247273472
2223268278239232
2223284372692992
2223284888272896
2223322274783232
2223427634233344
2223669427273728
2223686724747264
2223694342324224
2223727692447744
2223843247374336
2223847622836224
2224226643738624
2224233332342784
2224244862222336
2224272962322432
2224344462262272
2224373632782336
2224422842793984
2224432242229248
2224444246327296
2224463866232832
2224794283278336
2224942324383744
2226328266866688
2226337229297664
2226366293372928
2226369222623232
2226382232223744
2226424463327232
2226672443326464
2227233293236224
2227247663284224
2227342443282432
2227348326776832
2227367242727424
2227473278263296
2227622392332288
2227847222329344
2227897944244224
2228232476639232
2228234232397824
2228328987623424
2228334373343232
2228723838222336
2229222473662464
2229277222674432
2229336723382272
2229664924827648
2229672282292224
2229682733236224
2232233844277248
2232234273733632
2232247394893824
2232262229262336
2232279244726272
2232323723363328
2232422222266368
2232423472398336
2232622434484224
2232624673972224
2232632477343744
2232639744233472
2232642942222336
2232723846463488
2232822243262464
2232926622646272
2232943239647232
2232968426422272
2232987823374336
2233223923636224
2233242324762624
2233274987446272
2233342223843328
2233432249767936
2233436294283264
2233723243239936
2233732343399424
2233732432232448
2233742344372224
2234224868327424
2234327223324672
2234332344287232
2234623222923264
2234946246672384
2236262224232448
2236292662689792
2236484243423232
2236724424474624
2237322986422272
2237337276346368
2237767222247424
2237847242932224
2237932624822272
2238268267339776
2238333244342272
2238483347767296
2238628843487232
2238822664372224
2239244923732992
2239347766247424
2239633244233728
2239732946239488
2242222974222336
2242223447998464
2242234233372672
2242247824244736
2242422433972224
2242428342239232
2242463282233344
2242464237748224
2242477243367424
2242643232227328
2242927392233472
2243226738622464
2243233427226624
2243262397243392
2243276234293248
2243327247286272
2243388937273344
2243422923743232
2243462233227264
2243462722486272
2243634743476224
2243742722629632
2243796273266688
2244348343222272
2244439633379328
2244866784362496
2246429242294272
2246439693238272
2247337443262464
2247346324242432
2247623826997248
2247823983476736
2248283323367424
2248296477622272
2248733466427392
2248748222644224
2248942628634624
2249233272373248
2249433763282944
2249829346443264
2262222374436864
2262224333242368
2262428383444992
2262492343222272
2262622297227264
2262627277972992
2262642323226624
2262732436242432
2263227462623232
2263273228468224
2263273342267392
2263823626272768
2263932333726336
2264244339474432
2264262273294336
2264273447288832
2264328244297728
2264329284747264
2264472866783232
2266267642232832
2267433242984448
2267734432223232
2267922737332224
2268228239327232
2268334272282624
2269232324222976
2272327789326336
2272362298343424
2272424293343232
2272723639732224
2272832482443264
2272963227623424
2273228249628672
2273282728722432
2273286496223232
2273443622682624
2273744832823296
2273982372329472
2274222324842496
2274242687926272
2274322347343872
2274324623327232
2274343842742272
2274422237724672
2274788923932672
2274863272722432
2276222626234368
2276222793449472
2276283826962432
2276376422326272
2276492229236736
2276982744293376
2277232824287232
2278244372447232
2278284834373632
2278344288632832
2278438226362368
2278642922422272
2279487333924864
2282244233232384
2282323222462464
2282923938742272
2283423332622336
2283722223648768
2283766368436224
2283832298962944
2283964924428288
2284232374222848
2286263447322624
2286334792433664
2286833427873792
2287238249447424
2288632327962624
2288764762324992
2289298226282496
2289346384232448
2289362436882432
2289373634322432
2289474423226368
2289838283292672
2289862362267648
2292233472442368
2292294422347776
2292382722373632
2292628768948224
2292687628664832
2292884422262784
2292982972342272
2293228832292864
2293283332472832
2293824273334272
2294337832722432
2296324222746624
2296346486243328
2296943623323648
2297323834638336
2297662727399424
2297727422226432
2297922963743232
2298439828242432
2322233492447232
2322263744446464
2322276747743232
2322292728397824
2322322264424448
2322332674228224
2322333988724736
2322336622362624
2322347872223232
2322373273823232
2322392869343232
2322632732442624
2322672362422272
2322782334222336
2322882663284736
2322969232932864
2323229474377728
2323322773438464
2323323262393344
2323338392374272
2323344427794432
2323366374776832
2323437222887424
2323442332237824
2323447627382784
2323783367442432
2323827428622336
2323974243483648
2324246762299392
2324263228342272
2324279243833344
2324343239442432
2324622327422976
2324649332662272
2324943422226432
2326222393823232
2326283233247232
2326696927333632
2327233823244288
2327243967627264
2328244248379392
2329227974836224
2329332484276224
2329374622482432
2332229426233344
2332379236223232
2332489282486272
2332838427623424
2332948427292672
2333223328923648
2333333236276224
2333363323237632
2333726228348928
2334347822628864
2334432262772736
2334462643666944
2334722237277696
2334792224636928
2334823326646272
2334846272274432
2334922246324224
2336242982879232
2336338223824896
2336339392837632
2337224442642432
2337624727732224
2337936223924224
2338348244926464
2338362434322432
2338824728346624
2339364737332224
2342242242772992
2342262726623232
2342329696272384
2342364623327232
2342489828622336
2342692493328384
2342934722322432
2343237423464448
2343278248722432
2343278323233792
2343344399327232
2343377438244864
2343444324286464
2343483229667328
2343684222222336
2343746342633472
2343942342623232
2344324247322624
2344368243474432
2344428292276224
2344443378794496
2344649722232832
2344832234422272
2346226226233344
2346227292229632
2346942862393344
2348237823934464
2349322992479232
2362242423324672
2362268222226432
2362483798327296
2362732394932224
2363327623222272
2363463762444288
2363662342324224
2364233223647232
2364236296224768
2364483424223232
2366223893332992
2366262274424832
2367243864244224
2367627622327296
2368272422928384
2372273322983424
2372344723832832
2372439827423232
2372447728336896
2372723629339392
2372933822644224
2373223648223232
2373248744423424
2373429782642688
2373734699384832
2373932222226432
2374243674292224
2374447342288896
2374697623237632
2374824282292224
2376326272223232
2376368337272832
2376622922268672
2376643223227392
2376682227892224
2377769432629248
2377972222746624
2378232367644672
2378243236626432
2378424386322432
2378767223734272
2382239629836288
2382339672244224
2382434427469824
2382722223243264
2382724266983424
2382983784824832
2383474282463232
2383944937242624
2383974283493376
2384249364283392
2384839872479232
2384842324967424
2386229429993472
2387332422623232
2388243894239232
2388264963342336
2388334333722624
2388367776743424
2389723222376448
2392292494393344
2392343232233472
2392442934239232
2392823629283328
2392874223796224
2392924388327424
2393232864362496
2394276322443264
2396839228342272
2397237283897344
2397282348367872
2398392322228224
2398697824223232
2399282384338944
2422243744284672
2422246634422272
2422277766623232
2422279334264832
2422344486223872
2422437234868224
2422722423324672
2422727842332672
2422982232244224
2423242493263872
2423342822326272
2423872336822272
2423978722787328
2424284676882432
2424336823222272
2424376434622464
2424643384246272
2424773626232832
2426249243787264
2426262323724288
2426272263733248
2426432437223424
2426676673462272
2426734223327232
2426996733622272
2427368247263232
2427666726223872
2428224229343232
2428343222796288
2428623422226432
2428633322422272
2428722276728832
2429674422239232
2429787292434432
2432343676944384
2432372333432832
2432636333236224
2432762327826432
2433239866294272
2433467362443264
2433482746232832
2434229222326272
2434239896223744
2434864229646336
2437432743223296
2437696232423424
2438837642723328
2442324443922432
2443237322932224
2444222266343424
2444329362972672
2444497242292224
2446466664628224
2447323744223232
2462224633823232
2462728333492224
2462964393443328
2463262263263232
2463433423847424
2463632298344448
2463793263783936
2464222424334336
2464397683679232
2464748849332224
2464792729362432
2464823634296832
2466722433466368
2467293222223872
2467644373942272
2469226646863872
2472269627326464
2472923263329792
2473233232232448
2473362398932992
2474423246389248
2474622343839744
2474642434424832
2474826346266624
2476262222364672
2476844223823872
2477432424628224
2478739792822272
2482344337342464
2482363727327232
2482376442642432
2482397623222272
2482827923423232
2483922847924224
2484263966736384
2484282744373248
2487394233483264
2489868273844224
2492432238772224
2494232662376448
2494846676238336
2494942323277824
2497943834394624
2498226332368896
2622323222249472
2622346234232832
2622428233334784
2622433263722496
2622462233739264
2622624229343232
2622723763387392
2623224337477632
2623243223826432
2623322722664448
2623487262326784
2624829442228224
2624872249294848
2624963437264896
2626448976248832
2627236642996224
2627242492428288
2627272742879232
2627322842382336
2628283734687744
2629673933773824
2632239332222976
2632269686243328
2632274332434432
2632276422623232
2632279223476224
2632632277266432
2632636227723264
2633662826938368
2633747232743424
2633866638262272
2633922249228288
2634238227382272
2634324287422464
2634628247322624
2636222364647424
2636262496272384
2638224932732928
2642282622222336
2642292272922624
2642299439284224
2642382222262272
2642433848377344
2642833333223424
2643442362482688
2643963723749376
2643982226399232
2644462223327232
2644637276639232
2644743646347264
2647333322339328
2647743323323392
2648222484922368
2648332942442496
2648744323448832
2649722643283968
2663226433437696
2663237344223232
2664622942322688
2664642243723264
2669638248824832
2672243633332224
2672823298424832
2672938788323328
2673626293223424
2674323329384448
2676262634422272
2676323232479232
2676446292344832
2679423243743232
2679622334226432
2682292323483648
2682372674322432
2682433272379392
2684229343248384
2686346764222464
2688277973262336
2689442632433664
2692239233384448
2693732237328384
2693899473334272
2694823232274432
2696269747433472
2696377287647232
2698223272722432
2699943672287232
2722234246889472
2722327692263424
2722346838392832
2722434626322432
2722439329247232
2722686842437632
2723226622373376
2723236736274432
2724963232223232
2726224222224384
2726446283882496
2726622972767232
2726632394293248
2726722442723328
2726866328223744
2727723268472832
2728242694324224
2728732287762432
2729222946422784
2729332249362432
2729623222222848
2732223342772224
2732232386322432
2732283428732928
2732643424272384
2732732463992832
2732894432722944
2733423793938432
2733774396982272
2734273223442432
2734422444343296
2734724323344384
2736822274228224
2737732474294272
2738934242279424
2739239744274432
2742222966239232
2742226399374336
2742246773489664
2742283226382336
2742364344287232
2742429372383232
2742462233247744
2742969226346496
2743248726392832
2743263394292736
2743942334644224
2744236633227264
2746332423733248
2746736833462272
2747384224284672
2747672262623232
2748692482228224
2762263363329792
2762283323326464
2762483793334272
2762833628233728
2763234944483328
2763444632223744
2764324267278336
2767323322423296
2772338232287232
2772343694647296
2772642466234368
2772764296372224
2772822984228864
2773336246926336
2774343942623232
2774398224826368
2777377332793392
2779374434844672
2783224283922432
2786244783243264
2786339724263424
2787786469343232
2792437693323264
2793262633362432
2798446432223232
2822288927883264
2822328762236928
2822392972836864
2822773333637376
2822789272633344
2822826394386432
2824284892299264
2824364773343232
2824427646222336
2824444367732736
2826247336722432
2826322736799744
2827492364648448
2828447497322496
2828672234422272
2829242366263296
2832223437324288
2832242462687232
2832262327222272
2832322683469824
2832442884882432
2832972672466944
2833332742324224
2833762763833344
2834224922492928
2834324423442432
2834368249724928
2837299363282944
2842726329483264
2844322676342784
2846823322484736
2848926283333632
2849823272927232
2862263742234624
2862422223224832
2862824247263232
2863226232373248
2863262722424832
2863323279839232
2863746382823424
2864263634878464
2867342622326784
2867422662623232
2867739326226432
2872242792824832
2872422394232832
2872644232937472
2874222223294464
2876473347342336
2877622263742464
2884347283636224
2886423426367488
2889234423742464
2892244932624384
2892284427239424
2893324282232832
2922334639644672
2922674378932224
2922948492263424
2924824932384768
2927224427323392
2927232829882368
2928279224844288
2928347234942976
2929243424292864
2933233432722432
2933487343632384
2933826236393472
2936299423924224
2937267366469632
2939242433642496
2942723386294272
2943444222738432
2943933762373632
2943964237326336
2944272222388224
2944484672274432
2944936896233472
2947289724223488
2962484449247232
2964227332276224
2964892346744832
2972379246262272
2973437749223424
2974824923922432
2982477272334336
2983764243382272
2986474242834432
2986962232246272
2992343224743936
2996227934687232
2997343938742272
3222222733723392
3222242662367232
3222392224333824
3222429274423296
3222442623762432
3222626922676224
3222692763623424
3222769222729728
3222826422239232
3223223427723264
3223232222773248
3223239682424832
3223337228923392
3223348372242432
3223367633332224
3223623942733824
3223729288249344
3223799432372736
3223872424378368
3224226762473472
3224238922727424
3224247283482624
3224249327222784
3224322662989824
3224477923333632
3224844947423232
3224937438277632
3226232292323328
3226232832786432
3226236229343232
3226264222777344
3226337342226432
3226443842322432
3227263379472384
3227267476242432
3227343376223232
3227649646362624
3228343923474432
3228473747423232
3229294326349824
3229636443973632
3229668768743424
3229763422943232
3232227494264832
3232233466232832
3232237327732224
3232264344293376
3232347233342976
3232373734324224
3232432332767232
3232722346463232
3232862493622272
3232897922322432
3233228276662272
3233444262838272
3233466976223232
3233644224233472
3233743243444224
3234244432232448
3234384234676224
3234393393622272
3234464623337472
3234773344223232
3234777367836672
3234922249273344
3236472333287424
3237246622826496
3238228844347392
3238468742283264
3238922274932736
3239244222234624
3242222323236864
3242224234266624
3242234872332288
3242267832287232
3242343822262272
3242428726247424
3242446232223744
3242722332229632
3242847492734976
3242882626486272
3243222932447232
3243226346422272
3243248864722944
3243264736223232
3243266223243264
3243492232372224
3243642222772224
3244232344338432
3244266647322624
3244494394294272
3244926239244288
3246224327442432
3246773222633472
3247322422837248
3247644392423424
3247722244472832
3248392847228928
3248727723343872
3249234942492672
3249339347423232
3262226743222272
3262243274293248
3262324222328832
3262373242232832
3262427322384384
3262844422324224
3263423227674624
3263772623634432
3264274268946432
3264382624333824
3264693644427264
3266233838862336
3266724492767232
3266842692943872
3267229273362432
3268262976233472
3268973682229248
3272262343483392
3272323483828224
3272474423328768
3272673344274432
3272842222239744
3272946462277632
3273486232633344
3273724263333888
3276334323892224
3276342294478848
3277624973672448
3277994268229632
3278224467689472
3282323243323392
3282622224924672
3282723334324224
3283226428833792
3283262324342784
3283722723262464
3283842449276928
3284738722234368
3286346662674432
3289676333432832
3292226447376384
3292229739423744
3292277327797248
3292384322322432
3292393683382272
3292482342223872
3292699642232832
3293263348236288
3293422333968384
3293429267423232
3296339222298624
3296466926862336
3296963233234944
3297283324747776
3322272493338624
3322372432232448
3322422986932224
3322479338422272
3322486624223232
3322493342687232
3322924632244224
3322932772223232
3322964262223872
3323422264393728
3323472428924928
3323628942262272
3323676222332928
3323744822329344
3323747776462848
3323927922868224
3324233424863232
3324272333727744
3324398322843648
3324632232886272
3324734642847744
3326267439839232
3326462234984448
3326642827296768
3326649223274496
3328232439393792
3328232782823424
3328238728249344
3328267489247232
3328362244472832
3328629342732288
3328633272287232
3329222632372224
3329299334836224
3329374348726272
3329664362422272
3332246874292224
3332282323894272
3332322643636224
3332722392244224
3332824996626432
3332924629767936
3334367287222272
3334922232348672
3336362267922432
3336382342692864
3336622433722368
3336628244447232
3336836322742272
3337472346292224
3338662248972288
3338736492478464
3338923433739264
3339243632374272
3339282784223232
3342246473373696
3342343232692224
3342786442297344
3343227332788224
3343263244222464
3343383734648832
3343429384372224
3343874232287232
3346233223348224
3346262223224832
3349227223222272
3349428226228224
3362422773233664
3362442243342336
3363263669624832
3363324982327296
3363626239932672
3363662746386432
3364637443227648
3366392794232832
3366933724643328
3367272233332224
3368432222797824
3369322622324736
3369639223222272
3372328223244288
3372339642642432
3372473393823744
3373222224863232
3373326269236224
3373342494326784
3374669847822336
3374837742237696
3376797662633472
3377226232332288
3379742234394624
3383222398746624
3383234223243264
3383268299292672
3383336272232448
3383947276222464
3384272286646272
3384382489362432
3384722736267264
3387743226298368
3388264937422848
3389234743222272
3389363289833472
3393274743742464
3394929322266624
3397322422222848
3398783436324864
3422232344788992
3422242972237824
3422297224249344
3422332227944448
3423377322344448
3423423322423296
3423674324238336
3423736277434368
3424232237432832
3424248727732224
3424434233278464
3424489228468224
3426263378399232
3426322426232832
3426373928484864
3426628222844928
3427237333223424
3427323292237824
3429228337339392
3429649672372224
3432334424334336
3432737222627328
3432742222823424
3432743486226432
3433238442934272
3433244964323328
3433324663222272
3433364284243968
3433723392863232
3434222773223424
3434233492242432
3434429237428224
3438243334324224
3438297222377472
3439238747922432
3439284272234496
3439724382388224
3439763623723392
3442222724677632
3442229227487232
3442232943378432
3442423648223232
3442462266949632
3442843947368448
3442964342243328
3443673334284288
3443792224223232
3444284722249728
3448244326367232
3448462242742272
3449349283774464
3462432229343232
3463234333323264
3463387744223232
3463428222222336
3466234664976384
3467329422262272
3472392862826496
3472633276342272
3473377736274432
3473393739282432
3473462872276992
3474338243346432
3477333222623232
3478222278623232
3482282632937472
3482429782228992
3482442267623424
3482686624628736
3483272843624448
3483339336843264
3483946423222272
3486442944724992
3492922482229248
3493724326428672
3622264729767936
3622332326473728
3622392837439488
3622762828726272
3622774338699264
3623783927323392
3624238223327232
3624392897298432
3624422223642624
3624463629287424
3626336772882432
3626844772368384
3627222333622272
3627423336628224
3627747232284672
3628428633833472
3629279424282624
3632226626322432
3632282464223232
3632332294324224
3632439789748224
3632926333772736
3632927232227328
3633242422247424
3633682436849664
3634432324927488
3636393732623232
3636433889722368
3637272222646272
3637422242463744
3637683362783232
3642229326348288
3642348932923392
3644743393492992
3644828422373376
3646223426322432
3649384293433344
3663284622262272
3663843287924736
3666299343372288
3666323422347264
3666628924342272
3666742923239424
3666887773323264
3667242826727424
3668768943243264
3672822237364224
3674226844237824
3676222263877632
3678932277264384
3683794223628288
3686328643239936
3688228322279424
3688674229223424
3693892236263424
3696238323892224
3696347646738432
3697334273332224
3722294832463872
3722332246843392
3722664273334272
3722882426339328
3722977676242944
3723222249234432
3723223294328832
3723297663246336
3723374326799232
3723722392223232
3724828364242944
3726682222362624
3726684228943872
3727279284793344
3727283267764224
3727738464436224
3728444322742272
3729223348494336
3729238272442368
3732223744843776
3732238278623232
3732272223289344
3732329724383232
3733322276662272
3733327626239232
3733724272223232
3733876986642432
3733923263422464
3738389286223872
3742242737393664
3742272243892224
3744837472223232
3748228222943232
3749422222393344
3762248874983424
3762723222429696
3763647629328384
3764662332383232
3764743222689792
3766222323892224
3772372336693632
3773997826228224
3776222372364288
3776234662674432
3777734232244224
3782228627423232
3782626822324224
3782933383348224
3783292373274624
3783733672223232
3792943723387392
3793627646226432
3794242224439296
3794339222263296
3822383343992832
3822424248287232
3822724223926272
3823282324242432
3823642234847232
3823924828372992
3824262838222848
3824337222623232
3824823633444864
3827283343736832
3827343262482432
3827722283384832
3828622272233472
3829728864632832
3829774326239232
3833228342329344
3833269226422272
3833297639926272
3833963463223296
3834623632932864
3834638682292224
3836283362279424
3843232323342336
3843242233823232
3843436322783232
3843622934839296
3843863222943744
3844232433893376
3844736234422272
3846642337972224
3846727828242432
3846826423222272
3846972922232832
3847773826842624
3847948622364672
3849622684434432
3862228792246272
3862336478773248
3862343262928896
3862343836237824
3863624299333632
3864284274622464
3873442822373376
3873622829432832
3874282994663424
3877826366324736
3882323222396928
3882342762676224
3884283328462848
3892222722834432
3892467637223424
3922232224333824
3922326282829824
3922444384468992
3924246867738624
3924272284434432
3926343243497472
3927286838329344
3928239462776832
3929492644429824
3932229222623232
3932242722422784
3932663974428672
3933264373323264
3934368636862464
3934723228434432
3937783278772224
3939634273333248
3939942832229376
3943339882463232
3943843767263232
3946923242422272
3948243286228992
3962223424438272
3962422362636288
3967232227467264
3968866283323392
3969987326226432
3973232344338432
3974227462324224
3976644222222336
3977373269624832
3978324232372224
3982243336372224
3983489423327232
3988248783224832
3992894332342272
3993224477663232
3994397763342336
3997428892434432
4222222272479232
4222237879222272
4222243293364224
4222286263222272
4222322338332672
4222328723472384
4222343622426624
4222349928824832
4222387682279424
4222422277226496
4222929433669632
4223432646623232
4223493972762624
4223667792863232
4223732222932992
4223743729422336
4223822483423232
4224383264489472
4226477372393472
4226626622324736
4226722269364224
4226724693983232
4227237323237376
4227927372942336
4228974322384896
4232283843723264
4232422924222464
4232423227963392
4232462262239232
4232763249426432
4233222362382336
4233222923747328
4233233293323264
4233967292233728
4233993232223232
4234222222442496
4234282398646272
4234377822732288
4234388227227648
4234464328679424
4236697277374464
4236944224223232
4237224492662784
4237232247263232
4237238343647232
4239798824927232
4242272382222336
4242398924242944
4242444279349248
4242664222949376
4243224226332672
4243228282847232
4243334727647232
4244363462836224
4244822223224832
4246664342667264
4247422328733696
4247764246462464
4248223233343488
4248287443943424
4262232689934336
4262233263243264
4262234422247424
4262238286774272
4262272274792448
4262348376244224
4262642674827264
4262799262482432
4262833374363648
4263229423337472
4263233687322624
4263272439422976
4264362389274624
4266844243623936
4267238224822272
4267244843237376
4267673248333824
4268277229289472
4268628232372224
4272232646836224
4272292844273664
4272693338382336
4272797332242432
4273423796662272
4274242349432832
4276327382433792
4276662732324864
4282334334222336
4282437227249664
4283343393767424
4283443639222272
4283722637623296
4283726344224768
4284363322294272
4284468248444928
4284937427484672
4286237246226432
4286483238223872
4288327732297728
4289332286324736
4293779622838272
4294283382226944
4322222283423744
4322269266444288
4322324247478272
4322329296666624
4322432627638272
4322449333223424
4322493643732992
4322622723342336
4322686933942272
4322844472246272
4323242227433472
4323246232633344
4323247369733376
4323343838478336
4323369798623232
4323473262968832
4323722622492672
4323797242232832
4324243232784384
4324494469496832
4324638943346688
4326392623693824
4326726934462464
4326822342623232
4327229332242432
4327334364229632
4327446293839872
4328373334376448
4328422997262336
4328464633823232
4329244692283392
4329267266322432
4332233223327744
4332272623386624
4332432439222272
4332693682962432
4332766242373632
4332924762292224
4333324322783232
4333422227226624
4336423738343424
4336896288227328
4337243426783232
4337376864436224
4338826428284928
4339687442743296
4339944222437376
4342274223243264
4342422986293248
4342427262222336
4342742462693376
4342769363423232
4342938964328448
4343362384822272
4343632222224384
4344243433242624
4344922362396672
4346649276383232
4362226223284224
4362323267764224
4362396424372224
4362672329293824
4364229436342272
4364338293374976
4366938822672384
4368232844623872
4369324424822784
4373263362972672
4373328446226432
4373627426832384
4374629233422336
4376242336628736
4377722327322624
4377744333236736
4379866222362624
4382844323364864
4383937497332736
4384274346934272
4387493237686272
4393338838843392
4393726729362432
4393936244662272
4394867423772672
4399342243282944
4422244236263424
4422448787226624
4423226293223424
4423266424848384
4423362422243328
4423392946962432
4423679422267392
4423823426322432
4424322364342272
4426222763999232
4426278632423424
4426823233437696
4427222933274624
4427262632927232
4429324436963328
4429397238239232
4432323272638464
4433274642972672
4433964369444864
4434646224863232
4434824332836864
4434929893343232
4436232343732224
4438269282484224
4438332983476224
4439367626932224
4439938248474624
4442222282932224
4442772234829824
4443948777332736
4444224433422336
4444248682266624
4444846622244864
4447322467467264
4447783733428224
4448424749432832
4462642492342272
4463722423222272
4464648627683328
4468287228346368
4472422792298496
4472436838367232
4472932742627328
4473462424338432
4473484224233472
4473723874443264
4473863392223232
4474332472393728
4477748622262272
4478333663333376
4482342342623232
4482344333279232
4482739727327232
4487222666723328
4487842923282432
4487962426343424
4488232943222784
4492338684493824
4493223922747392
4493439222644736
4496724832223232
4497439342362624
4498482262966272
4499433382477824
4622423244668928
4622729773842432
4622789822644224
4622898326667264
4623237773328384
4623279232223232
4623296382222336
4623322342367232
4632344642322432
4632424332263424
4632724429627392
4633363274932224
4634822232244224
4634982962233344
4638924222234624
4642996244447232
4643227224244224
4643464446738432
4644338424348672
4644363227922432
4648243677364224
4648942222442496
4664472934367232
4664742234292224
4666222422392832
4669232294264832
4672372222328832
4672422238224384
4673692422733824
4676223223332864
4676238272692224
4683236224794624
4687373732622336
4692336823222272
4692446432722944
4697837224722432
4722239482232832
4722323684327424
4722623432884224
4722624374243328
4723624246247424
4728387424223232
4729876697677824
4733923282292736
4734229223227392
4734428274229248
4734462262247424
4734622262329344
4736437382283264
4736692223327232
4737296972427264
4737982449844224
4738222273462272
4742232834834432
4743433662234624
4744223363432448
4744272747626496
4744733926883328
4746324774223872
4748334922727424
4766288622649344
4768339223273472
4768434326863872
4773432386322432
4774492344287232
4783762229428224
4784879932342272
4788332924239872
4789269328822272
4793232222277632
4793238262923264
4793472224722944
4822392634343424
4822679324639232
4822764223463424
4824223639732224
4824274733236224
4824472938872832
4824828343222272
4828247227367424
4828289222836224
4829237222326272
4832223226232832
4832683386273792
4832987383332864
4833238492643328
4833378666676224
4834428224274432
4834877434232832
4837242722844672
4838473227829248
4842242739339264
4843247272722432
4843622263947264
4848434364284928
4863327226232832
4863443846823936
4863477224374272
4864292726243328
4872437662482432
4873673326362624
4874664224489472
4878368224837632
4882222223327232
4882638229733376
4882742428827648
4892726428434432
4922234363999232
4922766287437824
4922882223243264
4923264727793664
4923433322422272
4924384292634624
4927732767627264
4932238624948224
4932432327223296
4932747726262272
4932793229672448
4933233423433728
4933433364922368
4937232226332672
4938934873227264
4942242292432896
4942723298623488
4942829647429632
4943842822324224
4944622432223232
4962422278324224
4963772224438272
4964222383423488
4972242784223232
4982282322444288
4983327473467392
4986269623222272
6222222339637248
6222238392287232
6222282927243264
6222428367224832
6222464634322944
6222627836264448
6222722232287232
6222822846234624
6222833343627264
6222962266472448
6223222339333632
6223229643423744
6223242232332288
6223287332634624
6223743328223232
6223922666422272
6224222647222272
6224337443487744
6224642276622336
6224774432292864
6224784836788224
6224982224928768
6226223337234432
6226473226272768
6227346646499328
6227662432223232
6229274469433344
6229733474893824
6232222267342848
6232276393362432
6232333332344832
6232432326672384
6232448379322368
6232627842932736
6232669322729472
6232937734324224
6233224496283648
6233233633394688
6233426428428288
6234233233342464
6234822722322432
6236344443469824
6236363362664448
6237333742332672
6238224323444736
6238236362932224
6238823622377472
6242647274422272
6242922733436928
6243322823442432
6243383243833344
6244266426236928
6246236727779328
6246262687924224
6247337222633472
6247823362228224
6248337232822272
6262292262223872
6262422833332224
6262788222222336
6263326278623232
6264222828724224
6264364726222848
6264428936822784
6266872283922432
6268732384739328
6269223746322432
6272424723382272
6272724242792448
6274372832372736
6274626466332672
6277824873234432
6278368322322432
6282343264223232
6282383443623936
6283337223647232
6286882262482944
6286946624372736
6292243622633472
6292262434332672
6292623242723328
6293223443423232
6293922324922368
6297328424927232
6297422483423232
6299232222633984
6322472643723264
6322488696373248
6323373222469632
6324444444229632
6324626374262784
6324632262623232
6324749277364224
6324937728786432
6326233478627328
6326262323232768
6326272293433344
6326643322847232
6327284722827264
6327462342426624
6327636329742336
6328323834642432
6329363243728896
6329392482484224
6329422342324224
6329829272223744
6329839233466368
6332227262226432
6332233228222464
6332246223224832
6332448473874432
6332824373428224
6333328248274944
6334242622267392
6336336928739328
6337332232229376
6337432877432832
6338726286262272
6339264862224384
6342223422947328
6343272237883392
6343686722322432
6344376484626432
6346233432244224
6347394382823424
6348326774243328
6362423622623232
6363662238646272
6364632922324992
6366226326994944
6367429427724288
6372442337974272
6372442462224384
6372476648423424
6372763422326784
6372882423742464
6376223827427328
6377349372323328
6378446227636224
6379442373733632
6379874244624384
6382242344927232
6383246829944832
6383689424437248
6384223963348992
6384696728223744
6386244662329344
6387622323683328
6394373372233728
6398344992227328
6399848423227392
6422244322443264
6422333838262272
6422422462267392
6422886428442624
6424337242423296
6424772243226624
6424874337337344
6426694473744384
6427282327732224
6427377463836672
6427448948293632
6432264743288832
6432362647732224
6432676343267328
6432833274642432
6432874743988224
6433266242322432
6433637244862464
6433829876662272
6434432233242624
6434823994343424
6436438432284672
6436743432634368
6437626328383488
6438332644982784
6442233376223232
6442233438928896
6443624222687232
6444423733837824
6446227873333248
6447327722422272
6463832279482368
6468424823734272
6472364262948864
6483328222887936
6484646833422336
6486844262842368
6492626274484224
6494623268732928
6494677446426624
6622237822943232
6622387424722944
6623929944244224
6624238432223232
6627786333622272
6628427234279424
6633372342288384
6633477323327232
6634292234379264
6637384724447232
6637428423327744
6642239424823296
6644363964383232
6644464723427328
6648632392679424
6649294376374272
6669842434228224
6672827247722496
6676967326482432
6678722272223232
6682627223322624
6684838327222272
6693244337332224
6694346422222848
6722222422228992
6722229482422272
6722483742277632
6722724346232832
6723349922322432
6723628366823424
6723927332732736
6724222983733248
6724932644634624
6728824834228224
6729898933223424
6732227682238464
6733226848223232
6733348246388736
6733722222968832
6739927732242432
6742226272223232
6746666929422336
6748764977332224
6749866423222272
6762233422393344
6766333432233984
6766774378463232
6784263684882432
6784697747423232
6787266422243328
6792992243638272
6822344732442624
6822879226232832
6823478227894272
6824449328283648
6824622722383872
6826923442962432
6827223846223872
6829663286329344
6829992222326784
6837736288223232
6842324336246784
6843333479399424
6843764392722432
6844446343692288
6849842327322624
6862222933622784
6866242784722944
6866724364222464
6872424442232832
6873623262277632
6923442294226944
6924724372242432
6924863383732224
6926496239222784
6927232293983232
6928927463227392
6932222332342272
6932232678776832
6933267322232832
6936827624423424
6942382287224832
6943822232223744
6943926622224384
6946237236363264
6946694844383232
6949468226322432
6964979332276224
6966936622393344
6973936746239232
6978664843444224
6983329284882432
7222243239493632
7222272238927872
7222322332237824
7222442392682496
7223263962292224
7223264296722432
7223322273334272
7223333722343424
7223437238943744
7224282929332224
7224293463883776
7224327262236672
7224439693492224
7226234622222336
7226422223634432
7226932243636224
7227224222367744
7228622662926336
7229389333727232
7232242238226432
7232324742623232
7232398923423744
7232486223642624
7232666237669376
7232928284639232
7232982462332928
7233223992793344
7233249839284224
7233446233423872
7233737884434432
7233842742239232
7234244872372224
7234274366226432
7236323287732224
7238423223779328
7238722287992832
7239229263286272
7242227432423424
7242383776223232
7242636626362368
7243236343332864
7243272263227392
7243623864336384
7244327839924224
7244832327892992
7246223278866432
7246376224948224
7247239472922624
7247243266228224
7262366336483328
7262498882322432
7262688392773632
7262932944863232
7263224224284672
7263249232232448
7263474972622848
7263623334223872
7264932642422784
7266224992223232
7266274822324224
7268222283743232
7272332262623232
7272336286236672
7272343244242944
7272748239224832
7272848382492672
7273234324242432
7274236732342272
7276243239272448
7276422326648832
7276742362423296
7276822249439232
7282624446332928
7283728233234432
7284332344246272
7284942632927232
7287322827423744
7287383722622976
7292722399248384
7293464332664832
7296394442932224
7299638332342272
7322227922386944
7322382624227328
7322434349432832
7323444272922624
7323763723444224
7323882432233472
7323922229428224
7324428222332928
7326422429663232
7326847323242496
7327238662324224
7327322792423424
7329332364383232
7332836466622464
7332933276329472
7332972232223232
7333322396327424
7333944663822336
7334236433276928
7334323343327232
7334383624372224
7336463362228224
7337334274228224
7338442222927872
7342326676242432
7342364383248384
7344244326924288
7344629646262272
7344828762292224
7362227273232384
7363272727222272
7372283624423424
7374332692242432
7377223329294336
7377328764223488
7383272722366464
7384324226678784
7394229826486272
7422273973223424
7422292422623232
7422329363226624
7422376392474624
7422484282343424
7422963693723648
7423223922229248
7423227328462848
7423249772639232
7426398222286848
7426894962622464
7428326224822272
7428373722427392
7432263682228224
7432322743222272
7432633283346432
7432826342473728
7432927623733248
7433682223693824
7433773734772224
7434242394292224
7434337936822272
7436233278222336
7436276733247488
7436772442423296
7437646224949248
7437729322727424
7438633462923264
7439292624863232
7442222642233344
7442422334226432
7443293246226432
7443634922422272
7446242864922624
7462648227299328
7463324222226432
7464372382236672
7472246374268928
7472334227226624
7472942239924224
7473863232847872
7474234673332224
7482333792632832
7483223962238976
7484666443333632
7487763232223232
7489222327222272
7489228294324224
7493477372946432
7494963732329472
7622232637243392
7622442993844224
7622487222239232
7622922232332288
7624224837992448
7624242228363264
7624467327762432
7624726692323328
7626326439223296
7626644273332224
7626686244323328
7627338383228928
7627864232927232
7632622826422272
7633978662223872
7634249926926336
7634273629667328
7636622834663424
7643422323339264
7644323424632832
7647822233468928
7662272224223232
7662388824244224
7663296366222336
7663322326367232
7663433926772736
7664246769844224
7666283742437376
7672249322422272
7672262978322432
7678237434642432
7683233334239232
7692448674742272
7723448348442624
7724223483346944
7724232782364672
7724496796434432
7729332448223232
7732329276663936
7732877422362624
7736876723423232
7742234242842624
7762222434484224
7772422633242624
7776442272743424
7822634922934272
7822792724447232
7829234234228736
7842322829279232
7843422237622272
7847223736762368
7862234432274432
7874394686226432
7884826233274368
7893236233322496
7922822333239296
7924634464223232
7933343732278272
7934432224223232
7934886422249472
7936722287327232
7938743238623232
7942932478623744
7963632872423424
7966396436447232
7973333438644224
7973422323922944
7974979462324224
7978223226322944
7992222474829824
7993223424442368
7993834428432384
8222293736423424
8222382722727936
8222437442322432
8223322443743232
8223934833229824
8224982332342272
8226733297434624
8227342294843392
8227622448267264
8228624224223232
8229422822326272
8232222622482432
8232232333344768
8232264438644736
8232328649244672
8232332829622272
8232342323724288
8232347823243264
8232994722742272
8233329933287424
8237292722233344
8238639347269632
8239334484344832
8239737323446272
8242742434332672
8244234364649472
8247626824679424
8247932326674432
8248862623924224
8249229393334272
8262239322636288
8262486822223872
8262926433386496
8268487243333632
8272263629242368
8272372876443648
8273962423222272
8282273794228224
8282622262247424
8283224467832832
8283332278222848
8283333436342272
8284222242422784
8284836867342336
8286724837343232
8288229327372288
8292223427346432
8292322293276672
8292432446226432
8296493384466432
8298237262823424
8322424869224448
8322663822262272
8322727642693632
8322938333724672
8323243724242944
8323263328223232
8323438724923392
8323444382367744
8324722623393792
8324842449272832
8326286338424832
8326473428238336
8327424296927232
8327728433332224
8329223322427392
8329374944722944
8332224433422336
8332322236342272
8332332227444736
8332884232372224
8333283263348736
8334233236242432
8334236222226432
8334338223439872
8337233226373632
8337662626922496
8337896226422784
8338249384722432
8339262373822464
8342224326623232
8342429762322432
8342672224223232
8343223783243776
8343362249293824
8343426364342272
8343722743824384
8346233738723328
8346693747474432
8349343772442624
8349962468327424
8362243223322624
8366392283922432
8372283232223232
8374424328732672
8382323846283264
8382822242844672
8389283434463232
8392232272822272
8393299732242432
8394267782283264
8422363646263296
8422422346727424
8422642327486464
8422686323638272
8422933228683264
8423329976377344
8424233224372224
8426346327834624
8426962443829248
8427463324729344
8428698423263232
8429222427623424
8432383294734336
8433227229364224
8433733222268928
8434832828792832
8434874446774272
8437324333842432
8442422722363392
8442923364384768
8446266328743936
8447822263222272
8447928223924224
8449344424378368
8462342484393984
8472623442296832
8478469282332672
8484222274633728
8492222724636672
8493223228342272
8493432247222272
8622234976223232
8622322429722624
8622327384244224
8624322322366464
8628249424822272
8632236427444224
8632436363624448
8632932992483328
8633484372344832
8633969322273792
8634426892222464
8636226222292992
8639232224329728
8639443472744448
8642239946293248
8642422322233344
8642624349929472
8643262442766336
8643327322226688
8662864233332736
8663934242783232
8692292879327232
8722324642332672
8722446374928384
8722822237323264
8723323473887232
8726222773223424
8727346892242944
8732333246644224
8732476926222336
8742823232274432
8743386332233728
8746462922932224
8766363944927232
8768642334326784
8779226632372224
8787932268724224
8822222248476672
8822229647228928
8822322247237632
8822742473244672
8823286223732736
8826262684434432
8826338329362432
8832363328438272
8832622432223232
8842329348636672
8846372238262272
8862629262262272
8862824222687232
8882648424382464
8922282247323648
8924696642322432
8928222492229632
8932743224229888
8939262272274432
8963694262222848
8968392242233344
8998222222393344
9222322272436224
9222636222277632
9222723226386432
9222834293793792
9223227742224384
9223633732223232
9224374837837824
9224393884434432
9224889223348224
9227344633823232
9227932499423232
9228327733223424
9229284926226432
9229432732434432
9232384664272896
9232626242322432
9232634483638272
9232672422887424
9232744288223232
9232823729332224
9233222349238272
9233223289823232
9236733427482624
9237866644242432
9239477239222272
9242423339433984
9242722236432384
9243238262243328
9243722334292992
9244476322873344
9246243834298368
9246392339226624
9246442772496384
9247498234232832
9249246826463232
9262247233462272
9262432322666496
9262696438923264
9263383334682624
9263632636726272
9263643339239424
9263672282382336
9266292483342336
9267434622222336
9272377343279232
9274223388229632
9276426447224832
9276924277942272
9277692422326272
9282227766239232
9282276323937792
9286233278644224
9292424334262272
9293633722727424
9294222444724224
9294462268342272
9297244393242624
9322234499432448
9322247398883328
9322473233332224
9322943243636736
9323294834294784
9323343422226432
9324222627299328
9324372442742784
9328723326332928
9332362624223232
9332384647348224
9332448284639232
9333632333297664
9333732329236224
9337422232276992
9338262349326336
9338777824223232
9339223942923264
9342472232927232
9342624983924736
9343422223736832
9344484332273664
9346347442962432
9348324928782336
9367863323922432
9372239336662272
9376286262239232
9377743228342272
9382444836323328
9392228236726272
9392624222994432
9392829324263424
9394224722362368
9422229322727424
9422328664424448
9422423626678272
9422872246222848
9423362324496384
9423742786633728
9424262992822272
9424622923333632
9432262228967424
9432263429332992
9432763874279424
9433492263272448
9433668842422272
9436288864223232
9436336733279232
9442323227344896
9442734827323392
9442797376223232
9444642333622272
9446624222773248
9448272294838272
9463372672223232
9466274282766336
9467628223463424
9468623487762432
9469229224476672
9469343223373824
9472729329229824
9476244483342336
9478969922322432
9484372642332672
9484836664246272
9492937232744448
9493626923384832
9494729423327232
9496422664372224
9622227282296832
9623442267242496
9623847262224384
9626328232722432
9626773442936832
9626942748229632
9634833342332928
9648428774326272
9662467262644224
9663633623826432
9666736264249344
9669438376722432
9672249346228224
9672433282842624
9677242723663872
9684224372293632
9684427287822336
9686372668342272
9693328482238464
9722246662324224
9722432828473344
9732367837237248
9733264673239296
9733924646433792
9736262423322624
9737386234232832
9742442233724928
9744282268729344
9744449933223936
9744744228323328
9766722326667264
9774434496282624
9792222243342336
9793322233938432
9793438827282432
9822283432722432
9822937327386624
9822992633782272
9822993762484224
9824322342223872
9826229374746624
9833323642748928
9834423249272832
9838386247237632
9842382688223232
9847867343634432
9848823622926336
9864333922664448
9874263223222272
9892443922292736
9922272247222272
9923332826437632
9927222333364224
9927624433434624
9927628948242432
9929938272436224
9933324378292224
9933642672242688
9934238626873344
9943268242489344
9943827744227328
9944329222324224
9962296222482432
9963424924434432
9964839349223424
9993728744423424
9994484222263296

