
4346496
9282432
3934976
3262464
3748224
2383872
4986624
6434432
7463424
3732224
6247296
2343424
2483328
7249664
3743232
3496832
2328832
2292224
8692224
3727232
3934464
8832384
7222272
3336448
6222336
2482432
2774784
7689728
7263232
9993472
2363264
8862336
4334336
3922432
2434432
7672448
3929728
4224768
9263232
9442432
8244224
7423232
3272832
8262272
2879232
8422784
9622272
6466432
4723328
2274432
4228224
4263424
7222272
3343232
2823424
7327488
4383232
6462976
9733248
4622336
4699392
2268288
3378432
6729728
7342336
4633344
8246272
4793472
7734272
6684288
3822336
2636288
4463232
4943232
2268672
2263424
2246272
3263232
3644928
8243328
4783232
6642432
2324224
2287232
2222464
4223232
3634432
2487424
2334336
3423232
4422272
7492224
2363392
2228992
3222272
3927296
4396288
7666432
3433472
6423424
9732224
2847232
7222272
4324736
3623424
2972928
6372224
9673728
3274368
6239872
7423232
3736448
3372288
6248832
3922432
4633472
7436288
6948224
2382848
3292672
2322432
4242432
2999424
3963392
8622336
3687296
8342272
9342976
8722432
8222976
7627392
2422272
3237248
9337728
2322432
4424832
3277824
4336384
4429824
2687232
4324224
8232832
2283264
3463424
7923968
6484224
3487872
2836992
4244224
9423232
9682432
2223232
3323264
3332224
4323328
4299392
2879232
3826432
2223232
2332928
2236288
2379392
3226624
4334464
2423424
2324224
2432384
7422976
6927232
2834432
7222272
8233728
2228224
4322432
2333824
3338624
3279232
6696832
2223744
3636992
2982272
2733696
2223872
2439424
7692288
9383424
7332224
2322432
4842624
2244224
2247424
6623232
9942272
4372224
2266624
3327232
2727296
4344448
3727232
2372224
2473472
2232832
9482496
2243328
3234432
3834368
3333888
3246336
3337472
7663232
8333824
7242624
2226432
4476672
7239936
4243968
7844224
2339328
2349824
7627264
4272384
3222784
2226944
8324224
3272448
3474432
4622976
4328832
4677632
8392832
2363264
4283648
8622336
9432448
8244224
3674624
8393728
2222336
8947328
3222272
2627328
4927232
2344832
7337344
2444288
4343424
3228288
2962432
2392832
3336832
3234432
4468224
8962944
2322944
4327424
3242624
9663232
6326272
2642432
8828672
7273472
8692864
4824832
6622336
7344384
3263232
2932224
8872832
4927232
2243328
2364672
9496832
7467776
4333824
9722624
2863872
2226944
4923264
2223232
2239232
6244224
4723328
3222272
6482432
4726272
7324928
4282624
2923264
3223424
4396672
3293824
2683392
8729344
6876928
2999936
4233472
7779328
8266624
4624768
7842432
6722944
4228864
4343424
4332928
7236224
6422272
9679232
7267328
2827392
2473344
6242432
4939392
9724672
7424384
3342336
2323328
3732224
3634432
4292224
3334272
9364224
2263424
6823296
4362624
3738624
9826432
3483392
6386944
8763392
2962432
3243776
2986624
2223232
3663232
8622336
2738432
2943232
2383232
3646976
9332224
6437632
3334272
6322432
3867392
9238272
3994624
2429824
6623872
7864448
2233472
6747392
3284224
6332672
7322624
3222784
2678272
2223232
4927232
3639296
2822272
4976384
8236288
2662272
3926272
2374272
2623232
6374272
3462272
7243776
4292864
8623232
6732672
3829248
3348224
2239232
3924992
8326272
2424832
2369792
6674432
2479232
8762624
3643392
8276224
2982272
2844288
2392832
2324992
8726272
4632832
3423232
3737344
2223232
4223872
3397632
7277824
3892224
7364224
9222272
2246272
2222336
9242624
2624768
4472832
6322432
7924224
7666432
3748224
3796224
8323968
3243392
3429248
6644224
6428928
4342272
2639232
4948224
3263872
2343424
2623232
3334272
3837824
4422272
8324224
2442368
3293824
3247232
8922368
2677632
7732224
2283776
8447232
4374272
2242432
7623424
2427264
4422272
3222272
4782336
4232832
2322944
4662272
2332672
2292992
2246272
3333632
3448448
7947392
8438272
9332736
2384384
2436224
6724736
9887232
2437632
6372224
2294272
2246784
8242432
2428672
2332928
6628224
4327936
4233344
2776832
8223232
2729344
4643328
9292672
2424832
9282432
2377344
7332224
6246272
2283392
2772224
6949632
6722432
7332224
3232768
8932736
4283264
3783424
4272768
8493824
6443776
2282624
2868224
2476288
2246784
9289728
9823232
3282432
2722432
6678784
7433344
6226432
2638848
3337472
2223232
8233984
3444224
6788864
8432896
3622272
8639232
2424832
2623232
2629248
2446336
7493376
6228864
2343296
3222272
3332224
9263872
3423232
3974784
2462464
2643328
2222336
2738432
2242944
4223232
7364224
9287424
6249984
6322432
3247744
2622336
2277376
2263424
2937728
7327232
4479232
6743424
7429632
7469824
3382272
2932224
4927232
4444288
2222336
8793344
9323648
2422272
3624832
2642432
7273472
3726336
4776448
3373824
2294784
7787648
3284224
9332224
3993728
3783424
2722432
3222272
9824384
9942272
8622336
2267392
4787328
3397632
4728832
4822272
2924672
3422336
2422272
4267264
9979392
2684928
8692736
6674432
6222336
3423232
4478336
6639232
3724288
3362688
3242624
4774272
3263232
4832384
3932672
2244224
3249664
6994944
6293248
6634624
3378432
9223424
8446848
7342464
2229376
7423744
2464384
4367232
3263232
9494272
2236672
4434944
2374272
2794368
7472896
3333632
7432832
3743744
2222464
2438272
2223872
6323328
3727232
6283648
6228736
4242432
3842432
4463232
2943744
9323264
3222272
7382272
4229632
8372992
2244224
3423488
3429248
3732224
3743232
2224768
4276224
6923392
4239232
8436224
3293824
6793472
4922496
3462272
3332224
9323776
8442368
2632448
4823424
3666944
8223232
8242432
3324672
3468928
8242432
9326336
2223872
2742272
2399232
4923648
3234432
3482368
8247424
3662848
4333824
4239232
9972736
3462272
2226432
2644224
3647232
6322432
3429632
3288832
8323328
2344832
2642432
3732736
2462336
8223744
9336832
2932992
6442624
2794624
7236224
2924672
3247872
4242432
9233664
8263424
2937472
2224384
2734336
6247424
8783744
4927232
7338368
4483328
2224384
4472832
8244224
9364224
8698368
7892992
2264832
2267392
2232448
2268672
2822272
2276224
4422272
2326272
7883392
3277824
6644224
9266944
6299392
4978432
6394368
2338432
2833792
2222336
2233984
3872384
2633472
3236224
4322432
8393728
7647232
7234432
2642688
3237888
2974336
3333632
7832832
9362432
2223232
2428928
9262336
3423232
2677632
6262272
2294272
2483328
4392448
6728832
6264448
6484224
4462464
6338432
4868224
3323648
3732224
6673792
2427776
6243328
2322688
4722432
2398464
2239232
2962432
3737472
2932224
7634432
2249984
4383232
6233344
7278464
2964992
7446272
2623232
8424448
4922624
2244992
2333824
4328832
3783424
9674624
7222272
4447232
2392832
4822784
8227328
7442432
2228224
2783232
2223232
2768384
4427392
6626432
8223232
4932224
9642624
2722432
2296832
2249472
3262848
7238272
3244672
6342272
3262336
7347328
2633728
3322496
2324224
2244864
2722432
6742272
7322368
3278464
3977728
2742272
2428928
2472832
8297344
2446976
4342272
3327744
9723392
8724224
2327424
4822272
2969728
4277632
2738944
2437632
3839232
4833792
8234624
9329792
3628672
3224832
7363968
3289472
7344768
7243264
6447232
3634432
6347392
8293632
9224448
4746496
7423232
9262464
2292224
3774336
2324224
2698624
3484672
3284224
4348672
3234432
9942272
8229632
2836224
6264832
8629248
6267648
6332928
2372736
7223424
3424384
8246272
4293632
4834432
4724224
9492992
4776448
3929344
3428864
3282432
2292224
3332224
4237824
4372224
7776384
2324736
8382336
4379392
2286336
7732224
3943424
2484224
3339392
9663744
2363392
2274432
2334976
2729344
3324672
6242432
4223872
8237824
7228672
6234624
2943232
2742272
2677248
4346368
3426432
2267392
4327424
9726336
2646784
3367424
4423424
2363392
9639424
6898432
2327424
3282432
7794432
2472832
2246272
6483328
3322496
9844224
2664832
6328832
4372224
2226944
2238976
3333632
2268928
3323264
8292224
2943232
3789824
3263232
3249664
2482432
2326272
2874624
2469632
2233472
2467328
3433344
2438272
7932672
6289792
2229632
9934976
3732224
2463232
2473984
3294464
7464832
4247424
2293632
8476928
4433664
6363264
2283392
3284224
6234624
2444672
8222464
3743232
7332224
8447232
2222464
2239232
8647424
3967232
2889344
7723264
3222272
8293248
3327232
2697472
3384832
2233344
3833472
3724672
3227392
2386432
2337792
8442624
4268288
3423232
4223232
6623232
3229696
7622784
2286848
6233728
3786624
6366848
2932224
9492864
7433472
4232448
6248448
2226432
4629376
9839232
2728832
3428224
2427264
8823296
4287232
3337472
3973632
2779392
3262464
6226944
8622336
2232448
3333632
4843392
8863232
3222784
8842624
2223232
4762624
6324224
6872832
3832832
4933632
3332224
7242624
9272448
4822272
3876224
4628224
2644224
3476736
4776448
7833344
7624832
7233664
6649472
3269632
3422976
7263232
3236224
9343232
7962624
3343488
3348224
4626432
4383232
7373824
3623424
7684224
6434432
4326272
6668672
9248384
3327232
4342784
2829824
2884224
6327424
2392832
7273344
4724224
9362432
6924288
6677632
6428288
7823232
8462336
9279232
8273792
3437824
4727424
2943232
7343744
3384832
3943296
2224768
2292224
4267392
8489472
2244864
4232832
4779264
4329472
3243392
3642624
2932224
4237824
2637824
4724224
2322432
2234624
2296832
4244224
2322432
8633344
6222336
3339264
4927232
2698624
3222272
6344448
8494464
8324224
3369472
9663232
8662272
2623232
2422272
6243328
2492928
2223232
4847232
2973824
4372736
7323392
6422272
3284224
2939392
8443392
3634432
6446336
2776832
3722624
2437632
2644224
7222272
9332736
7347328
6382336
8383232
8233984
2244224
2722944
4266496
2223232
9632768
6244224
2426624
4436224
2822272
6226432
3679232
3263232
2326272
2282624
6292736
9262336
2364672
6449664
2239232
4376832
8926336
6322432
4228224
3332224
7333248
3224448
2634496
3222272
7322624
2224384
3239424
6433664
2227328
7226624
3227392
2663424
2862336
7743232
8383232
9323264
2294272
2772224
6223232
3227264
4333824
6623232
9742464
3984384
6373632
2223232
3843328
4222976
9823744
3962624
4487424
2267392
3222272
8334976
8277248
8424832
2372224
2324992
4927232
4748672
2294272
2633344
2293248
2666624
2273664
4249344
2324736
4333696
2246272
8226432
2423296
3647232
8479744
4442624
3329664
2223232
2922624
9224832
2332672
7482624
3342336
2726272
2774272
2723328
2223872
8286464
4844672
8236288
7929472
9237376
3989248
3823232
4242432
9323264
4723328
4822784
8347392
8922624
2423424
7224832
3732224
2382336
6292224
3373824
2683264
8463232
7442944
3846272
2274432
2974464
7383424
4297344
3623424
6492672
7332224
3482624
4334336
2437632
3826432
4223744
2676864
8799232
7322624
3383424
3286272
2722432
4279424
3642496
9972224
4346624
3272448
4224768
4862336
6742272
2372224
6292224
2232832
3844224
3796736
8426624
2339328
4343424
3387264
7326464
4336384
3464832
8623232
2422272
3343232
3228672
4338432
3834624
4223232
2928384
7934336
3823232
2287232
8229632
8224384
7343744
9942272
3647232
3336832
7442432
4227328
2323328
2422784
8239232
2272768
6884224
3927296
2322944
2242432
8322432
3822336
2239232
3843328
9247232
7963392
2223232
3734784
4982272
2823936
2964224
4922624
3476224
9234944
9423872
4847232
9447424
8226432
4324224
7994624
2643328
2223232
3436672
3224832
4244224
2364928
8682496
4223232
7674624
3448832
2247424
6424832
7638272
3327232
6264448
8437248
6349824
2233984
2627328
3383424
7433728
7732224
3282688
2887424
3233792
6343424
8272384
2329344
4726272
9233664
3222784
3272832
2934272
9799424
4277632
2262272
4724224
2732672
9227392
8822272
2222464
3444224
3347328
6746368
4969344
2383872
8327936
4223232
3439488
2447232
7222272
4284672
8276224
8322944
4487424
3443328
2623232
8372224
2242432
3396224
3444992
4262272
4233344
3679232
4724224
6699392
3222272
8282368
4787328
3833344
2842624
8322432
6233728
6742272
4276736
9332864
3222272
3623936
6223232
2226432
3263488
6823424
9236224
8622464
2223232
7337472
9327744
3732224
2332672
3232384
3226624
8773632
4223232
2367232
2244224
3742336
2342272
6343424
3922432
2436864
8432384
3882624
3263232
4339968
7263232
8628224
2978432
4723328
2346624
8433664
2223872
2793728
3433472
8879232
6223232
2923776
2244224
2223872
2222336
8722944
2932224
6238336
8846464
8293888
4932736
6233728
2322432
7497728
3637248
3743232
8729472
8242432
2382336
4282496
9622272
4726784
2224384
2426624
9223424
6623872
7833344
2228992
3322624
4338432
2484224
4626944
2442496
2322432
4443392
2774272
7372288
4722432
7922432
9343872
8934272
2848768
3983232
2633344
3333632
7236864
8264832
4223232
6292736
2873984
2233344
3748224
3934336
4473344
3823232
6292224
8293632
7378944
4623744
4763392
2249472
9924736
6383872
7972224
3437696
4939264
7422336
4282624
2279424
7337344
4222336
3843968
3663232
2228864
2272384
2463872
4382336
3927424
4242432
8284288
7462272
7832832
8263936
3483392
3492224
2924672
8472832
2342272
2223872
6422272
2742272
9372928
3332224
6949632
2934272
4666624
7343232
4287232
2743424
6322944
4262272
7962624
6276224
3264384
2943232
3292928
2626432
3449344
4436224
9622272
3222272
4227328
7496832
2322688
2922624
2243328
7627264
2324224
2639232
2428672
9383936
9977344
3463424
2322432
4372224
8867328
2622336
7239424
2233472
4223232
4244736
9626624
2347392
2238336
2333824
2327424
2378368
4792832
2934784
6422784
8687872
2239232
3847424
2943232
3632384
6367232
4432896
4429824
2324224
3333632
3263232
3234432
6723328
2372224
2733824
4276224
3924736
3234432
4628224
4773248
4382976
7743232
3924224
2923264
4923392
7223296
6332928
2637824
3323776
8662784
7623424
4634624
9268224
3883264
8623232
4326272
2422272
6943232
2626432
3326336
4223872
2399232
2674944
8293376
3428224
7494272
8893824
8276224
2239232
3294336
2622336
6447232
2367232
2374272
3424384
2484736
4236672
2634496
2262272
3343232
7332224
3467264
6964224
3378432
2336384
2233472
4292224
4343296
3964928
4274432
3424768
8238464
2838272
6932224
7822336
3226624
3223424
6276224
2863232
2492672
4487424
6226944
8942336
6436224
2322432
8392832
3262336
2373632
8244992
9832832
2674432
2283648
4443264
2767232
2629632
3247232
4284672
3284736
7746432
4923392
2428672
2442368
2776832
3476224
8232832
4962432
2246272
4923264
8363264
9327232
2733824
9274368
3423232
4222976
2338432
2862848
2433792
4332672
7887232
2388224
3826432
9237248
2682496
4693248
2297984
4223232
2994688
2239872
3486464
2687232
8223232
9846272
4329792
4682368
3862272
3483264
8239232
2447232
8633472
3476224
9263232
7343232
4234624
3422848
3232768
3684224
2747392
2239232
2249344
9247232
4227328
3986944
3924224
6822784
6324992
3222272
6622464
6234496
4842624
3628672
6772736
3942272
6447232
2474368
2372224
4244224
6932224
4233984
2299264
4427776
3237632
2642432
2446464
2423424
3482624
3743232
8463232
4436224
2234624
3694336
2222336
8242944
9333248
3879424
8766336
2228736
3442432
7267328
3823744
8366464
2646272
2227328
3439232
2823424
8442624
2322432
6744832
2846336
6229248
9228928
3227264
4324224
4372224
9222272
2223232
2874496
2244224
6322432
4343424
6223744
2647296
3634432
3282432
3663232
4297472
2292224
2662784
6637824
3362688
9239296
4223232
2223488
2873344
2222336
3726848
6722432
7934336
4323328
7622272
2323328
8239232
8223232
4446464
2387328
4428288
2239744
4322432
2222336
9723648
4436736
4292224
2762496
2833792
2623744
2239232
8276224
8782336
9327232
6242944
3222784
2244224
4372224
7834624
3369728
2472832
2884224
4329344
2223232
3227392
6383232
9224832
6243328
3246848
3846784
7423232
2223232
2367232
4272768
2777344
4322432
3922944
2479744
6323328
3922432
3722624
2633472
6347264
2693376
3332864
6743424
2223232
3322624
2692224
9373696
4432896
2324736
9822848
3826432
6644224
6244224
3377664
8626432
7732864
2724224
6492672
3428736
3462272
9263232
3982464
2324224
6623232
2623232
8444672
3634432
2724864
2322432
3676672
7262464
8328448
2264832
7372928
6943744
4624896
8223232
4663936
8383232
4436224
3327232
3332864
2827264
8837632
7243264
3222272
4348288
2343424
2367488
4364672
2239232
3839232
3222272
4278272
3489792
2966272
4743424
9323264
3327232
4479232
2422272
6836736
9272448
2443264
6222464
6332672
8246272
3223424
3323264
2973824
2233344
2422272
3362432
6326272
4222464
3743872
7224832
2733824
4263296
2226944
3279872
2927872
4322432
4262272
2966272
6846464
2383232
4222336
2696832
7223424
2722432
2923776
3237632
7433984
4342272
4474624
3238784
3492224
3229696
2322432
6222336
3726848
3326848
4234624
2683264
6623232
3489792
2676736
4282624
8722432
3222272
2333824
2297472
9926272
6233344
4886272
3226624
8383232
2223232
2793728
4632448
4427392
6223232
9327232
3292672
6222336
3647232
6322432
6922368
2468224
2324224
4277248
2333696
3633664
3337472
6292224
2327424
3423232
7994624
2364672
2367232
6322432
3223424
9483264
7236224
2364288
2233472
9234432
7327232
2226432
9236224
7399424
4782336
2322432
8229632
4223232
3734272
6226944
3273344
2328832
6286336
3222272
8242432
7327232
8383232
2233472
2249472
3433472
2943232
2223872
9724928
4729344
2843392
3438848
6249728
6386432
6743296
2228224
7226368
2226688
6438272
2239232
9938432
6222336
7927424
4223744
9974272
6242432
6229632
3782272
2222336
2287232
2239232
4383488
6332672
3383296
2729728
2223232
6242432
7433344
7442432
4242432
2932224
3924224
9273344
2923264
8623232
4623872
2277632
4282624
2724992
2234624
6263424
3828224
3363328
2473344
7686272
3286272
8622464
4722432
9627392
2247936
3237376
4862464
2623232
3286784
2964992
9727232
2386432
3348224
2642432
2228224
7423744
3332224
9433344
9347328
2446464
2922368
6322432
4233472
6482432
3382272
3399424
2222336
6222336
6392832
4439296
3242496
3988224
7332864
8674432
2372224
2293248
6426368
3327744
2334336
2377728
2443264
3476736
7493248
6388864
3427328
2428288
3623424
4334336
2223232
2326272
4927232
2393472
2399232
2794624
3342336
6484224
7283328
9279232
6226432
7743232
7343232
2324224
9933824
3339232
7332992
6422272
6373248
7277824
3332224
4342272
4233472
3728768
6337792
7372672
2422272
6933632
3923328
9327232
7922432
2223232
2743424
3967232
3268224
4223744
4479232
2282624
2232832
2246272
2324864
3236224
3823232
2632832
7272832
2932224
6463232
3232768
8282368
2222336
4834432
2329344
3829632
3732224
3334272
6222464
4832384
9447424
6232832
3322624
9222272
9663744
8343936
2283776
3284736
8323328
8427264
9232384
8838272
6342784
6626432
2343936
3374976
3444224
2223232
7434624
7443328
2388224
6647424
2223232
6247936
2932224
4372992
2623232
3244288
2223488
4222336
3226496
3423872
6297472
4479232
2739328
8232448
8434432
3343232
3829632
6733824
2223872
3429632
4223744
3233664
3222272
2322432
9438464
8262272
9882624
3836928
4649472
9742336
7239936
4297472
2466432
2234624
2683392
4447232
4372224
2424832
2233472
4694272
2223232
8383488
2332928
7639424
2634368
6728832
4982272
6326272
4922624
3327232
8326272
3322496
3273472
2844928
6223232
2732288
8773376
2732288
2372992
7226496
2223872
6693632
9422336
2847232
6722432
2644224
2927232
7222272
2834432
3626624
6363392
8338432
9826432
8722944
6622976
7982464
2932736
7223424
7424384
7833344
7462272
4632832
7222272
6692224
2436224
7223296
2642432
2233472
3284224
2234624
3642496
4823424
4866432
3323392
4242432
4332288
7929472
3926272
2422272
3642496
4738688
2774272
2224384
2722432
8248832
8423424
4323328
4923264
9927936
2447872
8234496
3297792
8226944
2263424
3247232
2239232
2322432
2476288
2299264
2374272
2274432
2442368
7623936
4694272
7426432
2944384
9326336
6232448
2222336
2227328
4283392
3233664
2823424
2448896
3393664
6638336
7327232
2223232
2227328
2276224
2374784
4628736
9222272
4863744
4367232
2822272
4383232
3222784
3823232
7428224
4694272
6327936
2883328
3327232
2633728
3622272
3624448
2367232
7922944
9733632
7236224
2387328
4464768
2223232
2937728
3228288
3222784
2783232
9823232
8622336
2229248
2274432
2377472
2878336
4343424
6422272
3664384
2222336
2333824
6943232
2342272
4342272
8724224
6223872
6434432
6884224
6644224
8322432
3222272
2247424
3733632
9223296
9662336
3922432
2236928
4223232
2863232
4242432
4674432
4228224
2726272
4626944
7236224
8423424
6334464
2322944
2277248
2226432
2692224
2287232
7343232
2724224
3222272
6447232
3663488
8239232
3498496
4279296
3449472
2239232
2982272
2292224
7262848
2244736
8372224
2272384
6428672
2832768
3646336
3224832
9674624
6486272
3364224
2234368
3343232
7622272
3422336
6223872
8392832
2293632
2372736
7934464
2263296
3786624
3638272
3828736
2437632
2272384
6783232
6466432
3892224
4263424
4249472
6962432
2222848
6622976
7626624
6346368
4232448
2332672
6934272
2923264
3476224
4724224
3337344
4268928
4443776
3476224
8629248
3426432
2663296
9247232
7222272
3238272
3333632
3749248
2826368
3279232
8222464
4233472
4822272
3223936
9222272
6748672
3224832
3349248
2723328
2996224
8223232
3423232
4462464
4627968
6463872
3723264
2242432
7622272
2646272
4229632
2764672
7382272
4238336
2332288
2932224
2223232
3886848
2847744
7462784
9243264
3343232
3224832
9282432
3332224
6622336
3342976
2479232
6292224
4274432
9272832
4484224
3877632
8282624
3442944
2943232
3332864
6422272
2267392
2484224
3323392
8293632
2232832
2246272
2327296
4423936
9268224
3673344
6448384
4372224
6923264
4933632
4734336
2773632
7223424
8324224
4294272
3422976
2386432
3272448
3228672
3826944
3273728
6324224
4724224
7426432
2324224
2423424
3472384
4739328
4722432
6232832
2364672
3892992
7846272
3336832
8423424
7432448
4739328
9638272
3284224
6223232
4248832
7233792
2623744
4292224
8327424
4224384
2622464
7922432
8446976
2878464
3922944
6294272
2643328
8843264
3322624
3864832
9368448
2983424
3736832
8446336
2462464
8223232
2382336
3633664
3922432
3222272
2437376
7683328
2332928
2932864
6836224
9883264
3423232
4342272
3246336
2443264
2323328
3268224
2437632
3222272
7327232
9266432
2327424
2324224
8772224
7242368
4232448
4633728
3967232
4263296
3373824
2242432
4342272
7846272
4423296
8693632
2447872
6322944
2893824
4322432
3288448
9234432
7937792
3847424
3923328
3269632
4228224
3486336
8923264
3224448
7364224
9862272
2427392
2822272
4364672
2494464
7374336
4323328
9222272
2282624
9343232
6422784
2228224
3234432
2222336
2834432
3429632
7224832
2823296
3222272
7242624
2222464
3222272
6383232
4242432
2423424
2292224
4337664
8923392
4228224
2223232
2263424
4322432
2639232
2436224
7337472
2724224
2729344
2486272
2436224
4443392
4338432
9723392
3732736
3424384
3282432
9247232
7478272
2837632
4424832
3262464
6929664
3887232
3448832
4423424
8422272
3433344
9343488
3289472
3662848
2244224
2383232
8923392
9232384
9237248
2223232
8843392
2424832
4472832
4426496
8243328
8622848
2229632
2327296
3772672
6343424
2267392
9326336
4442624
7242368
2344832
6832896
2863744
4372224
3647232
3983232
3222272
7243264
2674432
2462464
6334464
4262272
4982272
4443392
3234432
3327232
2223232
4249472
4873344
2823296
3272448
3439232
2433664
8972672
3348224
4722944
8482432
4228224
7282432
3722624
2226432
6239232
7282944
2243328
4822272
2422272
3346688
2733696
2793728
2339328
7332224
7222272
2774272
8433792
9298432
2228224
7322624
2262272
2264832
4276224
2322432
2222336
4324736
9223424
4884224
6324224
2362368
3492224
6823424
3222272
2233344
2777344
2762624
9428736
4248832
8447232
8634624
7663232
2236672
2422272
3832832
2324224
4223232
2772224
4228224
2332672
4434432
3348224
2288384
8324224
3964928
3222272
3284992
2642432
3292672
2224384
2347392
2336896
6222464
3423232
4227328
8244736
2667264
9222784
7333632
4263424
4339328
2398336
9622272
2264832
6244224
3678464
6328448
2638336
7243264
8378624
2296832
6962432
6423936
3439744
6223232
8836224
6424832
2223232
9262464
2822272
7263232
4327424
3833984
2463744
4982272
2379264
8342272
3642624
8322432
3332224
2722432
2326272
8647424
4374272
6622848
2644224
2444288
2423424
4422272
2284672
7322624
3282432
4292224
3429248
4824448
7426432
2372224
2442496
2274432
4986624
8884224
3647232
6238464
3337344
4473344
2276224
4963328
7734272
8292992
4822272
6326272
3332224
2424448
2367232
3337984
2643328
8833664
2244224
8432384
3732736
2223232
6223232
4228224
2442368
3724288
2737664
6226432
2324224
7278336
2479232
2822272
4627968
4962432
2262784
7442432
2223744
2244736
3333632
4224768
3234432
2642432
8447232
6843392
2322432
7236224
6247424
7263232
9837824
8327424
2847232
4493824
2249728
3322624
2446336
3282432
2223232
3263232
4239232
4923648
8422272
2223872
3463424
3237248
2373632
2738944
2642432
6742784
2363264
9493632
3363328
2227328
9926272
9246336
6366464
2223232
6827648
2244736
2242688
6324224
3342464
2323328
3322624
7368448
2239232
6942336
4329472
2222848
6942336
3422336
3327744
2233472
4437248
2682624
3268224
6922624
2836224
2667264
9238272
9362944
2322432
2638336
3926272
2223232
3332992
8326272
2447232
2742272
4473728
9432832
4622336
2446336
4923392
6827392
7284224
6283264
2633984
7622272
2372224
2243328
3364224
3396224
4773632
2286336
3973632
6342272
2239232
6463232
4943232
4223232
2242432
6292736
3723264
4772224
7423232
4374272
6472448
8327424
4263424
6939648
8387328
2773632
2742272
3222272
6422272
6744832
7444224
4292224
2932992
4732672
2244224
2372224
3492224
4282368
2223744
3222272
8664832
6223232
2628224
8723328
2239232
2866432
2484224
7323392
4424832
4388224
3487232
3228288
6333824
4442368
2232832
4324992
4724992
3426432
9727232
3484672
2224768
2622336
2342272
2384384
3847424
2234368
2383488
9343488
6244864
8722432
3334272
2233728
2422272
2343936
4278272
4932224
4427392
6294272
7343232
2628224
7333248
7363328
4737792
2773632
6484736
9647232
2426368
4792832
3327232
7748864
8436224
4293632
2442496
9929472
4232832
2262272
2224384
2233472
2243328
6988672
2872832
6767232
3742336
6283392
2378496
3332224
7284224
4438272
9842432
2629376
2226432
4249344
3237632
2832384
3279232
3623936
2228224
3322496
9323264
9244672
2374272
3428224
3263232
2632448
4223232
4239232
2322432
2673664
4783232
4644864
9277824
3486336
6372224
2244864
2223232
3232768
3884288
3222272
6222848
4229632
2362624
7322624
2287744
4442624
2226432
3432448
3842688
3839232
2232832
2662272
4343424
4693248
2292992
3423232
3343232
2674944
3479296
6239232
2722432
9743232
6792832
2747392
2842624
6662272
2334336
3927424
4237696
2239232
6726272
9279744
9343232
3263232
2294272
3972224
4344448
6436224
4863232
3234432
8473344
8742272
7636224
3222272
4242432
3222272
3273728
6422272
6324224
6772224
2324224
3222784
2842624
6439424
2739328
3423744
2334464
2692224
2388224
6343424
8283392
2322432
6322432
3284224
2623232
3272832
9332224
3828224
2773248
3262464
7243776
9844224
2223232
4327424
6223232
4622336
3282432
8823424
2373632
2422272
3422976
2232832
6222848
3338624
3234432
9228928
9323648
3476224
3273344
6926464
4687232
2429696
7429376
2442624
2324992
2386944
2874624
2234624
8944384
4333824
4927232
3294848
2623232
3324928
9284224
6724224
9223424
2373632
2832384
4393728
3327232
2347264
3438464
6379264
2327424
2242432
4434432
2438272
4332288
8466432
3362432
4232448
3823872
2328448
9622272
2926336
2222336
2322944
2742272
3348224
2224896
3237632
4423424
2393344
2222336
3423744
2324736
8443392
2628736
3939328
4722432
6263296
2292224
4932224
2292224
2343424
7828224
2372224
6222464
3227648
2886272
8829824
8326272
2322432
3783424
7234432
9234432
2422272
7332992
7228928
2233344
7323264
6242944
3327232
7224448
4622464
6324224
6782464
4487424
4722432
2242432
4474624
2264832
7474432
7342336
2372224
2932992
9247232
9429248
2447232
6372224
3324992
3638784
2422784
4763264
3924224
3348224
4783232
2732288
8762368
2676992
3473664
4468992
2223744
2466432
6694272
6343424
2373248
2229248
8283392
2436224
4343936
4233344
8443392
6332672
2222336
2347264
2422272
4839296
2642432
2232832
2232448
2242432
3663232
4823296
4264448
2836224
3766272
3827968
7282432
3694848
4843392
3242496
9286272
3844224
4367872
8743424
2623232
2343424
7226624
8223232
9742336
8324224
4322432
2469248
3279232
7743232
3222272
7263232
2627328
2423424
4272384
6343424
2627328
6926336
2863872
3938432
6623232
6437632
3263232
2388224
2222336
2623232
3222272
3337472
2732928
3722496
2662272
4383232
2943744
2242432
2437248
2489344
2262272
8244224
9433472
8843264
8342272
6323328
4228224
3637632
4467328
7833344
2292736
3434624
2926336
2273792
2232832
7237248
8922368
9322624
4423424
6442624
3284736
8822272
4783232
2399232
2322432
2634368
2322432
3423232
2232448
2363392
3772288
2933248
6388992
2372992
8246272
4228224
3999232
6228992
4332928
3284736
2423424
8222464
2722432
4247296
7234432
7646336
3244672
3384832
4322432
7273984
7622272
2382464
2232832
8923264
2326272
7262336
3926272
2996224
2242432
4322432
2484224
8296832
2399232
7342336
2247424
6324736
3364224
6382336
3882624
3246336
3232384
3439744
6292736
2388224
4223232
3796224
2223232
6232832
6432384
3828224
4943232
6629632
4329344
6432384
6222336
3286784
2822272
2239872
4373248
2623232
3343232
2339328
2324224
8223232
4332672
6943744
3823232
3922432
7274496
2346624
3373824
2923264
2422272
3327232
6463232
3282432
2733824
7227392
6383872
4763392
2267392
4462336
2226432
6332672
3327872
2228224
2373248
2229632
4334336
2882432
3272448
8223872
8633344
3723392
8329728
8346496
3323264
4323328
4373632
2246272
4232448
4282624
2887424
3382272
3797632
2238464
4683392
6846464
2443264
6647424
3286272
3823232
2848384
3232384
2469632
3243264
2324224
4244224
3432448
2223232
9822464
2239232
9427328
3436928
2969344
3387264
2623488
6223232
4943232
4246272
3273344
3843328
8623744
9634432
4269824
2724736
7344384
2443776
3322624
6463232
9636224
2262784
3727232
3228928
4934272
6243328
3242496
3444992
4492672
3236224
8277248
2343424
9223424
2324864
2236928
6239232
2422272
2223232
4322432
2438784
3247232
2642432
2292736
2226432
2383232
7426432
3493632
3284736
3723264
3293824
4482432
3248384
9924864
3278464
4262272
2274432
3432832
3794432
2322432
8884224
2932224
3634432
8823936
2398464
3762432
4442624
3222272
2672896
2623232
2322432
4232448
3638272
6278272
2234624
8222336
3727232
2623232
2822272
2664832
3682432
4372224
2222336
8296832
2223232
2393472
6382336
4932224
3363328
2696832
4322432
3282432
2724224
2393728
4426624
7437824
3346432
3343232
7722368
6844672
2442624
4422272
2222464
3232384
3433472
3222272
2239232
3472384
7423232
6982272
3444736
2446336
4623232
2642432
3273472
7282432
2492672
2392832
2432384
2322432
3426944
2286976
2467328
2623232
3263232
3236224
2633344
3274368
2229632
2243328
6463232
6728832
2376832
4737664
3264384
4272896
3333376
3369984
2326272
7226368
3274624
2937344
2424832
4248832
8436224
2322432
3828224
2236672
2623232
3766784
2422272
7243648
2324224
6437632
7832832
4276224
4484224
9663232
2224896
6666624
2234624
7736832
4479232
2223232
2292992
3423744
2722432
3222272
3732224
3284224
3862272
2324736
8333824
7332224
3243264
2724224
2226432
4827392
2333696
3423232
2329344
3343232
3372288
2322432
3342848
6742272
2673664
4666368
3463424
8228864
9423232
2223872
2842624
4428672
4342272
4223744
6448384
2272896
2284672
7238272
6373376
3627264
2324224
2292224
4324224
3626496
8382464
4639232
4672384
3333632
3963264
8633472
2269824
4223232
3862272
2324736
2249344
3463424
3622272
9243264
6393344
6342272
8222336
8423424
2632832
4293632
7329792
2233472
4632448
3423232
2476672
2268928
3627264
3423744
4347392
2623232
4722432
7324672
2292224
2964224
4232448
2633472
2343424
3662336
4824832
4227328
8632832
7824384
2343296
4242432
3332224
2623232
4244224
6422272
4423424
6334464
3349632
3228928
7442432
4228224
3373824
4638336
2874624
7722624
3447296
4294272
8722432
4223232
3476224
2463232
3323648
3444992
6228224
6766336
2727424
4679424
6222976
3244288
8226432
9474432
9433728
8363264
2992768
3374464
2287232
3227264
2324224
2373632
8242432
3244672
2262272
7342464
4943232
4287232
8743424
3342464
4232832
3423488
2343424
7732224
9224832
6233472
7239936
3236992
8272384
3332224
2263424
2488832
3222272
2242688
4222464
7483392
2244864
3423744
4366336
7273472
4223232
4222336
8236672
2726272
8229632
3382272
6463232
6327424
7333248
2234624
3377664
8474624
2233472
8823296
3642624
7766272
7492224
2248832
6642432
2324224
6344448
4743424
2996224
2222336
4382336
4273792
3323392
2468224
9266432
4248832
6262272
3867392
3682432
2347264
4722432
2223232
9432832
9722624
3287424
6463232
2692224
8724224
3423232
7467264
3636224
6723328
3282432
4244224
2223232
4824832
6342272
3732224
4939264
3362432
3344384
2978432
4732672
2623232
4278272
2472832
4233344
8342272
7327232
3323392
9426432
2232832
3223936
4223232
6362496
3322368
2426496
4223232
2843392
2362624
2233472
9263232
6638336
3442432
2746624
2743424
8223232
6622464
2233344
2636928
2333824
4933376
3274496
3732736
4342272
3263232
2442624
9423232
4623232
6266624
7422336
3423232
4223232
4334336
4727424
3847424
2847232
6642432
2667648
6229248
2894464
2222336
4623744
7623296
4767232
6332672
2267392
7823872
8622336
2293376
2233344
3324928
4342272
2326784
2323328
2734336
8239232
6232832
3622272
8274432
2423424
2827264
6692736
2838272
3349632
4443264
3637632
7284224
6226432
2222336
4422272
3493888
4268672
2239232
3227392
2422272
3263488
3223424
7723264
3922944
2432896
3226368
3296896
7282432
6424832
3768448
2329344
3444224
4383232
4937728
4922624
4283392
2622336
8883328
3622272
7346432
3329664
9326464
9242368
4278272
2233472
3242624
3222784
8263424
2623744
3349248
2332928
2836224
6429824
3666432
2324224
2223872
7332864
2242432
2732672
6226432
2248832
3839232
6772736
6383232
4227328
2292224
4628224
2222336
3323392
2333824
8662272
2436736
4436992
3972224
3339264
2334336
9433472
3636224
7332224
3768448
6842624
4473344
7322624
7623936
2862848
2443776
2723328
7343232
3794432
8783232
9374336
3862272
2222336
2733824
4642944
7764224
4238336
6772992
2742272
3892224
4786432
4763264
3982464
2223232
9977344
7243392
4772224
6644224
9822336
2228224
4439424
8822272
9224832
9279232
4293632
8333824
6228736
3733248
7972224
7282432
2222336
2233344
2943232
6362624
4468224
3332224
2446336
3247232
2262272
3234432
9887232
3743232
2263424
4247296
3362432
4362496
7227392
2226432
2442496
2622464
7862272
4683264
2242432
4226432
4422272
2242432
3247232
2324224
7223424
2489472
2682368
8322432
3234432
7223296
4443392
8223232
6247424
9327232
4362624
4287232
2287232
7442944
2674944
8223232
6267648
7666432
2247424
4223232
2246272
8792832
2884224
3743872
7934464
6244224
9394432
4322944
8924928
6224384
6242432
4423424
7234432
3432448
3242496
3644672
2422272
7433472
2223232
2722432
3263232
2239232
2724224
9236224
9423232
3223296
4237824
4322432
3284224
2623232
4423424
2422272
4374272
7623424
3263232
9273344
8436224
2629632
4422272
4333824
2822272
2639232
3442944
2332288
2223872
2638336
2447232
4743424
4682624
2239232
7438336
4342272
7324928
2473472
3222272
3266432
9862272
3672832
2243328
2724224
3922432
3263232
2439424
2786432
7662336
8422272
8366336
4224768
6233344
2349824
2473472
6232832
6228224
8424832
2262272
3623424
6223232
3263232
6242432
2623232
4424448
2227328
4222336
6343296
3832832
9872768
6664832
2427392
3238272
3367424
4372224
6629632
3223296
4233984
3223936
7228672
9327232
4222464
7479424
3423872
3362432
