
474346496
979282432
343934976
243262464
733748224
882383872
744986624
236434432
767463424
663732224
936247296
322343424
672483328
427249664
843743232
373496832
622328832
482292224
248692224
293727232
823934464
778832384
767222272
783336448
446222336
462482432
662774784
367689728
927263232
429993472
732363264
238862336
464334336
323922432
332434432
637672448
433929728
264224768
479263232
279442432
328244224
427423232
833272832
638262272
622879232
738422784
229622272
336466432
394723328
432274432
674228224
284263424
327222272
773343232
262823424
267327488
964383232
246462976
879733248
244622336
864699392
272268288
623378432
726729728
667342336
424633344
248246272
274793472
927734272
236684288
623822336
442636288
234463232
934943232
242268672
332263424
232246272
423263232
323644928
238243328
234783232
226642432
462324224
632287232
492222464
464223232
423634432
432487424
432334336
243423232
234422272
237492224
242363392
222228992
743222272
223927296
344396288
347666432
243433472
496423424
439732224
922847232
327222272
334324736
283623424
462972928
376372224
849673728
473274368
236239872
347423232
493736448
223372288
696248832
843922432
734633472
327436288
696948224
482382848
683292672
922322432
324242432
672999424
483963392
428622336
373687296
228342272
249342976
328722432
268222976
397627392
962422272
733237248
339337728
722322432
834424832
363277824
224336384
244429824
622687232
294324224
298232832
262283264
343463424
227923968
786484224
673487872
362836992
344244224
739423232
289682432
672223232
493323264
273332224
244323328
474299392
382879232
223826432
432223232
222332928
372236288
632379392
323226624
374334464
272423424
342324224
732432384
327422976
336927232
762834432
927222272
268233728
842228224
674322432
232333824
333338624
333279232
336696832
272223744
943636992
332982272
232733696
742223872
742439424
327692288
929383424
337332224
242322432
274842624
832244224
262247424
286623232
229942272
224372224
362266624
223327232
332727296
674344448
773727232
232372224
362473472
322232832
429482496
662243328
633234432
843834368
423333888
823246336
423337472
237663232
728333824
377242624
222226432
344476672
377239936
764243968
497844224
442339328
222349824
327627264
224272384
223222784
422226944
438324224
823272448
483474432
274622976
334328832
244677632
278392832
932363264
744283648
228622336
299432448
248244224
683674624
248393728
622222336
238947328
423222272
622627328
424927232
772344832
337337344
242444288
274343424
273228288
322962432
222392832
673336832
473234432
924468224
298962944
722322944
844327424
233242624
429663232
726326272
442642432
628828672
727273472
438692864
264824832
836622336
947344384
223263232
922932224
978872832
424927232
422243328
622364672
269496832
427467776
224333824
229722624
462863872
222226944
774923264
392223232
222239232
296244224
234723328
223222272
846482432
924726272
347324928
264282624
822923264
493223424
434396672
433293824
962683392
948729344
226876928
232999936
624233472
247779328
378266624
334624768
637842432
336722944
824228864
234343424
974332928
237236224
466422272
339679232
727267328
832827392
332473344
836242432
674939392
349724672
297424384
923342336
772323328
223732224
423634432
274292224
233334272
429364224
332263424
336823296
694362624
243738624
239826432
343483392
426386944
328763392
642962432
823243776
232986624
832223232
493663232
748622336
422738432
422943232
932383232
323646976
249332224
746437632
273334272
266322432
743867392
349238272
323994624
892429824
276623872
437864448
992233472
826747392
223284224
266332672
727322624
383222784
282678272
272223232
264927232
243639296
832822272
344976384
428236288
372662272
263926272
432374272
222623232
936374272
233462272
247243776
864292864
278623232
976732672
723829248
223348224
422239232
323924992
678326272
322424832
222369792
646674432
232479232
828762624
283643392
668276224
332982272
392844288
622392832
722324992
428726272
624632832
243423232
223737344
432223232
974223872
323397632
347277824
283892224
237364224
239222272
992246272
222222336
329242624
942624768
244472832
626322432
647924224
747666432
693748224
463796224
378323968
333243392
333429248
366644224
226428928
244342272
732639232
224948224
333263872
642343424
382623232
873334272
333837824
234422272
878324224
872442368
633293824
433247232
268922368
692677632
327732224
862283776
268447232
664374272
332242432
427623424
932427264
434422272
623222272
224782336
234232832
922322944
284662272
242332672
422292992
632246272
323333632
233448448
437947392
448438272
729332736
242384384
672436224
436724736
449887232
362437632
376372224
762294272
232246784
228242432
862428672
782332928
336628224
284327936
234233344
822776832
488223232
292729344
324643328
299292672
762424832
779282432
232377344
737332224
376246272
692283392
222772224
226949632
296722432
337332224
323232768
338932736
294283264
263783424
394272768
268493824
426443776
632282624
242868224
462476288
632246784
329289728
329823232
723282432
232722432
626678784
277433344
366226432
642638848
623337472
392223232
648233984
363444224
426788864
228432896
973622272
228639232
242424832
462623232
232629248
242446336
427493376
496228864
332343296
263222272
273332224
829263872
243423232
233974784
462462464
732643328
622222336
222738432
732242944
624223232
237364224
349287424
246249984
226322432
793247744
332622336
322277376
732263424
292937728
887327232
224479232
936743424
367429632
427469824
963382272
242932224
264927232
634444288
222222336
228793344
239323648
322422272
933624832
922642432
487273472
283726336
324776448
223373824
322294784
237787648
623284224
329332224
673993728
943783424
472722432
823222272
239824384
229942272
388622336
622267392
394787328
923397632
964728832
984822272
832924672
833422336
362422272
464267264
249979392
242684928
328692736
726674432
926222336
323423232
334478336
476639232
483724288
293362688
233242624
374774272
223263232
674832384
323932672
232244224
283249664
326994944
266293248
436634624
223378432
949223424
698446848
337342464
272229376
427423744
472464384
294367232
263263232
229494272
222236672
444434944
872374272
932794368
427472896
283333632
477432832
243743744
772222464
232438272
342223872
676323328
933727232
336283648
626228736
244242432
973842432
794463232
222943744
229323264
423222272
947382272
964229632
228372992
272244224
263423488
773429248
263732224
443743232
232224768
724276224
996923392
694239232
848436224
433293824
226793472
274922496
433462272
673332224
629323776
928442368
422632448
334823424
243666944
848223232
228242432
663324672
633468928
228242432
429326336
982223872
322742272
722399232
824923648
433234432
263482368
238247424
363662848
424333824
374239232
329972736
833462272
422226432
222644224
343647232
786322432
663429632
343288832
228323328
732344832
842642432
223732736
992462336
288223744
889336832
342932992
396442624
232794624
677236224
232924672
423247872
324242432
229233664
268263424
832937472
822224384
622734336
326247424
938783744
624927232
337338368
384483328
222224384
244472832
928244224
269364224
328698368
247892992
662264832
222267392
992232448
442268672
432822272
292276224
234422272
422326272
837883392
323277824
326644224
829266944
226299392
424978432
326394368
832338432
292833792
862222336
392233984
433872384
822633472
333236224
434322432
888393728
327647232
337234432
262642688
483237888
962974336
223333632
227832832
329362432
232223232
722428928
229262336
763423232
272677632
246262272
762294272
232483328
764392448
436728832
636264448
826484224
734462464
936338432
274868224
263323648
223732224
336673792
332427776
326243328
422322688
264722432
262398464
222239232
442962432
373737472
722932224
287634432
622249984
444383232
786233344
737278464
922964992
467446272
222623232
248424448
224922624
332244992
232333824
734328832
223783424
939674624
247222272
324447232
222392832
344822784
848227328
927442432
722228224
722783232
232223232
442768384
474427392
436626432
848223232
274932224
239642624
632722432
242296832
222249472
333262848
397238272
633244672
476342272
773262336
837347328
362633728
473322496
822324224
462244864
232722432
226742272
267322368
233278464
243977728
242742272
882428928
332472832
938297344
432446976
844342272
943327744
249723392
668724224
772327424
224822272
632969728
294277632
222738944
322437632
463839232
364833792
398234624
239329792
233628672
623224832
297363968
733289472
237344768
727243264
236447232
223634432
276347392
468293632
429224448
224746496
427423232
379262464
282292224
373774336
262324224
732698624
643484672
223284224
824348672
433234432
389942272
228229632
422836224
886264832
328629248
826267648
326332928
432372736
277223424
433424384
248246272
644293632
634834432
644724224
329492992
244776448
343929344
923428864
363282432
842292224
433332224
444237824
224372224
277776384
742324736
378382336
424379392
782286336
247732224
723943424
242484224
273339392
389663744
842363392
832274432
262334976
332729344
423324672
676242432
294223872
948237824
227228672
366234624
342943232
322742272
322677248
364346368
833426432
462267392
324327424
339726336
222646784
363367424
744423424
442363392
329639424
266898432
372327424
243282432
347794432
292472832
232246272
336483328
233322496
289844224
332664832
246328832
424372224
742226944
282238976
763333632
742268928
493323264
778292224
262943232
323789824
223263232
643249664
262482432
742326272
462874624
782469632
832233472
722467328
333433344
432438272
467932672
336289792
292229632
239934976
423732224
722463232
242473984
263294464
337464832
294247424
772293632
228476928
424433664
436363264
492283392
943284224
726234624
332444672
428222464
323743232
737332224
468447232
292222464
262239232
988647424
223967232
232889344
627723264
623222272
338293248
223327232
782697472
243384832
242233344
673833472
333724672
263227392
442386432
442337792
428442624
424268288
443423232
264223232
726623232
843229696
437622784
342286848
436233728
293786624
236366848
922932224
339492864
227433472
624232448
326248448
622226432
334629376
239839232
332728832
333428224
492427264
368823296
824287232
223337472
323973632
622779392
363262464
926226944
228622336
992232448
843333632
334843392
248863232
223222784
338842624
632223232
924762624
886324224
466872832
283832832
324933632
273332224
737242624
279272448
424822272
333876224
224628224
462644224
223476736
364776448
427833344
437624832
677233664
236649472
723269632
263422976
327263232
293236224
469343232
367962624
273343488
263348224
724626432
284383232
327373824
643623424
237684224
876434432
294326272
736668672
439248384
783327232
244342784
922829824
432884224
276327424
222392832
377273344
484724224
249362432
246924288
836677632
236428288
937823232
848462336
949279232
298273792
223437824
274727424
862943232
477343744
843384832
293943296
232224768
922292224
734267392
248489472
342244864
274232832
864779264
364329472
333243392
223642624
322932224
924237824
882637824
324724224
922322432
222234624
642296832
224244224
882322432
648633344
246222336
283339264
744927232
332698624
263222272
426344448
738494464
438324224
323369472
629663232
228662272
382623232
762422272
326243328
642492928
992223232
234847232
832973824
864372736
347323392
426422272
743284224
642939392
248443392
223634432
826446336
822776832
333722624
322437632
422644224
647222272
249332736
637347328
386382336
628383232
248233984
472244224
632722944
284266496
232223232
249632768
336244224
222426624
224436224
272822272
326226432
323679232
423263232
462326272
632282624
226292736
229262336
222364672
286449664
222239232
624376832
638926336
386322432
434228224
233332224
497333248
293224448
222634496
743222272
447322624
662224384
243239424
376433664
432227328
267226624
623227392
642663424
222862336
387743232
428383232
429323264
322294272
622772224
336223232
393227264
224333824
246623232
679742464
643984384
226373632
632223232
623843328
324222976
769823744
343962624
264487424
222267392
423222272
238334976
228277248
338424832
432372224
242324992
424927232
734748672
322294272
232633344
922293248
872666624
732273664
224249344
222324736
634333696
792246272
438226432
962423296
263647232
448479744
684442624
833329664
432223232
432922624
639224832
322332672
427482624
683342336
492726272
262774272
282723328
222223872
228286464
394844672
228236288
637929472
299237376
423989248
633823232
324242432
349323264
874723328
664822784
228347392
448922624
232423424
247224832
263732224
442382336
226292224
263373824
332683264
298463232
367442944
793846272
232274432
422974464
337383424
474297344
243623424
246492672
337332224
283482624
224334336
322437632
743826432
344223744
832676864
248799232
327322624
233383424
223286272
632722432
474279424
233642496
449972224
424346624
223272448
344224768
934862336
226742272
272372224
266292224
322232832
873844224
343796736
278426624
362339328
234343424
333387264
227326464
224336384
633464832
438623232
682422272
693343232
323228672
744338432
383834624
784223232
462928384
497934336
633823232
632287232
748229632
238224384
637343744
749942272
263647232
393336832
327442432
464227328
492323328
282422784
238239232
442272768
336884224
223927296
922322944
292242432
778322432
263822336
982239232
223843328
329247232
327963392
432223232
423734784
444982272
822823936
982964224
344922624
423476224
929234944
729423872
394847232
249447424
438226432
294324224
227994624
492643328
272223232
273436672
743224832
424244224
282364928
328682496
224223232
467674624
923448832
822247424
226424832
227638272
343327232
396264448
248437248
326349824
872233984
422627328
833383424
927433728
247732224
223282688
262887424
723233792
426343424
448272384
382329344
644726272
229233664
383222784
273272832
242934272
229799424
934277632
462262272
364724224
472732672
679227392
328822272
932222464
323444224
373347328
666746368
774969344
722383872
948327936
824223232
933439488
932447232
327222272
224284672
268276224
778322944
224487424
873443328
942623232
248372224
332242432
473396224
223444992
374262272
434233344
973679232
324724224
776699392
343222272
348282368
994787328
923833344
322842624
338322432
796233728
426742272
924276736
279332864
463222272
443623936
296223232
982226432
443263488
326823424
629236224
498622464
432223232
247337472
239327744
423732224
322332672
633232384
483226624
328773632
224223232
822367232
232244224
233742336
332342272
466343424
843922432
462436864
228432384
233882624
423263232
224339968
327263232
728628224
232978432
234723328
232346624
848433664
342223872
222793728
323433472
238879232
336223232
222923776
232244224
862223872
262222336
368722944
362932224
836238336
238846464
928293888
994932736
836233728
242322432
727497728
963637248
883743232
298729472
228242432
922382336
234282496
429622272
324726784
222224384
222426624
469223424
636623872
227833344
342228992
743322624
424338432
722484224
684626944
822442496
482322432
464443392
622774272
847372288
224722432
267922432
699343872
338934272
242848768
373983232
432633344
283333632
227236864
838264832
424223232
226292736
232873984
282233344
733748224
233934336
284473344
273823232
626292224
668293632
327378944
334623744
224763392
222249472
439924736
226383872
337972224
433437696
844939264
337422336
224282624
322279424
337337344
494222336
293843968
373663232
272228864
272272384
472463872
234382336
293927424
324242432
838284288
297462272
347832832
828263936
223483392
933492224
632924672
228472832
332342272
262223872
946422272
242742272
429372928
433332224
746949632
242934272
224666624
237343232
984287232
272743424
226322944
494262272
247962624
276276224
933264384
222943232
223292928
372626432
243449344
464436224
389622272
743222272
224227328
837496832
662322688
872922624
982243328
447627264
262324224
372639232
462428672
729383936
249977344
223463424
722322432
224372224
328867328
492622336
347239424
232233472
384223232
624244736
449626624
972347392
892238336
432333824
772327424
472378368
684792832
322934784
226422784
628687872
342239232
383847424
222943232
263632384
326367232
324432896
244429824
622324224
243333632
463263232
833234432
426723328
632372224
622733824
244276224
423924736
633234432
224628224
734773248
424382976
267743232
223924224
382923264
244923392
647223296
246332928
722637824
493323776
948662784
427623424
244634624
849268224
623883264
278623232
334326272
922422272
446943232
492626432
733326336
334223872
442399232
222674944
928293376
373428224
437494272
338893824
948276224
422239232
433294336
372622336
436447232
782367232
232374272
273424384
882484736
974236672
262634496
462262272
293343232
337332224
243467264
246964224
223378432
232336384
732233472
434292224
644343296
443964928
424274432
683424768
338238464
662838272
946932224
327822336
323226624
493223424
836276224
232863232
222492672
384487424
246226944
428942336
936436224
482322432
438392832
493262336
242373632
948244992
739832832
262674432
632283648
634443264
492767232
642629632
673247232
624284672
423284736
937746432
444923392
422428672
432442368
422776832
423476224
938232832
674962432
232246272
694923264
428363264
239327232
662733824
929274368
923423232
644222976
232338432
622862848
342433792
274332672
297887232
222388224
423826432
349237248
792682496
224693248
272297984
264223232
642994688
772239872
223486464
262687232
288223232
289846272
344329792
834682368
263862272
633483264
678239232
292447232
438633472
343476224
279263232
437343232
734234624
993422848
483232768
333684224
922747392
622239232
432249344
329247232
384227328
283986944
943924224
336822784
226324992
663222272
226622464
496234496
234842624
793628672
326772736
373942272
476447232
372474368
792372224
664244224
346932224
224233984
332299264
364427776
423237632
322642432
672446464
232423424
723482624
363743232
298463232
264436224
862234624
343694336
742222336
388242944
369333248
443879424
378766336
722228736
263442432
247267328
833823744
338366464
262646272
632227328
473439232
222823424
748442624
682322432
426744832
392846336
386229248
439228928
273227264
334324224
624372224
839222272
472223232
232874496
872244224
226322432
234343424
936223744
342647296
823634432
763282432
333663232
424297472
882292224
492662784
626637824
773362688
229239296
264223232
332223488
482873344
342222336
843726848
936722432
897934336
724323328
277622272
372323328
278239232
248223232
424446464
732387328
724428288
622239744
994322432
742222336
829723648
624436736
474292224
822762496
772833792
942623744
422239232
428276224
368782336
239327232
236242944
423222784
272244224
264372224
727834624
423369728
492472832
232884224
734329344
232223232
423227392
876383232
399224832
326243328
223246848
433846784
947423232
832223232
422367232
234272768
222777344
434322432
323922944
232479744
836323328
963922432
973722624
782633472
366347264
622693376
983332864
776743424
432223232
343322624
632692224
329373696
324432896
942324736
239822848
823826432
246644224
976244224
963377664
228626432
237732864
372724224
366492672
733428736
673462272
439263232
673982464
222324224
486623232
222623232
228444672
223634432
322724864
322322432
923676672
267262464
428328448
822264832
277372928
246943744
364624896
328223232
634663936
428383232
944436224
463327232
223332864
362827264
288837632
687243264
983222272
734348288
362343424
442367488
734364672
422239232
343839232
223222272
924278272
243489792
222966272
424743424
269323264
423327232
824479232
922422272
246836736
679272448
242443264
476222464
226332672
248246272
733223424
893323264
832973824
922233344
922422272
273362432
326326272
844222464
273743872
727224832
622733824
334263296
262226944
283279872
222927872
234322432
334262272
662966272
246846464
732383232
974222336
632696832
677223424
672722432
622923776
623237632
627433984
324342272
744474624
333238784
893492224
883229696
322322432
846222336
923726848
773326848
734234624
492683264
646623232
323489792
242676736
344282624
488722432
663222272
792333824
432297472
239926272
266233344
824886272
723226624
828383232
432223232
422793728
974632448
234427392
376223232
479327232
923292672
286222336
423647232
226322432
436922368
892468224
462324224
644277248
962333696
323633664
223337472
426292224
292327424
723423232
227994624
222364672
342367232
386322432
373223424
249483264
477236224
692364288
232233472
729234432
927327232
262226432
349236224
687399424
224782336
242322432
668229632
624223232
423734272
886226944
393273344
422328832
246286336
343222272
348242432
327327232
348383232
832233472
422249472
323433472
622943232
822223872
449724928
484729344
942843392
343438848
666249728
426386432
226743296
322228224
487226368
322226688
336438272
262239232
849938432
366222336
237927424
824223744
369974272
676242432
276229632
633782272
222222336
632287232
342239232
224383488
746332672
323383296
422729728
232223232
676242432
477433344
327442432
324242432
322932224
223924224
969273344
422923264
438623232
244623872
742277632
224282624
232724992
222234624
396263424
243828224
363363328
932473344
437686272
383286272
938622464
224722432
469627392
222247936
323237376
844862464
262623232
263286784
322964992
349727232
442386432
823348224
882642432
962228224
227423744
273332224
229433344
629347328
472446464
332922368
226322432
224233472
646482432
363382272
263399424
222222336
846222336
486392832
224439296
363242496
223988224
287332864
278674432
432372224
242293248
426426368
423327744
672334336
322377728
442443264
223476736
437493248
996388864
243427328
332428288
323623424
224334336
272223232
742326272
224927232
932393472
642399232
432794624
843342336
226484224
277283328
429279232
686226432
327743232
397343232
222324224
329933824
323339232
237332992
866422272
296373248
227277824
233332224
324342272
944233472
733728768
866337792
737372672
362422272
236933632
293923328
479327232
427922432
272223232
272743424
463967232
273268224
824223744
224479232
272282624
242232832
432246272
332324864
333236224
473823232
432632832
377272832
282932224
826463232
323232768
668282368
222222336
274834432
222329344
333829632
863732224
273334272
436222464
474832384
249447424
266232832
423322624
399222272
229663744
378343936
222283776
423284736
868323328
228427264
969232384
678838272
476342784
236626432
242343936
933374976
323444224
992223232
737434624
337443328
782388224
236647424
672223232
646247936
242932224
924372992
622623232
343244288
332223488
734222336
333226496
233423872
336297472
344479232
792739328
328232448
988434432
333343232
773829632
366733824
462223872
783429632
664223744
893233664
463222272
362322432
869438464
398262272
249882624
923836928
844649472
489742336
387239936
344297472
272466432
622234624
282683392
644447232
424372224
242424832
432233472
384694272
432223232
328383488
222332928
337639424
232634368
436728832
844982272
326326272
864922624
263327232
238326272
833322496
263273472
342844928
336223232
222732288
428773376
622732288
972372992
277226496
822223872
946693632
369422336
362847232
776722432
342644224
232927232
447222272
322834432
233626624
466363392
888338432
439826432
288722944
426622976
337982464
322932736
437223424
737424384
467833344
297462272
464632832
247222272
336692224
232436224
847223296
322642432
632233472
223284224
222234624
833642496
294823424
334866432
723323392
324242432
424332288
277929472
423926272
482422272
273642496
434738688
622774272
622224384
632722432
728248832
728423424
764323328
974923264
629927936
642447872
328234496
283297792
998226944
732263424
233247232
262239232
682322432
422476288
492299264
232374272
272274432
432442368
347623936
264694272
377426432
732944384
349326336
336232448
422222336
832227328
444283392
293233664
222823424
642448896
233393664
226638336
447327232
232223232
832227328
492276224
272374784
624628736
239222272
824863744
294367232
272822272
324383232
343222784
433823232
237428224
624694272
236327936
422883328
463327232
322633728
773622272
643624448
822367232
347922944
489733632
437236224
332387328
234464768
272223232
332937728
233228288
823222784
322783232
329823232
868622336
322229248
432274432
662377472
932878336
794343424
346422272
843664384
942222336
272333824
446943232
692342272
844342272
668724224
286223872
236434432
896884224
926644224
338322432
383222272
462247424
833733632
279223296
939662336
323922432
282236928
824223232
272863232
244242432
334674432
234228224
292726272
364626944
677236224
488423424
366334464
322322944
372277248
222226432
232692224
792287232
637343232
692724224
663222272
436447232
233663488
478239232
843498496
324279296
273449472
222239232
732982272
482292224
637262848
632244736
728372224
272272384
926428672
372832768
693646336
223224832
379674624
466486272
933364224
322234368
333343232
677622272
433422336
726223872
278392832
332293632
292372736
247934464
742263296
333786624
283638272
723828736
762437632
432272384
226783232
376466432
963892224
244263424
694249472
746962432
942222848
226622976
937626624
636346368
224232448
242332672
826934272
222923264
743476224
324724224
433337344
734268928
234443776
823476224
448629248
993426432
932663296
249247232
247222272
733238272
923333632
493749248
272826368
493279232
268222464
784233472
424822272
733223936
639222272
246748672
823224832
663349248
242723328
922996224
368223232
483423232
374462464
244627968
496463872
723723264
292242432
837622272
222646272
444229632
932764672
827382272
924238336
632332288
842932224
272223232
463886848
282847744
937462784
239243264
373343232
623224832
299282432
233332224
276622336
833342976
832479232
826292224
464274432
729272832
834484224
343877632
248282624
423442944
262943232
223332864
826422272
742267392
322484224
483323392
228293632
362232832
232246272
622327296
344423936
369268224
343673344
226448384
224372224
326923264
964933632
334734336
392773632
277223424
398324224
234294272
423422976
442386432
943272448
323228672
223826944
643273728
326324224
684724224
337426432
262324224
632423424
923472384
224739328
224722432
266232832
942364672
223892992
337846272
393336832
848423424
827432448
264739328
739638272
223284224
336223232
224248832
227233792
262623744
434292224
228327424
334224384
722622464
827922432
328446976
322878464
323922944
226294272
332643328
248843264
943322624
623864832
299368448
922983424
463736832
338446336
862462464
288223232
442382336
483633664
443922432
343222272
222437376
227683328
222332928
432932864
886836224
839883264
443423232
644342272
263246336
322443264
332323328
393268224
442437632
343222272
247327232
629266432
692327424
222324224
878772224
237242368
224232448
234633728
383967232
734263296
223373824
332242432
284342272
377846272
234423296
298693632
242447872
266322944
642893824
234322432
333288448
729234432
427937792
383847424
933923328
323269632
274228224
633486336
238923264
933224448
277364224
879862272
362427392
672822272
294364672
322494464
447374336
764323328
239222272
432282624
949343232
386422784
322228224
473234432
222222336
322834432
383429632
287224832
232823296
223222272
897242624
332222464
263222272
236383232
284242432
832423424
762292224
484337664
628923392
434228224
272223232
332263424
634322432
332639232
232436224
927337472
332724224
732729344
322486272
432436224
424443392
824338432
449723392
383732736
433424384
843282432
289247232
767478272
392837632
394424832
243262464
626929664
393887232
723448832
984423424
338422272
293433344
329343488
733289472
643662848
472244224
372383232
628923392
889232384
629237248
432223232
798843392
362424832
484472832
264426496
278243328
268622848
332229632
422327296
223772672
826343424
782267392
669326336
844442624
837242368
932344832
266832896
832863744
384372224
223647232
293983232
623222272
767243264
622674432
742462464
326334464
734262272
444982272
384443392
233234432
343327232
232223232
334249472
274873344
432823296
223272448
233439232
272433664
338972672
343348224
264722944
238482432
634228224
347282432
893722624
462226432
766239232
227282944
622243328
224822272
322422272
423346688
632733696
222793728
642339328
337332224
327222272
622774272
278433792
369298432
722228224
727322624
942262272
822264832
324276224
962322432
262222336
734324736
429223424
264884224
246324224
362362368
893492224
246823424
263222272
282233344
622777344
372762624
229428736
624248832
348447232
228634624
397663232
262236672
242422272
323832832
222324224
224223232
262772224
274228224
242332672
324434432
663348224
862288384
838324224
323964928
263222272
323284992
922642432
923292672
462224384
732347392
432336896
636222464
323423232
224227328
288244736
422667264
279222784
347333632
324263424
274339328
232398336
229622272
222264832
336244224
223678464
276328448
642638336
487243264
228378624
322296832
226962432
776423936
433439744
496223232
238836224
626424832
432223232
299262464
832822272
727263232
324327424
673833984
482463744
284982272
922379264
628342272
863642624
498322432
673332224
272722432
422326272
348647424
424374272
396622848
742644224
242444288
272423424
234422272
392284672
367322624
763282432
674292224
373429248
894824448
937426432
232372224
422442496
272274432
744986624
328884224
263647232
626238464
393337344
444473344
332276224
724963328
967734272
238292992
264822272
726326272
433332224
872424448
822367232
423337984
732643328
638833664
432244224
228432384
623732736
232223232
336223232
234228224
432442368
323724288
242737664
366226432
222324224
667278336
272479232
432822272
444627968
434962432
222262784
247442432
232223744
232244736
363333632
264224768
633234432
362642432
228447232
326843392
242322432
237236224
246247424
927263232
269837824
628327424
322847232
924493824
242249728
263322624
322446336
483282432
232223232
423263232
774239232
224923648
338422272
422223872
623463424
493237248
242373632
422738944
322642432
426742784
492363264
279493632
923363328
632227328
239926272
239246336
346366464
232223232
676827648
392244736
632242688
486324224
633342464
932323328
263322624
627368448
422239232
636942336
484329472
822222848
476942336
433422336
383327744
832233472
784437248
622682624
233268224
376922624
342836224
222667264
349238272
249362944
242322432
242638336
223926272
432223232
493332992
438326272
372447232
242742272
294473728
469432832
724622336
922446336
644923392
336827392
287284224
446283264
462633984
677622272
472372224
462243328
773364224
793396224
424773632
422286336
363973632
636342272
222239232
346463232
294943232
224223232
972242432
866292736
883723264
334772224
387423232
424374272
426472448
348327424
284263424
326939648
268387328
472773632
322742272
623222272
426422272
266744832
267444224
274292224
722932992
424732672
392244224
432372224
733492224
644282368
632223744
343222272
348664832
736223232
872628224
298723328
462239232
422866432
322484224
747323392
434424832
294388224
763487232
833228288
336333824
224442368
242232832
474324992
264724992
833426432
349727232
483484672
832224768
372622336
932342272
322384384
223847424
762234368
632383488
449343488
446244864
488722432
673334272
372233728
362422272
242343936
644278272
394932224
474427392
826294272
437343232
232628224
377333248
227363328
264737792
632773632
226484736
239647232
762426368
284792832
863327232
267748864
728436224
484293632
222442496
229929472
834232832
262262272
822224384
392233472
222243328
336988672
922872832
636767232
233742336
636283392
822378496
673332224
647284224
424438272
229842432
342629376
742226432
424249344
423237632
282832384
333279232
283623936
842228224
273322496
429323264
249244672
272374272
373428224
983263232
222632448
224223232
774239232
322322432
722673664
274783232
244644864
339277824
273486336
936372224
222244864
232223232
643232768
223884288
623222272
446222848
484229632
342362624
927322624
432287744
724442624
222226432
723432448
233842688
223839232
642232832
372662272
234343424
464693248
262292992
323423232
733343232
742674944
823479296
326239232
232722432
499743232
636792832
642747392
722842624
436662272
272334336
733927424
334237696
742239232
396726272
229279744
469343232
263263232
282294272
833972224
234344448
296436224
464863232
233234432
228473344
298742272
827636224
983222272
724242432
223222272
443273728
746422272
926324224
246772224
422324224
223222784
242842624
326439424
432739328
923423744
462334464
432692224
222388224
226343424
388283392
962322432
946322432
783284224
462623232
433272832
289332224
363828224
222773248
363262464
327243776
449844224
432223232
324327424
296223232
244622336
363282432
438823424
242373632
282422272
263422976
322232832
326222848
733338624
273234432
639228928
279323648
223476224
233273344
676926464
734687232
222429696
227429376
332442624
322324992
722386944
262874624
622234624
228944384
424333824
344927232
233294848
622623232
243324928
639284224
396724224
229223424
722373632
242832384
224393728
223327232
222347264
293438464
666379264
332327424
332242432
284434432
272438272
424332288
648466432
633362432
344232448
263823872
772328448
349622272
262926336
942222336
762322944
322742272
663348224
342224896
463237632
744423424
222393344
382222336
363423744
382324736
448443392
432628736
243939328
424722432
646263296
242292224
234932224
442292224
242343424
987828224
792372224
276222464
723227648
232886272
298829824
278326272
962322432
343783424
697234432
729234432
682422272
637332992
247228928
282233344
237323264
636242944
343327232
237224448
234622464
726324224
366782464
224487424
424722432
972242432
424474624
822264832
227474432
947342336
432372224
822932992
649247232
949429248
492447232
496372224
373324992
243638784
722422784
234763264
223924224
663348224
674783232
222732288
928762368
222676992
263473664
264468992
232223744
632466432
296694272
266343424
272373248
322229248
428283392
392436224
234343936
234233344
728443392
226332672
942222336
462347264
282422272
734839296
362642432
922232832
672232448
732242432
493663232
464823296
284264448
622836224
483766272
223827968
667282432
943694848
734843392
683242496
239286272
833844224
324367872
328743424
342623232
362343424
227226624
288223232
489742336
238324224
434322432
732469248
493279232
347743232
383222272
727263232
382627328
672423424
824272384
746343424
462627328
326926336
262863872
233938432
326623232
626437632
263263232
662388224
622222336
862623232
263222272
423337472
372732928
223722496
972662272
844383232
942943744
892242432
672437248
242489344
222262272
288244224
739433472
328843264
228342272
236323328
274228224
633637632
434467328
467833344
322292736
633434624
622926336
442273792
362232832
397237248
228922368
679322624
264423424
636442624
263284736
368822272
434783232
722399232
322322432
232634368
242322432
363423232
232232448
322363392
293772288
722933248
266388992
332372992
248246272
234228224
843999232
926228992
294332928
423284736
432423424
428222464
432722432
264247296
377234432
677646336
433244672
963384832
274322432
447273984
677622272
232382464
842232832
398923264
822326272
437262336
263926272
322996224
292242432
674322432
282484224
498296832
442399232
347342336
622247424
846324736
493364224
866382336
833882624
223246336
633232384
273439744
626292736
862388224
224223232
743796224
872223232
226232832
236432384
843828224
694943232
426629632
374329344
636432384
446222336
423286784
272822272
932239872
224373248
982623232
293343232
322339328
342324224
368223232
234332672
246943744
233823232
363922432
327274496
232346624
423373824
822923264
922422272
383327232
426463232
443282432
222733824
247227392
226383872
824763392
222267392
224462336
222226432
746332672
293327872
322228224
272373248
332229632
344334336
332882432
343272448
238223872
648633344
233723392
368329728
338346496
893323264
324323328
234373632
832246272
224232448
824282624
662887424
723382272
233797632
642238464
234683392
446846464
242443264
636647424
663286272
633823232
232848384
393232384
222469632
423243264
422324224
984244224
843432448
832223232
629822464
422239232
379427328
733436928
462969344
373387264
322623488
896223232
334943232
464246272
433273344
263843328
278623744
239634432
624269824
932724736
827344384
922443776
223322624
826463232
339636224
622262784
973727232
223228928
474934272
326243328
243242496
223444992
334492672
373236224
788277248
362343424
469223424
372324864
922236928
246239232
682422272
472223232
474322432
272438784
233247232
762642432
322292736
862226432
332383232
337426432
743493632
823284736
243723264
793293824
974482432
263248384
229924864
233278464
374262272
992274432
333432832
323794432
682322432
328884224
362932224
223634432
478823936
222398464
863762432
244442624
423222272
622672896
262623232
282322432
224232448
323638272
436278272
222234624
798222336
333727232
422623232
272822272
332664832
433682432
224372224
262222336
698296832
672223232
292393472
266382336
634932224
323363328
472696832
234322432
243282432
332724224
232393728
734426624
647437824
643346432
933343232
337722368
266844672
292442624
834422272
932222464
233232384
323433472
263222272
342239232
323472384
227423232
236982272
243444736
642446336
934623232
642642432
263273472
387282432
222492672
262392832
732432384
362322432
633426944
332286976
242467328
222623232
863263232
773236224
672633344
833274368
292229632
422243328
226463232
836728832
472376832
474737664
733264384
424272896
423333376
323369984
942326272
727226368
733274624
282937344
322424832
784248832
968436224
322322432
243828224
222236672
342623232
723766784
322422272
937243648
222324224
866437632
227832832
324276224
834484224
349663232
222224896
336666624
622234624
727736832
264479232
232223232
222292992
323423744
272722432
223222272
223732224
423284224
223862272
342324736
928333824
777332224
263243264
892724224
422226432
624827392
242333696
723423232
222329344
933343232
223372288
722322432
843342848
226742272
282673664
724666368
223463424
288228864
299423232
342223872
722842624
334428672
684342272
424223744
266448384
872272896
632284672
677238272
246373376
463627264
222324224
762292224
374324224
323626496
248382464
444639232
374672384
723333632
733963264
398633472
472269824
224223232
343862272
942324736
232249344
623463424
333622272
239243264
926393344
636342272
238222336
248423424
832632832
924293632
327329792
232233472
294632448
363423232
432476672
422268928
943627264
243423744
244347392
982623232
824722432
247324672
322292224
822964224
464232448
942633472
242343424
283662336
624824832
264227328
448632832
247824384
372343296
444242432
793332224
782623232
384244224
866422272
264423424
446334464
233349632
663228928
247442432
674228224
423373824
634638336
622874624
477722624
283447296
234294272
968722432
424223232
623476224
242463232
823323648
263444992
226228224
426766336
922727424
624679424
276222976
223244288
798226432
379474432
639433728
948363264
232992768
973374464
432287232
233227264
622324224
242373632
668242432
633244672
782262272
937342464
334943232
424287232
688743424
433342464
394232832
223423488
642343424
247732224
239224832
336233472
227239936
273236992
248272384
433332224
732263424
362488832
263222272
392242688
644222464
367483392
262244864
243423744
324366336
327273472
224223232
894222336
238236672
732726272
428229632
283382272
426463232
236327424
337333248
942234624
243377664
328474624
832233472
328823296
223642624
627766272
477492224
232248832
426642432
422324224
466344448
224743424
322996224
422222336
874382336
234273792
683323392
332468224
229266432
224248832
326262272
223867392
393682432
462347264
224722432
272223232
349432832
349722624
373287424
746463232
272692224
748724224
323423232
427467264
323636224
626723328
883282432
264244224
232223232
224824832
396342272
743732224
324939264
233362432
883344384
232978432
944732672
262623232
324278272
732472832
274233344
828342272
447327232
363323392
289426432
362232832
333223936
224223232
336362496
683322368
232426496
784223232
222843392
222362624
432233472
439263232
466638336
743442432
622746624
272743424
648223232
226622464
282233344
472636928
232333824
224933376
223274496
863732736
364342272
383263232
332442624
499423232
294623232
826266624
297422336
443423232
464223232
624334336
234727424
463847424
442847232
346642432
432667648
346229248
232894464
622222336
334623744
237623296
444767232
626332672
222267392
287823872
228622336
232293376
362233344
963324928
364342272
462326784
932323328
462734336
438239232
426232832
973622272
328274432
872423424
242827264
336692736
422838272
833349632
234443264
893637632
287284224
686226432
422222336
234422272
723493888
434268672
422239232
663227392
362422272
963263488
733223424
467723264
363922944
292432896
623226368
833296896
227282432
226424832
233768448
422329344
963444224
284383232
244937728
624922624
324283392
292622336
438883328
493622272
627346432
433329664
739326464
669242368
724278272
972233472
393242624
783222784
828263424
342623744
223349248
462332928
342836224
836429824
323666432
622324224
422223872
647332864
772242432
272732672
286226432
272248832
223839232
326772736
236383232
464227328
322292224
824628224
822222336
433323392
232333824
868662272
632436736
284436992
273972224
283339264
232334336
739433472
243636224
737332224
473768448
226842624
684473344
247322624
227623936
222862848
282443776
322723328
637343232
643794432
738783232
399374336
383862272
822222336
862733824
394642944
867764224
924238336
226772992
722742272
243892224
944786432
234763264
233982464
432223232
929977344
437243392
494772224
366644224
239822336
282228224
334439424
328822272
239224832
229279232
924293632
448333824
266228736
343733248
337972224
427282432
782222336
282233344
222943232
926362624
844468224
833332224
722446336
233247232
222262272
433234432
329887232
923743232
732263424
624247296
233362432
664362496
247227392
222226432
222442496
842622464
967862272
924683264
972242432
734226432
234422272
932242432
393247232
342324224
277223424
432489472
242682368
938322432
473234432
727223296
824443392
368223232
726247424
239327232
974362624
264287232
632287232
327442944
222674944
288223232
426267648
427666432
262247424
264223232
392246272
428792832
392884224
273743872
247934464
736244224
429394432
234322944
428924928
966224384
276242432
824423424
337234432
723432448
323242496
623644672
842422272
227433472
232223232
232722432
223263232
662239232
892724224
669236224
379423232
663223296
324237824
834322432
623284224
222623232
784423424
282422272
664374272
427623424
423263232
729273344
328436224
722629632
234422272
624333824
872822272
732639232
223442944
632332288
222223872
322638336
292447232
264743424
334682624
422239232
247438336
364342272
387324928
922473472
383222272
733266432
839862272
223672832
942243328
492724224
443922432
663263232
422439424
232786432
227662336
978422272
228366336
344224768
226233344
262349824
242473472
346232832
386228224
498424832
222262272
923623424
696223232
263263232
796242432
462623232
424424448
232227328
734222336
476343296
483832832
699872768
636664832
362427392
693238272
923367424
344372224
226629632
343223296
344233984
223223936
227228672
239327232
364222464
637479424
233423872
233362432
