4292224
6623232
2242432
3247232
2792448
3228928
4228224
3423232
6222336
7766784
3242624
4422272
7922432
9636224
3263232
9384832
4223232
2934784
3227264
8379264
9372736
2842624
4233472
2323328
4732928
2443648
2322432
9983232
3636672
3634944
3337728
2722944
4223232
3243264
8947328
6489472
8293248
3883264
2327296
6882432
6427648
6367232
6239232
4666368
2783232
2242688
8734336
4873472
2663424
2222336
3222272
2629376
9273472
3734784
4939264
8222464
8839296
4722432
6222976
7227264
6838272
6287232
2732672
4323328
8223232
6729728
9243776
3346944
2324224
3438336
6623872
9842944
4242432
2834944
2244224
8794496
3922432
2397824
8767232
4927744
2889344
6927488
2246272
3827328
4682496
8336768
6234368
4762496
3297664
2827648
6782464
6297344
2339328
3783424
4327296
9263232
9327488
7622272
8723328
4629632
2223232
7248384
2794624
8228224
8377728
2736384
8923648
8643328
6382464
6292224
8223744
3292672
3337344
2324224
4978432
2396672
4492928
3369728
6222848
2223872
7362944
4632832
6628224
4228224
3334784
9688448
8922624
8779392
6682624
9336832
4664832
3376896
2324992
3364736
3394432
9823232
6294272
9794432
4282624
3878272
9483776
2748672
7262464
4428672
3246464
2982272
2393792
2324224
4274688
2933632
2947328
7263744
7273472
2226432
2494336
2664448
6328832
2438272
7222272
6346624
2333696
2634496
3427328
2286336
4783232
6326272
6892672
4863232
8347392
3768832
8322944
2443392
6676224
2933248
2343296
2436224
2924672
3446272
7743232
2283648
6293248
9727296
4296448
9247232
3842944
2236672
3328768
6827264
3938432
4823424
7623296
2966784
9392384
2298624
2364672
4424832
6947328
3462272
9268224
2782336
4427648
2296832
2633984
2247936
2822784
4264832
7344384
3227264
3436288
3328384
7844736
7394432
2439936
4322432
7844224
8738432
2364928
4229632
8623232
2367744
3283328
2248832
4422272
2262784
3939968
7327232
4274432
2836224
4476928
8696832
4677248
2226688
2676224
3464832
3324672
6932224
6332672
