9232
7632
3232
3232
2848
6272
2272
3232
9232
4992
2464
7648
2992
2768
2368
3232
2432
2624
6224
7824
3392
8224
6688
2272
3232
6368
2336
9744
3232
3488
2432
4832
3328
9232
2224
3232
3232
3264
2432
2272
9632
4464
7264
3664
2944
2368
3744
7424
2928
2976
4624
3232
3392
6624
7632
6336
2224
4432
2368
3424
3232
4224
9376
4224
8336
9232
3232
2736
2992
9248
7392
2272
6432
2624
4688
9696
2976
4224
6224
2288
7264
2272
2272
4224
7296
7392
3424
3232
2432
2944
7232
9344
3984
3968
8736
4976
6624
2496
8768
4224
2448
2768
4432
2272
6272
2784
2368
4928
2624
9328
9232
3232
7232
2336
7472
2224
7344
9472
4928
3424
3232
9424
6432
6432
2992
4288
6944
8832
3232
6432
2432
2448
2336
9344
2432
9232
2336
3824
4288
3296
2448
3392
3232
9984
6976
8864
6288
2224
7328
6432
7728

