8224
3232
2224
4896
2896
3424
2288
2224
6944
3984
6672
2736
4928
7968
4464
2224
2336
2336
7984
9632
9232
8832
3232
9232
3232
6672
2672
2272
2624
3664
6432
7792
3424
4288
3392
4464
3232
7632
2432
6272
3424
7264
2624
2224
2336
7824
7824
9424
8832
6384
8272
4224
3232
9392
3936
6224
4432
3744
4624
2432
2272
8224
4224
3472
9248
2224
2432
2768
4432
3744
4336
2432
3232
3232
2336
2272
9872
2336
7232
3344
2624
4224
6624
2224
2928
2896
2944
9232
4368
7296
3232
9328
6464
4432
4832
2272
2336
9632
2272
3424
7936
4464
2272
6672
4288
3792
6336
4432
4672
7424
2336
2432
7872
8384
7744
3424
3424
3344
3392
3232
3936
7296
3744
3296
3392
3232
2384
2224
2224
2368
4736
7792
3344
7424
3424
2224
2448
3328
2272
2432
2832
3872
3328
3824
2272
6224
2432
2464
2928
8272
2272
7424
2272
7328
7248
3936
4224
4432
6672
2848
3472
2624
2384
2976
3632
9376
2832
6944
4432
3392
3248
8224
2624
6432
6272
2832
2432
8224
2832
6288
6496
3728
2272
8224
2336
2224
3232
2224
2224
7392
2384
3232
6336
9232
4672
7424
3248
3424
3264
6464
6928
2272
6432
3792
4736
2224
7424
3632
7232
2672
6272
9472
4832
7232
2272
4672
9472
3344
9728
3232
2432
2672
9472
9424
9472
2464
3232
3232
8432
7872
2336
4384
3632
2224
2272
6928
2272
3344
7392
3872
2336
9872
2224
6272
4368
6336
4832
7392
2224
6272
3328
2944
6832
3232
4688
7648
9232
2272
3232
7232
2336
9984
3472
2224
3824
4224
6672
8224
2928
6784
2224
9424
4624
3648
2448
2976
4624
4992
6432
8432
9232
2832
2272
9232
3232
2224
3424
3232
7424
4288
7232
8736
4944
2288
2272
6432
3248
3744
4464
4832
7824
3232
2496
2224
4672
3424
2272
4448
6272
7232
2768
2336
2368
3744
4224
6336
6432
2272
3232
2432
2832
2272
3344
3472
8272
4336
4432
4384
3872
7744
6224
8224
3824
3872
3264
4384
3392
9632
8224
2384
9232
8224
4832
2272
3344
7232
2272
2224
3232
2832
6224
7424
8736
2272
3232
6336
2672
9872
8672
2432
2432
6736
2272
2432
7744
9344
3744
8224
3648
4624
4224
2464
9232
2224
2832
4832
7264
2272
6672
2624
8928
2432
8272
2432
2624
8272
7248
2432
9232
3424
3744
2224
9744
4736
2224
4624
9472
3392
3232
3232
8992
7664
9232
3232
2224
2432
2768
3248
9264
2784
2448
8432
2432
3232
2464
3632
2624
2272
2288
2272
7632
9232
4224
3232
2432
3344
6624
4432
3472
9744
4224
2928
7232
7328
7376
3936
2864
9232
3232
4224
3328
2272
6448
3264
2224
4224
8432
8272
2336
4928
7232
6432
8224
4224
4432
2224
7632
8672
3392
3472
2224
9824
3728
3872
9376
7824
2432
9392
2944
3424
3632
6368
2736
3872
8944
3232
3232
2272
3392
8224
3472
2896
2224
6432
2432
7392
2832
3264
6432
2624
2336
6624
8432
2432
4336
8944
2432
4272
4832
7264
2944
3488
3424
3648
8224
4224
3424
8832
2784
4432
2224
2432
2272
6624
2336
4832
2944
2432
7424
3232
7232
3744
2336
3296
3648
9728
6224
2624
2224
6224
2736
4432
4448
6224
4336
6224
2432
4896
2864
7328
2272
2688
4288
4224
3344
6432
2432
2272
3232
4624
2432
9344
3232
2336
3232
3232
4624
9344
7232
2832
6432
6624
2464
2976
2432
3472
2272
6624
3872
2768
2272
4272
3264
3232
2832
2432
7376
4224
2736
7424
2624
4736
2672
3232
7328
6336
6688
4432
4864
2336
7632
2448
4224
7744
3232
4272
4624
3232
7248
2272
4224
4272
3328
2272
8224
6832
3632
4496
2832
8224
3328
6736
2224
7264
2896
2992
4448
4224
7232
9632
7232
3632
8368
6384
8336
2464
3328
4736
3232
4992
3424
2272
7232
4624
3232
3232
8736
9632
2624
2336
7392
7744
3328
2272
2272
2272
2432
3232
2336
4384
2368
2272
9232
3232
7232
9232
3232
7232
6832
2224
7392
2272
3344
2224
4672
3728
6272
8448
4384
4672
3424
3728
3232
7424
3264
3328
9984
7392
7232
4832
2992
2832
2272
4448
7232
6832
2624
3424
2272
4272
3824
7264
2864
3424
2992
4624
2224
8464
4224
4224
9424
3344
8384
9824
7232
4768
4432
3376
3744
2464
2288
3424
9248
8448
3936
6432
6624
8672
9264
9872
7632
2448
3872
4272
8224
3232
4944
2224
4224
8224
7344
2224
2272
4224
4432
4832
2832
8624
2944
8832
3232
6224
9232
7248
3232
3392
7824
3376
2432
2224
3344
2624
4432
3424
3264
3776
7392
7232
2272
6432
9264
3248
2672
4624
3872
4832
2272
4288
2272
8272
3376
4224
6448
4928
7344
3232
3744
8832
3824
2336
2224
9344
3232
6336
3232
8432
4944
3232
3488
3744
2288
6272
2336
2272
2624
3488
2432
3744
7648
2624
3232
2272
6432
7296
4336
7264
6464
2448
7232
3264
3232
2224
8432
7248
2784
2432
6736
2928
4224
3232
6624
2784
4464
2432
2944
2624
7424
3392
3232
3344
2224
2464
2224
4288
7232
3232
2272
2272
2336
3424
3264
4224
7824
7424
7472
4832
3232
3632
2672
2384
2224
4224
3424
3632
2928
4224
6432
3232
2224
2224
2384
2624
4336
2672
6624
3232
2224
2272
2336
3872
3744
6976
3824
3232
6272
2384
3232
3472
7392
4928
4784
8832
6736
2944
3648
3792
2832
2896
3632
4272
2272
2448
3392
7328
7248
2272
7424
3232
4992
9232
2272
3744
4224
2432
7248
6224
2432
2272
2976
3232
3424
3264
4384
3488
4224
2832
6432
4832
2224
3424
4432
9232
8272
3232
6976
8224
7424
6272
3472
3328
9632
2336
2464
6784
2432
3264
3232
2624
7824
2224
2464
3264
8224
3344
3232
4832
3424
3264
3232
9232
4224
3344
6336
6432
3664
3232
2624
6224
8496
8832
2784
2432
8928
7424
2464
7232
3824
3648
2928
9248
3328
2224
4624
8224
3232
4832
4672
4224
7824
3424
4928
7264
6336
6784
2272
3872
2272
2448
4224
4272
3472
2736
4624
2272
3696
4336
9824
6224
8432
2272
4272
2672
4432
3232
2624
3232
4224
4224
2432
3232
2832
3232
9344
3728
6224
2832
2624
7232
2624
4736
6224
4224
4928
7376
2224
6368
2464
9232
3232
2224
2224
8432
7424
2624
6944
6272
3392
3232
2272
2384
3296
3232
7232
9488
4432
3632
7232
7232
3792
3424
3232
4928
3664
4624
3728
3232
3328
9424
2336
2432
9264
7232
2464
2336
3232
8832
6672
9936
8432
7632
6368
4288
7328
4832
2464
2672
6832
2624
3232
7232
4384
4272
4496
8224
7232
3472
3232
7424
4224
6432
3392
6272
3232
2272
4224
3232
3376
3232
2736
8272
2784
7632
4224
7472
7232
3344
2896
9744
4832
3248
3344
7296
3472
6272
4384
7424
2832
3648
4224
8272
7328
2336
9424
4944
6432
2272
8832
3424
3392
2272
6336
3328
3424
3392
9344
2432
3472
8288
4672
3632
3232
4944
7248
8832
7232
2736
2384
3232
3824
4336
8832
4432
3424
6464
3872
2272
3232
6448
9632
6624
2624
9424
8288
2272
4928
7344
4432
4384
2768
3248
2432
8432
3232
2336
2432
4224
7488
2224
6624
7424
4672
2368
3424
8496
3824
7632
6864
7936
7632
3872
4672
9232
2672
6624
3424
6672
8384
8432
6272
3872
7232
2944
2272
2992
2272
2272
2224
3328
2432
7424
3264
4224
3488
2272
7424
3488
4384
2848
3472
4272
2336
6272
3632
3424
4672
3424
6272
7424
3648
4384
2384
3232
6336
9632
2224
3232
2272
4272
7696
6336
9232
2432
3264
2784
6272
6672
4944
8384
3728
7744
6832
9424
2272
8272
6672
6432
3424
2336
2448
9248
4864
2368
3232
2272
4672
3328
2784
7472
9232
2992
7248
3872
3632
9344
4832
8224
7744
2768
3344
6624
4448
3232
4624
2224
7648
7648
6368
9376
7232
6432
3232
2272
3824
3232
3872
9232
4672
6224
4272
7296
7264
4688
9824
3648
8736
2272
4832
8336
6272
3232
2464
6224
3232
2832
3424
7232
4432
3328
2432
6496
2432
2832
2336
3232
4272
7264
2432
8384
3936
8224
3232
2336
4224
4832
4944
4624
2336
2224
9248
3264
8624
3296
2272
4832
8432
3424
2336
4672
3984
3728
3744
2384
6224
2448
3424
3392
2672
2272
4944
4224
2624
8384
2448
2432
2624
2224
2432
8224
6224
3424
3248
7328
8672
4736
3232
6432
3648
6624
4928
6832
3232
3232
3824
3248
3248
2272
3232
2336
3232
3824
8624
4224
3936
3632
3344
9392
2224
6944
8224
4432
2736
9264
7424
6272
3328
8432
3728
2464
9232
3632
9232
2432
3424
3328
2272
2848
3248
4464
3232
3232
3392
3424
4864
6288
3232
8336
2272
3328
9648
3328
6272
3232
7232
6992
2672
3248
2272
9872
2768
7472
4288
6336
2432
7664
2272
2272
3248
3232
9232
2944
6864
6288
9872
3232
6336
9472
2272
2944
3232
3664
2624
3344
3632
7776
9232
8624
3392
8464
4832
8224
2384
2624
2976
3424
3248
2736
2624
2384
6688
3632
2464
4832
3296
4272
2432
6672
9232
3792
3424
6224
2224
2992
2272
2272
4432
2432
2432
7232
3888
2384
6736
7392
2336
6896
4432
3232
2832
3664
3376
4432
3472
2944
7424
3232
7232
3424
6224
3744
4224
4272
2272
7424
3424
2272
2432
4272
3744
7824
2432
2272
3824
2272
8464
4864
9232
3296
3232
2976
7632
2464
9376
2672
2224
4832
4224
2336
2384
4832
6368
2224
7232
2624
3872
3872
4624
3264
6672
6272
3264
8448
3328
2224
2384
3792
9824
4432
4224
7232
2784
2224
2272
2832
2224
2464
3232
9344
3424
2624
3328
6496
3632
4368
3472
2224
3232
2672
6624
6624
2432
6864
2384
3232
2432
6224
3344
4224
6672
7232
2272
9232
7968
6496
7936
2624
3664
9248
3232
3872
4624
3824
2672
4224
2432
2432
3424
2224
4896
3424
2432
3328
4432
2432
3264
3248
2432
2224
6288
9424
4224
3728
2288
3424
3232
6224
3328
6368
7232
3424
6224
2272
2336
7632
7632
3328
2272
2624
8448
2432
7264
3264
9424
3328
4432
3472
3424
9248
4432
6944
2272
2432
2272
4224
4448
3392
3232
9232
2784
3248
4832
3232
3392
3232
3232
2336
3344
3232
4672
4368
2432
3232
2832
2784
2496
2624
2432
2736
3328
7328
2496
2432
4224
2384
9344
3232
4288
2448
3344
2944
8832
4224
2832
4624
2832
2864
2432
8736
7264
2224
3232
7232
6432
7424
2432
3984
2432
2976
2272
3232
7296
7744
6224
3632
7328
2368
6432
6432
4832
2944
3328
8464
2496
3376
8224
2224
3728
3232
3232
2224
3232
2272
3344
2224
2272
2224
3872
4288
2432
4992
6336
9232
6432
7232
9328
3664
7824
9728
2336
2496
8336
9632
2272
9232
2224
7392
3344
7232
4624
4384
6336
3632
6432
6224
3648
3232
9632
3392
2432
4624
4384
2432
2272
8224
3424
6432
3664
2224
3632
2784
3232
3392
7328
4432
3232
3232
3424
2336
7328
4272
7392
6432
4224
7328
3248
3664
3328
2336
2272
3424
3376
3424
4224
3328
8624
4224
7344
3344
2432
2624
3232
8448
4736
3424
3728
3632
8736
7776
2368
6336
3744
2432
3232
6272
2432
4448
3232
7648
3936
4224
3232
6272
3232
7664
3824
2224
3424
9248
3472
2432
3344
2368
4928
6272
2336
3472
3232
3344
3232
7328
3232
2272
2624
3232
7232
7232
2432
4944
3488
2272
3232
8928
2336
3328
2368
3264
6272
2944
6432
3728
4944
2432
6864
4928
2336
4224
3968
6976
2272
4224
7232
3232
2336
6224
2864
6448
9728
8464
2432
2624
2432
6272
3872
2224
3232
2336
2224
3728
2624
3232
2496
7696
7424
6768
2464
9232
3664
2384
3232
4272
2368
2624
9232
3472
2496
2496
2336
2432
9424
8432
2336
3232
2336
3376
4832
9248
4832
7872
2432
4432
4496
6864
7264
2432
4832
2272
8272
2464
3328
4624
4736
4896
3824
6672
6224
8832
3232
6672
2384
3264
6224
2944
6832
2624
3824
8992
2432
3232
3232
2224
2272
2272
6368
6432
3232
3392
8272
8272
2464
6432
2336
6624
3424
8976
7328
3232
2832
6432
3232
3392
2224
8288
2272
8224
6832
2224
2272
2624
3392
7392
7232
3344
2448
7232
3824
3424
3248
2944
3232
3632
6432
8224
4224
3424
2432
3232
8928
2432
2432
9632
9232
2224
2672
9984
7232
2464
7232
3232
6432
3632
2272
3744
7248
4272
2672
6432
3424
4496
3392
3248
2944
2272
2224
2624
2224
4368
8832
4224
3472
3232
6432
2272
2464
9264
4224
4736
2944
8432
9632
4224
4224
6272
2432
2928
7392
4224
8496
4336
6224
3376
7248
9424
9424
3424
3488
2432
3248
3296
2832
2432
3232
9232
8224
2928
2432
2432
2384
3392
4944
8224
6832
8624
8224
2432
3232
2432
7264
2272
2272
7328
6832
2624
2832
3232
2336
3872
2896
3392
2832
3232
2432
6272
8224
4432
3424
2944
3328
8224
6272
2944
4224
3296
2224
3232
3984
9824
2288
4464
4624
7232
8944
2336
9248
9392
4224
7424
9392
2464
3376
2384
3424
3232
7392
3344
2944
4624
3248
8224
2832
7232
4224
9872
2368
3936
3696
2272
4832
2336
2832
6224
4224
9344
7728
3264
7632
4224
2928
4784
6736
2432
4784
6432
3424
3232
9232
3328
7232
2224
3232
4224
6432
2432
2272
2624
9424
9296
9264
2336
4624
2464
2272
8384
3344
2496
7248
3392
7232
3296
3392
3376
3392
2272
8896
3328
3232
4224
7328
8224
4496
2448
2672
4224
3664
6928
3664
3232
3232
6672
3232
3424
6624
8928
4624
8272
2832
4224
3392
4464
9632
7328
2224
6736
3264
8832
9632
3936
2432
7392
7328
4272
2432
3824
2224
4272
2672
7232
2224
2272
4432
9344
3744
7728
2224
8896
3824
3824
7424
8384
2336
2624
2272
3424
2272
2224
2672
6784
9424
8224
4496
3232
2224
4272
7248
9488
3472
3232
2272
4624
2832
8336
3632
2864
3776
7824
2624
7232
7264
4224
4928
3392
9232
6272
3424
3264
2672
4384
2624
2224
2272
9424
7232
2272
4384
2832
4672
2224
6384
7392
3424
3296
2432
4832
3824
7424
3392
6736
2432
4432
7632
3984
2272
3232
8224
3232
2272
3248
7472
2368
8224
2336
2272
6432
7232
6432
3824
2368
2432
2336
4672
4224
3824
4224
2432
3232
6624
2432
4336
3392
2464
3424
3472
3232
8224
6224
3328
2336
8224
8272
9824
3232
3296
3424
2832
7328
2832
2928
6672
4832
3648
9424
2832
9792
2272
8432
6272
3872
7424
4832
4432
2272
2624
2336
2672
4384
2432
8224
6224
3472
8336
2336
3232
2272
9824
4224
2432
8224
3648
2336
4384
4272
2832
3328
3296
8224
3776
3376
4672
3232
8832
3424
3424
2432
3344
9344
2336
8224
6928
2272
9472
6464
3424
2224
3232
4224
2432
4944
3232
6224
6224
2432
3264
9424
6224
2224
7232
4832
2624
2272
4224
3392
2272
7328
6624
8736
2992
3424
4832
3424
3776
9232
3632
7264
3296
6272
6224
2336
2272
9328
2784
3984
2448
9232
8224
4432
8224
8736
9344
2432
6336
4224
4224
3264
2432
8272
4224
2832
6432
2272
3232
2224
7232
4672
6864
3392
6432
3968
2944
9232
2432
3424
8224
2464
3232
7232
9728
7296
2272
3232
4432
3232
2272
6384
2672
2832
9232
2848
8464
3472
2368
2624
2896
2224
3344
3424
8832
3392
7744
9296
2272
2272
9728
6624
4272
2832
3392
7664
2624
3296
2832
6464
7232
2368
7328
3248
2224
7328
9232
4224
9232
2832
4272
3424
3344
8336
2272
4832
3392
2224
4448
3424
2848
2224
2432
2944
3232
7632
2272
2384
4624
2272
6288
8224
4224
7936
4448
2272
4768
9328
2832
4736
3232
2432
3264
6832
3344
3984
7232
2624
4384
4384
7232
4672
3392
2768
2672
4272
3344
8224
3424
3296
7472
2432
3296
7232
2384
7264
3728
3424
2224
8336
2464
4224
2336
4224
6448
3392
6432
6432
2336
2224
2224
2432
3728
2272
2832
9232
2672
2336
2272
4384
9232
3232
9344
2672
3232
3232
2224
2464
2992
2272
4464
4368
9248
6272
7472
2272
3632
8624
3232
3296
3232
3872
2224
9232
4832
7392
3424
3264
8736
3232
8464
4832
8272
7248
2384
4432
8336
4272
4272
2624
7232
9648
3872
3232
6928
9728
3744
6224
4736
2672
7232
3632
6624
2272
8336
2432
6272
4432
3648
6832
2432
3472
8224
3264
4864
2688
6272
3232
7648
7296
3872
2832
3232
6224
6784
7392
9376
3232
2448
9328
3232
3376
4624
3424
4736
6336
4224
3328
6224
9344
4944
3232
7264
3744
2272
2432
3392
6224
2432
6432
2384
4928
6224
2432
2224
7392
4224
7328
2496
2384
9632
7392
3232
3744
2432
3776
7968
2432
2272
3264
2224
3232
2448
3232
3232
3232
7696
2272
4432
2768
9632
2272
7232
2336
2368
2272
2848
4432
7392
6432
4224
2272
3232
3424
4928
2864
9424
9664
3968
2272
2336
7232
3872
6272
4832
4448
3376
4448
2224
2272
7232
3872
2992
3232
2944
9232
6432
4224
7296
3232
9424
9376
6384
7264
8224
2224
4768
3232
6672
3392
9824
8432
3232
7232
6432
7744
2368
2624
3232
2432
7232
8672
4288
2464
3472
9632
7232
4336
6432
7232
8272
7264
2272
4464
4832
3232
3232
3424
9824
3232
3344
2272
2448
8384
2432
3472
4768
2848
3344
4224
2336
2224
8224
8272
2432
2432
7232
2432
7632
3872
7632
8224
3424
3424
3744
2768
4224
6624
8224
4976
2432
7648
2624
2336
2224
7392
3472
2624
9632
6272
7232
2848
2272
9472
3232
3328
9472
3232
4224
2272
8464
3232
2464
8992
3328
7424
3472
9248
4224
6432
2944
3232
3264
3232
2336
3424
3392
7248
3392
6224
2336
9632
2336
8272
4224
8336
9664
3296
4224
8448
7264
9232
6336
9632
8272
2272
9472
9328
2272
2624
4896
4224
9232
2832
2336
3328
4992
2432
2224
3232
3248
2464
4832
3328
7232
3872
7264
3264
8432
2832
4672
2432
8832
3376
3472
2624
2224
2272
2368
4224
2272
3472
2464
7232
6672
6224
2672
6272
4224
2432
2224
3472
2832
3632
2672
6432
6272
8928
3264
2496
3472
4224
3424
4224
7424
7232
2672
3792
3232
4272
3264
3232
4224
7392
3264
3472
2272
4272
3424
7824
7232
4224
9344
2224
2848
4432
6224
7232
7232
3328
3648
3232
3488
3328
3632
7344
3328
6432
3744
3472
3984
2624
3968
8864
6672
7264
2288
4224
4224
2624
2336
4624
2432
7344
3472
2224
3232
2224
4432
2672
6272
2672
2688
8336
4448
9824
3744
3344
8672
3248
7264
3232
3232
9488
3984
3392
2432
3232
4224
3232
2464
6432
3984
3472
3328
3392
2944
3232
7424
3392
2368
2624
3472
2224
2464
3328
2944
2336
4688
2432
4368
2432
9424
7328
3232
8272
2336
8832
2432
4432
3792
4832
4224
2336
2944
2832
2432
2832
4832
8224
2784
3424
4224
7824
8336
2432
9328
3232
3232
6672
2832
2624
7424
8224
3424
2784
3728
4224
2832
3232
6224
9632
2272
4448
6432
3232
6224
2224
2944
9824
4336
3488
7648
8224
2336
4832
3424
3232
2432
4432
2336
3264
2448
9232
4944
3424
2224
2624
2688
2224
3264
2448
6432
3424
3232
3328
3232
3232
2272
3936
2336
2624
4224
4336
3728
2272
2224
8224
2624
9632
3232
2432
3232
8272
4432
2432
4288
4736
4624
2432
2272
2336
9424
4432
2832
6432
8224
9232
9232
9376
2736
3328
9632
2432
8272
3232
2464
3328
2432
7632
3424
2432
8368
2384
2432
2944
2624
2272
2432
2272
9632
2432
2432
7392
2432
3264
7392
8272
2432
3232
4432
2272
2336
3232
3344
3824
2432
7344
3824
3424
3728
2624
4224
3232
3824
3632
3792
3264
4864
2432
2992
2736
7232
9728
4432
2848
2224
7264
2224
6448
3232
8432
9824
2288
3728
8832
4448
2672
4336
9232
3344
3232
2272
2336
2272
3472
3232
8224
8336
3232
7328
2864
2272
3232
7328
3424
2896
3424
2624
2336
2432
9472
4336
4224
4432
3232
8432
4992
2464
3728
3472
7824
2272
3296
6224
3696
3472
4224
6288
3232
3264
7968
9328
7424
6336
4432
3232
3328
2432
4832
3632
7824
9344
8976
2272
2464
3248
4224
3264
3936
9232
2272
4624
3936
4272
6224
2336
3232
2464
2464
3248
2464
2272
6432
9392
4272
2272
2928
4432
6448
2336
4288
3232
3632
3744
3392
3232
6224
7824
3344
2432
9344
2432
9344
2432
4224
2272
7472
8928
2272
3424
8736
2832
2896
6432
9344
2368
2272
8976
2432
3424
9824
3232
8224
7232
2224
2464
3632
6832
3424
2272
3392
4224
2432
6272
2384
3232
7232
2432
4624
3232
2272
3776
2624
2624
3424
4832
3824
2272
2224
3424
2272
2368
2272
8224
2432
2272
4672
6672
8224
3232
7728
8224
3936
7232
4432
7488
3424
6624
8496
6432
7984
3232
2224
8624
2624
2944
2272
6624
2336
9344
6672
7264
3824
8832
3328
3328
3632
8864
2432
3232
9232
2272
4224
3328
4736
3232
6224
3328
3872
7344
6288
2768
2384
3232
2432
4224
6272
4944
4448
4832
3328
4432
2672
2272
2624
4768
2432
6432
4224
7264
7232
7424
6272
3728
4336
3632
6272
3632
7264
6928
2464
2832
4224
7296
3232
7264
3232
2464
7232
4464
2272
2432
2784
3872
8224
2384
2432
2384
6672
3232
2272
8272
2272
7328
9344
4384
3632
2224
7232
3232
3648
2736
7232
4224
3392
2432
2864
2848
6272
4288
3648
7344
9248
4832
3296
7232
8224
7232
9728
3328
3936
3232
2224
3232
2336
3344
6784
7392
2336
9392
2272
6272
3232
3424
2272
9232
4832
4224
4672
2832
4224
3872
7824
3232
2832
9632
6272
9632
2272
2384
6944
3232
2272
7424
2336
3488
7328
2272
2432
3296
7296
2832
2224
6224
3232
4272
7872
2432
9232
3232
7424
6272
3728
4224
7392
4224
2432
8224
7376
3728
3232
7248
2688
2624
8848
2272
3232
3232
4736
2464
2336
6272
4464
2736
2272
2224
3232
3376
3744
4672
2432
8832
3328
4336
2432
3232
7232
3232
7744
7344
3232
3232
3296
6432
3696
9792
2432
3648
7824
8672
6432
2432
3232
8832
2272
4224
9232
2896
3232
2464
2624
2336
2624
3328
3424
2272
4496
9248
8224
2496
4336
3232
6464
3232
6288
6224
9232
2464
8624
4736
2224
6432
4448
3776
3424
2672
6624
9232
7344
2224
2432
2224
6384
2272
4432
2784
3232
3232
3392
2448
3424
7328
2432
3296
3232
8384
3472
4224
2432
2224
6384
8736
8448
3232
2336
3232
2432
2336
9232
8432
7232
2672
3632
9632
3264
3328
7232
8832
2832
4272
7264
8224
4832
2432
2832
3232
8224
6464
2448
7744
2944
8272
8832
6832
8224
2624
6224
8736
9472
7744
3232
9232
4672
4272
2224
3232
3264
2224
2944
3328
7424
2432
2368
2224
7264
3424
2432
9696
2832
7824
8832
3744
7232
2672
2368
3232
3232
8928
2336
8448
2272
2224
2464
6272
4224
3488
3472
9632
6496
9424
3264
6272
7232
4272
2832
3424
6272
2224
3296
3232
7344
7472
2336
2432
3264
3232
7232
3328
4624
3728
6224
3744
3472
4832
2672
2224
3664
3872
8672
4992
2272
6272
8928
8432
2432
4224
6672
4272
9248
9376
3424
6672
3232
7776
3232
3824
3392
2976
7648
4224
2224
2736
2464
7328
9232
8224
4224
3328
3392
8672
4864
8224
2432
3264
2432
2432
3232
4448
4224
3424
8224
8432
2784
2432
4384
7328
4368
2432
7392
2496
7424
2432
3488
3264
3392
4944
2432
2448
2432
4432
3392
2336
7328
2496
8224
7264
3728
7424
4768
2272
2464
3232
2624
2272
3424
4672
8992
2464
3328
7232
4224
2464
6272
3232
4224
6336
2432
2272
6272
3488
7392
8272
2336
3936
3984
3232
2832
6624
3872
2224
8832
7232
3776
2272
2432
4928
6272
3232
2832
2224
3232
3632
8272
8224
4224
7632
7424
9232
3232
9344
3728
2832
2336
3232
3424
3232
3232
4224
3232
3424
2336
2272
3424
2464
3632
3296
2624
9232
8672
7232
6336
3296
3232
8432
4288
6864
8432
7424
3232
2624
2224
6432
3232
4928
4224
3424
2432
3344
2432
3744
4384
6624
4224
3232
2832
6944
3744
9728
6288
3344
2224
3232
9984
6624
3424
2784
4832
7232
2384
3232
2336
9424
3472
3232
2368
4336
4624
8272
8736
4272
4432
7232
3264
3232
2432
8224
7424
3424
3296
4288
9232
2368
3664
9632
3232
4288
3232
6272
9344
7328
2272
6432
7968
2944
2624
3264
4768
4992
2224
4784
4272
4224
7664
8432
4624
3328
3392
3632
3744
2624
2432
6624
2272
4336
4272
3264
2464
3632
8336
2432
7424
2832
3472
2272
9424
2432
4432
2784
8384
4224
3344
7232
2336
4336
2672
3744
3232
2464
7328
3328
2784
4624
4336
2432
6928
4224
2624
7232
9296
4224
3328
3632
2432
9232
2224
4384
2432
6224
3376
3232
4624
3424
2848
2624
3664
4336
3264
2368
6336
9232
2272
2432
3232
2336
6224
3632
6464
3328
6736
9632
7328
7776
6432
3232
3632
2624
2432
9344
3632
3232
3344
9632
6272
4864
3296
2944
2464
3232
2384
9264
2272
3632
2288
8928
6432
6432
3392
7232
3328
2464
6272
4496
6832
4336
4832
3232
8224
6224
4224
3264
2432
6288
7232
2272
8224
3328
3424
4224
8992
6624
4672
4432
2464
6672
2224
2224
2624
4944
3264
3264
4224
3232
4432
2336
2224
9232
7248
2432
4736
3744
2688
2224
2272
2336
4432
8224
4224
2336
3232
3488
2224
3424
3232
3232
3232
6272
6224
9472
6928
3872
7264
4224
2272
4384
8336
2448
8272
2432
8224
4224
2336
4432
7632
2224
2336
4432
6928
3424
2432
8224
9744
7424
4432
7328
4368
6832
4224
9664
3424
9872
4384
3264
2224
9376
6848
4224
3424
4672
3744
2336
6432
2432
8224
3392
4224
8384
2224
3632
2432
6336
3232
7328
3392
6688
3232
2624
6336
4944
3424
2336
6672
9472
8832
9632
3392
7984
8928
2624
3392
7232
4224
7232
4448
2432
2736
2272
3424
2336
7264
6272
6432
2272
4384
6624
3424
2224
3472
9328
2448
2224
3424
6224
2224
7424
3248
7984
8832
4224
6224
2336
3232
3296
3872
4432
7472
7824
2336
4224
2992
2432
4224
6272
2272
2224
4992
6432
3344
4624
7232
9232
2272
7424
2368
4224
4928
4832
4224
9424
3264
2224
8336
6624
2848
4336
3792
3776
2448
2832
4272
4224
6224
4272
3824
7328
3232
7392
4928
2496
4224
8432
3264
3232
3296
3472
4224
4432
7328
2624
2384
2736
2272
6336
3264
4224
4432
2272
4336
9344
9344
2624
2384
6272
9248
3232
4624
3328
2272
8224
4832
2672
2832
3232
2832
8272
6784
8272
4224
7632
8224
2272
7232
2224
3232
2336
6224
4736
2768
7424
9728
2864
2448
2464
3232
2448
3632
2432
6384
3232
2784
6432
6944
2224
3232
3424
2464
2272
4224
2224
4832
6448
6224
4272
8832
4224
6224
3328
3232
2224
4624
4832
8832
2432
2432
3232
2832
7984
3872
4224
2384
2768
3744
2832
2432
2224
2432
4224
3936
6624
4288
3344
9664
3376
2928
2944
3424
2336
2224
4224
3328
4832
2448
6784
3232
2432
4224
2272
8272
3232
2944
4624
3264
2368
2272
8832
7264
3472
2272
4224
2464
2272
2624
7232
3328
6848
3232
3424
8224
4432
4832
6336
9232
4272
3648
4384
6992
2832
2432
6224
7232
3344
2224
6432
3792
7984
2464
3328
3232
4784
4448
2336
7232
4832
2672
2272
4224
2944
4224
3328
3328
7344
2624
3392
2432
3232
2224
7328
2944
6272
7824
2384
6336
2272
3232
6272
2224
4336
8224
6624
2624
7232
9792
3328
4224
3472
7424
4224
4784
3248
3232
3424
2272
3232
2832
6272
7728
9632
3232
6272
3296
3424
9632
2224
2224
2672
3264
2432
6224
3232
9824
2224
4384
3328
7744
3232
4224
3424
2464
9632
3648
2432
4224
2944
2336
2272
4224
8224
4464
3424
2736
2432
2272
7392
4384
3936
2736
2832
2832
6272
2448
2848
4672
3232
3232
3632
2976
2272
7424
7232
3872
6224
2832
2272
3328
2224
4432
2272
6624
7232
4224
2224
2864
3792
3472
4624
7232
2672
2224
3424
8928
4224
3232
8224
2272
2672
3232
3424
2832
7424
7264
3936
8224
8224
3232
2496
2272
3232
2272
2336
7296
9344
4448
8832
4448
8224
8864
4368
4272
2432
2624
9824
7232
2784
2272
3232
2432
3264
2832
6224
7232
3392
3232
2224
2672
2832
9472
2432
2224
3232
3424
4224
4224
7392
6272
7328
6272
4832
9328
4224
7232
2272
4768
8224
4432
4464
7392
3248
9872
3232
3472
7392
4224
3392
7424
2432
2432
3232
3424
2624
4288
7264
6464
2896
7392
2832
2432
4944
3968
3264
2432
6272
3472
4224
2272
9248
3232
3664
2272
7232
2944
2272
3872
4224
2832
2944
3392
2624
2432
4224
6224
4224
4624
3232
2464
2432
3264
2368
2464
3488
2272
2464
3264
6624
7344
2432
3264
8336
2384
2224
4224
2432
2336
3424
3632
7232
8224
4224
4368
2944
3296
3648
2432
2432
4224
2624
7328
9632
7264
2272
3632
4832
3488
7328
3424
2224
2272
6944
2224
8496
2336
2272
4464
4432
2224
7472
2832
2224
4272
2272
9632
6624
3264
3232
3232
6832
4224
7424
4768
4224
7632
8288
8224
2832
2464
2368
3632
3424
8448
3792
2624
4384
7232
7232
7232
9232
7328
7232
3744
8432
3264
7232
7824
6432
2464
2272
2272
2272
2336
7232
3424
7424
2272
7648
9232
3232
3232
2448
3424
8736
3664
4432
2336
3296
4432
4736
4432
2432
9488
2832
6336
3232
8384
9392
4432
3424
6224
2432
6224
6464
2928
3232
2272
3232
7472
9344
2432
3648
3424
2272
4736
2272
3232
4432
2432
3824
4464
3392
8224
7392
3872
9424
2896
4624
2624
2432
8272
6944
3392
2432
3232
3424
7744
2272
3648
2688
9824
2624
9392
2336
2432
3232
3744
6464
3232
2368
4464
2224
3424
2432
3664
2272
2432
7232
3232
9344
2448
3232
3872
4272
4224
3664
2976
3232
3232
3744
6224
2224
4832
7264
4736
3232
2464
6224
9472
6272
6336
2432
3264
4624
2272
8224
3488
4224
2496
3424
2272
6432
3232
7232
7232
3232
9632
3344
4432
2224
2432
6784
2624
4432
9344
2784
3232
2224
7232
3872
3328
3232
2672
3872
2272
6464
3296
9632
6624
4624
3472
9376
3424
3792
7632
8224
2272
2432
4624
2432
2272
7424
6624
9232
3872
3232
9232
3232
3232
2272
2336
2624
4224
4432
2832
2272
7328
4224
8224
3488
2432
4336
2464
4224
4224
9792
4224
8272
2432
7232
4464
2432
6624
2272
7392
2432
2672
2848
9744
8736
4224
2432
2432
2432
7392
3744
4336
6944
6464
8224
8864
8336
3472
4224
4896
9232
3232
2272
7424
2432
2928
2624
3648
6464
3232
3936
2368
2336
3872
2672
2224
8368
2272
3296
3344
3248
9472
6272
3424
3232
6944
4832
3472
8224
7376
6336
4224
4464
2848
4624
4832
7232
2288
2224
2432
3728
6848
8224
2336
2432
8336
8432
6624
8432
7392
3248
2224
7232
6432
3232
7344
9232
3824
4832
2624
4384
8448
2432
4272
6224
3232
3232
2224
7232
3824
7392
4384
2944
2224
7376
2784
3232
3424
4224
4384
2224
2272
7232
6432
3264
9232
2976
6224
3328
2784
4928
3232
4224
7744
7792
3232
3232
3328
6272
2272
3232
3248
3888
2464
2272
2464
3472
3232
4432
3664
3232
2768
2336
3472
3424
4992
4864
4432
9344
2336
2432
2272
6272
2832
3792
3632
3232
2336
3872
3232
2384
2224
4224
2432
2272
4832
4384
4224
4432
2224
2336
4224
4688
2624
8224
2272
7632
2672
2448
8672
7232
3632
8272
9344
3232
2336
4432
7328
2272
9728
2944
3264
2432
4336
2432
3968
6848
2624
3232
2432
3232
2224
4224
2224
2336
4224
6272
7232
6224
3424
3232
3424
3392
2288
3232
3632
4272
2464
2368
4224
6272
2944
3264
3232
3632
6272
2464
4336
2976
2336
2272
4864
2432
2432
2432
2928
2224
2976
7664
2464
3424
3248
4624
2432
6384
4992
3328
7392
2432
6224
2224
7232
2848
2432
7232
2432
2224
8928
4672
8832
7232
2272
9664
3632
7392
2928
3232
2624
4432
3472
2672
9344
6272
3424
6864
3264
2496
7232
2272
9472
2432
4432
3936
2832
4624
6432
2432
3232
2624
9232
6432
2368
3264
4864
4224
2368
4224
2336
3264
2336
4672
2224
7488
3232
3728
3328
2496
4272
2672
4224
2464
7392
7632
2448
8384
9392
9232
3264
6992
3936
4448
7328
3872
3232
4272
2464
3264
4272
2272
3264
3232
2224
3424
6224
4336
3232
8928
4336
2672
6496
2624
6464
4432
2432
3648
6432
3264
7424
3424
7744
6672
3344
9232
4432
4224
3232
3744
6672
6224
2464
6432
7488
3264
2832
7328
3424
2272
3424
3232
2224
6224
9232
3232
9344
4224
2832
2992
2336
3872
3632
2272
4224
2672
2224
6624
6432
7232
9344
3888
2768
2368
3936
3232
4224
7328
6272
2336
2464
6432
3232
7424
2336
3664
2272
4672
2224
2272
8672
2272
2464
3232
3472
3232
6272
3344
7344
7344
9824
3232
2432
3424
3392
6336
2384
6384
3376
3232
4336
3232
2272
9328
7472
2336
3424
2224
3232
6336
3984
2336
8224
9344
3424
3232
2624
3488
4384
7232
6432
8224
7376
2272
4832
7232
7264
6432
2432
4432
4224
8224
3872
3232
6832
7264
2272
2848
7744
3824
3248
3344
7296
2272
3232
4624
2432
2336
3232
2272
6432
2448
7424
3264
2944
2432
3936
7392
3648
3248
2624
6432
6928
3392
2864
2432
3328
3232
3232
4432
3232
3424
4336
4272
3744
3472
3936
2672
2432
2432
8224
3936
3632
2224
4224
4672
3232
3488
3648
9232
3872
6784
2464
2432
8224
2624
7328
8224
3232
3424
2624
3264
3984
2624
2384
2736
4224
4992
7872
7424
3232
6224
3232
3744
2432
9424
2672
4224
3232
3232
4224
2432
3232
7264
3232
4224
2448
2336
2272
2832
2496
3424
7392
3232
3424
2848
6272
4784
3232
4672
6944
2272
3824
4384
2624
6368
3232
4944
2448
2448
2432
6928
3264
4864
3248
3728
8224
2272
2336
7632
6288
4224
7472
9344
7296
6224
4224
2624
2336
2336
8672
2272
6336
7648
3472
9376
4768
9632
4992
4432
6432
3424
3296
2272
3824
3424
2224
8864
2336
3232
3248
3296
2624
3344
3472
2336
7632
6272
2224
8272
3472
3232
4224
2336
7232
2368
7264
2224
6432
7328
4432
6496
4384
3232
3232
6832
3232
3232
2384
2464
2432
4896
7328
2224
2624
2672
3824
7232
4224
3936
4448
9344
2272
7936
2464
2272
2432
2976
4224
3936
2624
4624
2224
8288
2432
7824
7232
2432
9376
4928
4832
4624
3264
7792
7424
6224
2272
2624
8432
4832
6272
2224
7232
4384
2336
2384
2784
2944
4224
3392
3264
3264
2336
2272
4224
9392
2432
3472
2272
3264
4224
2448
3744
7264
6832
7232
3232
6272
3344
2224
3632
8224
9376
2624
3328
3264
3232
3424
9376
2224
4224
3232
4672
7392
2832
2432
2464
3472
2336
3632
4992
3344
7232
9424
7232
8224
2832
6624
2224
3472
4448
7424
7232
3344
3232
2272
4224
4224
2224
2272
2432
6272
3424
2672
2272
7264
3424
3232
4384
9392
4224
3424
4224
2336
2432
3232
3232
3264
7424
9392
2384
2464
3232
8736
2688
7776
6432
4272
3232
3232
6384
2224
4432
3424
2432
9248
2496
3344
3232
3232
2432
6224
2832
3296
2624
2224
2624
4624
2784
9888
2336
2336
3232
2432
2336
2432
2384
4224
2464
7232
2368
2224
3232
8624
4432
6432
4864
3248
4272
3472
3392
2464
3232
2336
2224
2464
7424
4432
2336
4384
4336
3424
8224
8272
8832
4432
2832
3376
8624
6432
7232
6224
9232
3744
6432
2496
4384
4272
3264
4384
2336
6624
6336
3264
3344
3824
4224
7232
7248
3232
4672
7632
7328
3424
4864
8672
9632
3232
8224
2432
8224
6464
2272
2272
3232
2448
2336
2624
4336
2624
6624
2368
3472
3232
2272
3232
2336
2928
3232
3264
9376
2432
3248
6224
2432
2368
7232
6272
9344
9392
6624
2224
7392
6336
7264
8448
2224
3232
3232
2336
3232
4224
3232
2432
3728
2624
2384
8272
2448
2272
9472
3232
2976
2624
9248
3232
3424
4432
8224
3472
3232
4224
3392
2832
2432
4864
3328
3296
3232
3232
4832
2432
2272
4832
9232
4992
9344
7232
2272
7392
3232
2336
4224
4832
2272
6432
3344
7264
7792
3744
9728
6224
3424
3424
2432
2224
2272
9248
3424
2864
4288
7424
2832
4224
2224
3232
6224
3344
2496
6272
2272
2976
2464
8224
2272
2768
3232
2432
3232
7232
8224
6464
4224
2832
2944
3296
2832
6624
2272
7232
2224
2736
3232
2464
4272
4224
3232
3344
3424
6432
4832
2464
3264
6272
2272
6832
2992
8224
3424
2624
3264
7232
3232
3344
2272
6224
8992
2944
3744
3232
4832
3232
2432
2784
3232
3392
2224
2624
3232
3264
3424
4288
2944
4224
4992
2624
3824
3392
2272
7264
9232
2432
8224
3232
4736
4272
3392
6624
6432
3232
4432
3232
2272
4432
9264
3296
2368
2432
3232
7232
3232
4224
7392
3424
3968
2464
3424
2272
2784
3424
2944
2432
8448
2464
4832
4224
2272
4832
2272
2624
2848
3248
9632
4832
3232
2224
8272
3872
3232
2336
8432
2432
2432
7232
3744
6336
6432
2272
2832
3424
4272
4224
2864
6624
2224
4864
2224
6624
2944
2432
3232
3632
4832
8224
2272
3664
9344
7328
3344
4224
2272
4672
8224
2336
4384
2272
3232
8432
4224
3936
6432
4224
7232
2272
3824
8224
2272
7232
2768
3232
8224
7424
4624
4432
3232
2224
2272
2384
2432
2432
4832
2624
4432
3424
2624
3488
6272
6464
4224
7232
4368
7424
3632
3392
6448
3232
4432
2448
3984
3328
4432
3632
2224
3632
4224
3232
2464
4224
2496
6432
3328
2464
8336
3424
4832
4832
3232
3296
2848
8224
2832
6272
3232
4864
3232
2688
4624
3232
7264
2272
4224
2336
3232
3232
7392
3232
2272
4624
8224
2272
2832
2432
3232
2272
3424
4448
3328
4224
4464
9824
2832
4224
8272
2336
2432
8224
6432
4624
9248
3232
6832
6432
8224
2464
4224
4224
6224
7664
3232
2832
9744
8432
3232
8224
9232
4832
6432
9376
8224
2464
3232
2688
4448
9472
4384
3232
2624
4624
6624
7232
2224
7232
8672
2944
3392
9632
3392
2432
8672
2432
2432
3232
6432
4224
3472
2272
4224
3344
2464
2432
2464
4224
2272
4624
3232
3424
4432
2624
3232
2624
2224
8272
2224
2368
4368
8224
4672
9344
4224
4224
2432
7232
2624
2832
4224
2432
8896
2336
