79232
37632
63232
43232
82848
26272
22272
23232
39232
64992
22464
47648
32992
32768
82368
23232
42432
82624
36224
37824
23392
28224
26688
42272
23232
26368
22336
39744
23232
23488
42432
24832
23328
39232
32224
43232
23232
43264
62432
22272
49632
34464
67264
33664
82944
22368
83744
27424
92928
22976
74624
23232
63392
86624
37632
46336
72224
34432
82368
43424
23232
44224
89376
24224
78336
39232
83232
92736
72992
49248
67392
22272
46432
62624
34688
29696
22976
24224
36224
32288
27264
42272
22272
44224
47296
27392
23424
23232
42432
82944
27232
49344
33984
23968
48736
94976
46624
82496
88768
44224
72448
32768
34432
22272
46272
82784
42368
44928
22624
79328
39232
23232
47232
22336
77472
32224
97344
29472
24928
23424
23232
39424
26432
26432
72992
84288
26944
28832
23232
26432
82432
72448
62336
29344
42432
99232
22336
33824
24288
23296
92448
43392
23232
29984
46976
48864
36288
92224
47328
26432
97728

