92224
23232
42432
47232
92448
28928
28224
23232
22336
66784
42624
22272
22432
36224
63232
84832
23232
34784
27264
79264
72736
42624
33472
23328
32928
43648
22432
83232
36672
34944
37728
22944
23232
43264
47328
89472
93248
83264
27296
82432
27648
67232
39232
66368
83232
42688
34336
73472
63424
22336
22272
29376
73472
34784
39264
22464
39296
22432
22976
27264
38272
87232
32672
23328
23232
29728
43776
46944
24224
38336
23872
42944
42432
34944
44224
94496
22432
97824
67232
27744
89344
27488
46272
27328
82496
36768
34368
62496
97664
27648
82464
97344
39328
83424
27296
63232
27488
22272
23328
29632
23232
48384
94624
28224
77728
36384
23648
43328
82464
92224
23744
92672
37344
24224
78432
96672
92928
69728
22848
23872
62944
32832
28224
28224
34784
88448
22624
79392
82624
36832
64832
76896
24992
64736
94432
23232
94272
94432
82624
78272
83776
48672
62464
28672
46464
82272
93792
24224
74688
33632
47328
63744
73472
26432
94336
64448
28832
38272
22272
46624
33696
34496
27328
86336
83232
26272
92672
63232
47392
68832
22944
43392
76224
33248
43296
36224
24672
46272
43232
83648
93248
27296
96448
47232
42944
36672
28768
27264
38432
23424
23296
66784
92384
98624
64672
24832
47328
62272
68224
82336
27648
96832
33984
47936
22784
64832
44384
27264
36288
28384
44736
94432
39936
22432
44224
38432
64928
29632
23232
67744
83328
48832
22272
62784
39968
27232
74432
36224
76928
96832
77248
26688
76224
64832
24672
32224
32672
