4827392
2334464
2287232
6847232
2382336
2223232
4628224
2844672
6742272
2348672
2343296
3432832
7922432
3234432
3332224
2843392
7222272
3327232
4722432
7334272
7642624
2927232
2972672
2823424
3663744
9433472
2426624
2223744
3284992
2228224
2738432
6234368
9492224
7642368
8487424
3644672
2363392
3932672
2623232
2226432
2326272
2642432
2367232
9622272
2372224
9362432
3247232
3933824
2424832
6324224
4767232
3429632
2228224
4623232
2682624
4242432
6922624
2262272
4239232
2262784
2432384
2392832
3232384
2386432
6437248
2433792
2334464
3222272
2323328
4223232
2399232
4639232
4323328
2462336
9822464
6249728
7444736
3263232
2622464
3323264
7273472
3992832
2236672
6772224
2372224
3222272
2474368
3222272
2244992
2944384
9647232
6286336
2783232
8338432
8734336
3234432
2923264
9762432
4244224
6242432
2722432
2748928
9272832
3647232
2233472
3337472
7222272
2323968
9636224
4923264
6294272
6223872
2644224
2424832
9623296
3363328
2263296
3342976
4623744
2926336
3337344
6222848
3422336
9423232
4322432
6226432
2232832
4423936
3237632
4649472
3844224
3222272
2223232
4777344
4344832
2326272
4923392
4262272
3324672
3732224
3444992
9263232
6232448
6324224
3622272
3362432
4862464
2623872
8242432
2233984
3722624
3333376
3442944
3929344
3223296
4378624
2834432
3222272
7732224
3823744
4443392
7236224
4847232
2943232
2932224
3399424
2274944
8324224
4763392
3326464
7727232
3727232
8263424
2223232
2436224
3673344
9236224
2724224
3267328
2683392
6463232
6326272
6234368
2482432
2376832
2293632
4498432
2623232
6422272
2742272
2374272
2692224
2427392
2283264
4442624
3327872
3436928
6233344
3222272
4334336
8388224
8243328
6692224
2632832
6783232
2326272
8233984
3833472
4324224
3462272
2322944
4462336
2738432
3722624
4823296
7743232
4223232
6226944
7983232
3423232
8447232
6446336
2324224
3327232
3236224
2243328
3224832
4327424
6223232
2292224
3334272
2322432
2223232
2638336
4334336
6692224
4362624
3877248
3844224
4763392
6328832
7222272
3634432
2222976
7922432
8463232
3733632
4233984
4623232
8722432
2767232
7298432
6662272
3234432
2822272
2363392
6922496
7439232
3422976
3293824
9242624
2293632
2847232
2863872
3794432
4272384
2244224
4242432
3833344
2232448
2623232
6838272
2792832
2834944
6362624
2879232
2322432
7322624
4233472
2422272
4242432
3227648
7828224
8623232
2324992
2427264
2223232
2374272
6324224
4224384
3826432
3327232
2774272
3298432
2436224
8422272
6292224
2222336
8322432
3723392
9262464
6622336
3324288
2332672
3246336
6223232
2483328
6332672
2263424
2644224
2292224
2227328
6339328
2676224
2623232
3322496
2423424
3826432
2233984
2226432
2492928
2287232
7262336
2327296
8423424
7222784
3348224
4662272
2243328
3422336
6623232
8222464
3633664
4339328
2799232
2262784
4224768
2367232
2322432
7282432
2422272
3284224
2723328
3832832
3372672
2242432
4229632
2232832
2843392
4324224
2268672
4642432
2222464
2233472
6222464
8927232
2623232
6228224
8242432
9268224
3262464
2463232
7636224
2287232
3242624
3423232
3222784
2272384
2772224
3238784
2223232
4244224
3224832
2623872
6282624
8792832
4847232
2382464
2243328
2228224
9923328
2326272
2343424
3282432
3222272
7238272
3922432
7422336
4468224
2927232
7423232
2622336
3333248
4634624
6622336
2786432
3327232
2732672
4372224
7442432
3723264
2226432
4276224
3332224
3273728
4422272
3332224
6363392
3247232
3927424
7732224
7222272
4226432
2436224
2324736
6426368
3247232
2274944
2322944
2826496
2223232
7892224
3327744
7423232
7236224
9234944
2332672
2469632
6223232
7222272
6342272
9423232
3684224
6222848
2623232
2642432
4293632
2332672
9433344
8347392
9279744
2623744
2626432
8833664
2294272
2863232
4228224
3323264
3742464
2427648
2228224
2449664
3268224
4422272
7243264
2373248
3638272
8324224
2292224
3647232
4232832
3323392
4276224
4334336
2223232
3263232
8838272
2383232
8722432
2427392
7286272
6382336
2633472
3323264
7622272
8223232
2422784
3823232
2332928
2622464
4633472
6233344
2327936
6222336
4628224
2287232
4463232
4223232
2988672
3328768
2733824
4498432
9493248
2242944
4627968
2262272
2663424
2226432
6382848
7327232
3223424
2367232
4223232
2262784
7442432
4292224
3429632
2232832
7834624
3323264
4363392
4767232
2367232
6223232
2339328
3224832
4422272
6324224
2222464
7242624
2832384
4223232
6322432
3736832
2942848
4223232
3333632
3422336
2324224
7734272
2267648
7423232
2399232
2632832
6292224
2243328
8322432
2223232
2343296
4484224
4343424
4623744
6224384
2473344
6629632
3723264
3426432
4922624
2623232
4244224
6623232
3743232
2482432
3243264
9242624
2634624
2927232
8333824
6473472
7327232
4282624
8724224
8922624
3247232
3884288
3237632
7623424
3733632
9326336
6644224
8223232
7364224
3263232
7892224
2237696
7324928
3423232
3466624
4822272
2233472
9234432
2222464
2243328
6366848
6863232
6834432
3327232
4422272
2362624
2228224
3342336
3474432
3222272
6232832
2682624
6246784
2293632
2783232
3222272
2282624
2846336
3376896
2442496
2232832
3433472
3462272
2226432
4244224
3443328
3983232
3393792
2223232
3234432
9234432
3226624
2342272
2228224
2847872
4226432
4836224
8222336
8822272
9364224
8242432
3743232
2994432
4863232
2226432
2734464
2327936
4233344
4487424
2422272
3334784
7724288
4342272
4276224
2623232
3746432
2722432
7343232
6863872
8346624
6724224
6372224
3637632
8223232
4783232
2633472
7243392
9723264
6237824
2642944
2323328
3423232
2223744
6932224
2223232
6772224
3826432
2479232
4383232
2743424
2723328
4822272
2324224
3636224
4422272
4393344
2239232
3362432
2324224
6783232
2442368
2328832
2422272
2324224
6622336
3427328
2437632
7337472
2363392
7743232
4223744
3228928
6323328
7283328
2263424
3223296
6233344
2422272
2823424
4338688
9333248
9223424
7228672
3372288
4226432
2622336
6342272
6869632
2322432
2638464
6262272
2372224
3834624
2427392
6623744
3222272
3733632
3428224
6228224
4922368
2442624
2366464
2343424
2834432
7246336
7633664
2393344
4393472
3442432
6932224
6633472
2467328
3294464
8223232
3822336
6322432
3428224
7647232
8322432
8242432
3732224
4333824
9242624
8326272
7442432
4276224
3287424
3263232
2964224
3222272
2733824
2283392
6332672
7743232
7482624
7643392
3239424
3922432
3364224
4823296
3343232
7663232
4276224
3273472
3828224
3323392
4662272
2242432
2324224
3332224
8242432
2824832
6223232
2722944
2234624
2222336
2484224
4294272
3682432
8326272
2222336
6222464
8472832
7233664
6232832
4423424
2633472
7226624
3636224
2734336
6229248
8338432
4242432
8822272
4244224
3823232
9334272
3222272
7743232
8463232
7427328
4322432
4223232
6349824
3293824
3222272
8292224
2284928
9224832
2622336
7822336
2222336
3266432
2383872
6343424
2484224
4282368
2322688
4427392
4223872
4326272
3223424
2324224
2246272
4978432
4274432
2239232
2626432
3732736
2424832
8246272
2468224
3342464
3833344
2247424
3236224
6392832
2329344
2343424
2239232
9224832
2332672
2838272
6724224
4277632
3924224
4323328
6623232
3322496
4742272
6367232
2228224
6276224
7232768
9734272
8242432
3229824
8423424
2462336
2232832
8633344
7222272
2443264
2237824
7242496
2362368
8262272
3222272
3239424
3423744
3684224
2737664
2479232
4233344
2372224
4628224
4246272
7493632
6223744
2327424
4243328
8946432
2328832
3663232
4783232
2367744
6327296
2287232
4346624
6236928
4228224
9223424
9272832
6243328
2244864
3322624
6223232
6232832
4233344
3476224
2226432
3433472
7894272
2279424
2262272
2424832
9924224
9262336
7432448
2934272
4323328
7222272
2294272
3222784
3322624
3278336
2934784
6243328
9263232
2263424
9426432
3823872
3272832
6233344
2373632
3748864
2223232
2296832
7236224
4462336
7334272
2644224
9222272
2223232
3922432
3247232
3348224
6434432
6232832
2364928
2228224
4333824
2389632
2362368
2822272
2232832
4287232
8329728
4229632
4228224
4982272
2823424
3924224
9343232
2224384
6326272
2228864
3736832
4783232
9242624
2843392
2293248
3263744
4639232
2226432
3774336
7443328
2426624
2463232
7363328
3332224
2234496
2422272
2373632
4463232
4242432
2743424
3433472
2623232
2324864
4223232
8223744
2223872
4262272
4338432
3423232
7322624
2362624
2222336
3727232
2482432
2242432
3926272
2367232
7732224
8726272
2279424
3364224
2262272
3324672
3292672
4933376
2372224
2228224
4734336
2469248
2742272
8772224
3332864
8233472
2729472
2282624
2424832
6393472
4222336
3237248
8324224
4228224
3234432
3222272
3828224
2462464
2962432
2262272
2692224
4842624
7636224
8722432
2279424
3772672
4244224
6292224
7423744
6482432
2422272
9734272
8628224
3844224
2326272
6834432
3242624
6424832
2863232
2428672
2783232
3444224
7282944
6294272
3426432
2934272
2222336
4243328
6232832
2663424
2822784
4284672
4223232
9343232
2239232
2287232
4234624
6232832
4822272
2934272
2238336
2244224
6228224
2223744
6923264
3422336
4276224
2682368
9743232
2244224
4824832
2228224
2232832
7234432
2476672
3772672
4372224
2342272
4423424
7422336
2822784
2366464
8422272
9622272
3722624
2277632
2232832
2444928
7322624
3229824
2223232
2479232
2724224
2327936
4223232
3762688
8223744
8242432
6223872
3247232
2422272
9378432
3364224
2662272
4433664
3423232
3237376
2332672
6232832
6282624
3284224
3474432
2274432
3443328
2232832
2324224
3743232
6422272
3222272
6424832
2379392
7282432
9234432
2223232
7732224
2672384
4322432
6626432
2224384
4223232
7423232
2324224
3223296
2324224
8442624
4223232
2222336
8242432
3882624
2322432
2299392
2927232
2474624
4324992
4633344
3427328
7226624
2439296
3447424
2247424
2622464
7222272
6233344
6623232
6226944
8724224
4278272
2222464
3663488
3228672
6222336
9423744
4279424
2633728
3267328
2884224
3336832
2326272
2247424
6263424
8324224
4282624
6383232
2632832
2322432
2324224
2664832
3428224
2424832
3224832
7263232
3263232
2822272
4372224
3263232
2439424
2328832
8243328
6232832
6226432
4332928
2333824
3462272
8783232
7268224
3832832
3323392
6377728
2228224
3622272
3236736
2463232
2422272
3227264
3348224
7222272
2262272
3444736
4432896
8233472
2242432
4323328
2263424
4292224
4323328
7423232
2293632
2226432
2642432
4267264
4443392
3247232
2249344
2366336
2463232
2276224
2347264
2324224
4272384
3474432
2223232
6292224
3423232
3382272
4342272
2942336
2822272
2623744
7343872
2284672
2247424
2232832
6239744
4724224
3622272
2844672
2292224
2879232
7444224
9247232
3222272
4238336
3426944
2222464
7492224
4322432
7732224
6324736
2479744
3344384
2342272
8293632
4227328
2833664
8233344
2232448
2832384
3823232
4223232
7223296
2893824
9343232
3634432
2228224
2424832
9622272
4436224
2934272
9339392
7224832
2422272
2262784
4722432
7346432
2423424
9343232
4632832
2227328
6222464
3423232
4827392
7263232
2436736
2274432
3474432
4222464
3444224
2843392
3339392
2244224
3243264
3823232
2366336
3236224
3367424
2937472
2642432
2463744
4272384
3222784
6223232
3743232
4783232
6222336
4742272
2644224
2322432
2337792
2264832
9823232
2262272
2393344
3442432
7843328
4227328
9423232
4242432
4343296
4434432
3333632
9326336
3322496
8422272
2223488
2226432
3273344
2223744
2932224
3463424
2324224
3223424
2344832
2324736
3493632
2879232
3323264
2244992
4322432
4248832
8632832
3222272
2666624
2222976
2294272
2623232
2437248
3332224
6229248
3239424
3922432
2933248
2294272
9238272
3943424
2249472
4483328
7743232
3327232
3233792
6628224
9492224
9322624
3497472
3322624
4343424
2463232
6222464
7283328
3284224
6326272
3487232
2632448
2462336
7247232
2726272
2442368
3423232
8442624
3282432
7442432
3237248
2322944
2243328
7346432
2439424
2372864
3242496
3234944
4262272
6382336
4343424
3492224
2642944
4922624
3272832
4342272
7823232
9223296
4234624
6827264
3244288
3636224
7263232
8484224
2623744
2482432
4372224
9362432
2223232
2399232
7444224
2482432
6323328
3349632
3463424
6482432
2722432
2294272
3743232
3734272
3423232
2223232
3324672
7622272
7832832
2422272
3232384
6247424
3329792
6626432
4763264
2223872
2949632
8623232
6422272
2223744
2722432
2223232
2486272
2229248
2362624
4332672
9263232
9233664
6274432
7323264
9287424
2483328
3634432
3722624
7828224
4223232
2824832
4394624
2633472
2422272
3442432
8943232
8242432
9323264
4342272
9428224
4228224
2822272
2222464
8342272
4343296
4884224
2292224
2263424
9423232
4223232
4738432
2324224
7246336
7224832
4324224
7423232
3279232
2262784
7222272
2262272
6962432
3323392
2262784
4722432
7223296
3922432
7636224
2844288
6447232
8242432
3643648
2342784
2363648
9236224
7647232
2228224
6324224
4228864
2329344
6622336
3227264
2399232
4346624
7223424
2233472
3243264
2292224
3334272
2326272
7362432
9243264
6422272
3243264
7322624
9423744
2226432
8663424
6244224
3727232
2232448
3283328
4622336
2339328
2273792
2263424
3764224
8826624
3336832
2447232
2339328
4822784
2263296
2634368
6228224
3223296
4229248
2324224
2247424
9732224
4223232
2367232
6242432
7322624
7323392
2232832
2423296
2276992
3636224
2392832
4273664
6834432
2623232
2436224
3663232
6443392
4326784
2226432
3647232
2223232
8442624
4386432
2322432
2282624
4222336
6623232
2246272
2786432
6247424
8628224
2263296
2223232
3323392
6964224
8662272
2434432
2363392
2227328
3263232
4636288
2262272
6223232
3922944
8383232
3222272
2246272
2432768
2297472
3224832
4234624
4646272
3323264
2244224
8242432
2774272
9334272
2827264
4423424
8242432
2883328
7323648
8823424
2333824
7243392
4823296
4922624
9242624
3342848
4233472
6623232
3922432
6292224
2482432
4223232
2622464
2246272
8338432
3273472
2443392
3467264
2324224
2862336
4232832
2623232
2228224
3634432
2422272
2292224
8633472
9832832
2483328
3343232
2262272
3247232
7239424
4233344
3327232
3324672
2724992
7343232
2868224
4242944
7643392
4276224
8644224
2383232
3294336
2994432
4233472
4223232
2282624
2327424
2247424
2382336
3922432
4242432
3636224
2623232
2324224
2692224
2324224
9462272
2447232
9234432
8432384
9663232
2332672
4287232
4246272
4642432
2463232
2462336
6222464
2262272
4292224
4292224
4694272
4642432
2642432
3723264
8223232
3826432
8326272
3223424
4228864
3663744
4324224
6222336
6884224
2388224
7332224
4242432
4294272
6222336
4383232
2343424
4249344
2223232
2244224
6422272
2943232
9922432
9422336
4822272
4722432
8324224
3282432
2428672
2334336
2372224
3223424
2628736
6222336
2482432
2468224
2222464
2342784
2237824
2846336
6422272
4873472
3226624
3224448
2343936
8742272
2436224
3442432
2322944
6322432
3272448
8293632
3723392
2742272
4727424
9263232
2364928
4644224
7634432
6383232
7323264
2363392
2763392
3362432
6623232
4372736
2494464
2442496
2633344
7327232
7322624
2292224
4423936
3294464
4423424
2436224
2324224
2832768
3223424
3833472
2274432
3242624
2423424
3826432
2244224
3723264
4623872
2222336
7922432
2328832
2324224
2233472
2374272
2782336
3844224
3423232
3732224
4326272
2442624
8436224
2979328
4232832
2238464
2226944
2329344
7332224
3243392
3387392
4924672
6623744
6472448
9236736
2632448
2222336
7343232
2264448
2246272
2436224
3927424
8434432
3432448
3279232
7332224
2923264
4932224
2294272
3239936
4344832
4222464
2847232
3742336
3462272
7822336
2242944
2324224
3294336
3773824
8242432
4239232
2228224
4223744
3272832
3327232
2234624
6367232
8632832
2422272
3764224
7423232
7828224
7227264
2394624
8372224
3442432
2823296
2262272
3622272
2332928
3322624
3479424
9326336
2234368
6473472
6629632
7943424
4447232
6783232
4924672
2222336
4223232
4479232
2464384
4324224
3322624
3327232
9236224
9433344
3634432
8463232
9362432
2238464
3732224
3334272
2783232
4322432
4783232
3263744
3222272
3227392
4964224
2879232
3322368
3289344
2262272
8282624
4223232
7732224
3262464
9343232
3226624
3224832
4423424
3463424
6232832
3282432
2244224
2742272
2382336
2284672
2623232
9284224
4262272
2249984
3224832
4292224
4333824
6932224
4372224
2442496
9226624
3423232
3223296
4323328
4436224
7333632
2623232
2223872
4932224
7334272
2322432
2733824
2322432
4272384
2223232
6229632
2722944
6264832
6772224
3422464
2222848
3322368
2266368
2942336
7822336
2463232
2362624
9732224
2623232
9223424
2239232
7422336
2692224
2822272
4274432
2226944
2243328
6263424
2244224
3883392
2747392
8338432
2383232
7732224
2326272
2472832
2362368
7282432
6223232
3394432
4442624
3247232
6787328
8423424
4322432
2822272
3322624
4927232
3399424
8424832
8344832
2242432
2343424
3647232
2373376
2442624
2379392
2223232
4487424
6222336
4724224
3242624
7263232
9823232
8222336
4232832
6372224
8343424
2332672
2676224
4228224
2242432
7334272
6324864
6863232
2334336
6232832
4223872
8246272
2226432
3324928
2943232
6623232
3222272
8374272
3224832
7323392
3232384
7236224
6422272
8626432
6424832
2243328
9327232
3263744
2233472
3637632
2242944
2324224
6332928
3438464
6932224
9343232
3333248
8646272
3224832
9423488
2663424
4226944
2436224
6322432
4233344
2223744
3243264
3328768
4472832
3874432
2242432
4434432
2992768
3823232
2622464
2222336
8623232
2228736
6244224
2224384
3286272
3273344
4633728
2262272
4623232
2224384
3734272
3323392
3422464
4722432
8724224
2396928
4333824
4242432
3263744
6932224
4723328
3824384
2322432
9236224
3637632
2324224
7986432
3348224
2469248
2927232
2324224
4222336
7222272
3222784
4338432
7322368
2222336
2623232
4423424
4424832
2334336
3227776
2482432
3243264
8287232
2262272
3327744
3782272
2322432
2239232
4322944
3439232
2922624
3263232
3442432
2623232
3343232
2223872
3732224
2222336
8324736
4223232
3334272
2428928
4842624
3442432
2332672
6223232
3663232
7442432
2334464
2373632
8923392
2223232
8334336
7326336
2983424
3336448
4422272
2322688
3263232
3423872
8242432
8223744
6243328
3627264
2224896
2362624
3962624
3327232
2496384
4692224
6442624
2342272
2222336
3492224
6276224
2222336
2243328
8422784
2932736
2249344
2626432
7282432
4322944
3432448
3232384
4483328
3222272
6772224
2343296
3327232
6237824
3983232
2244224
3227648
2373376
6239232
3926272
2226944
2862336
6322432
2972672
6242432
6463232
6372224
2363264
7972224
6222336
7322368
2687232
8222464
2242944
3249664
4322432
3279232
2626432
2646272
2343424
2482432
2482432
2324224
3282432
6332672
2262272
3226624
4837632
7327232
3638272
3343744
4229632
4722432
2322432
3343232
3622272
8242432
3324928
3332224
9226624
9322624
8242432
2284288
2293632
2422272
2442624
6383232
2644224
2833664
2743424
3232384
2229376
3462272
2732928
8323328
3762432
6823424
4683392
2933632
3426432
6343424
4223232
4322432
2233344
2226432
4322432
4422272
3743232
2922624
3222272
6327424
2343424
3623424
3222272
2248832
2323328
3732224
6633344
2222336
3962624
7234432
2239232
3237632
2722432
2292224
4274432
2222464
6783232
7263232
3429632
2287232
3262336
6294272
2227328
3323264
3443328
2922496
4293632
2646784
3894272
2232832
7977728
2236672
3492224
3227264
2222336
3423232
4338432
2866432
2342272
3237632
2322432
2262272
6324224
6742272
7922432
3333632
7492224
2262272
7343232
3242624
2244224
6242432
2232832
2334336
4223232
2399232
8324224
4229632
6228224
2264832
4922496
2422272
2239232
4322432
8223232
6822272
3822464
2424832
9423232
2322432
2222336
2362624
2632832
3222272
4242432
3422464
2262272
6433792
3636224
2424448
3333248
2484224
2326784
2223232
2239232
3324672
9336832
6332672
2426368
2742272
3224832
3323648
2283392
2222336
6372224
3323392
8443392
7323264
3229824
2228224
3444224
2943232
2367232
4223232
4422272
6262272
2327424
2633472
7832832
3326464
2932224
3268224
2836736
8436224
3722368
8622336
2239232
3284224
3274624
9636224
2676224
8232832
7242624
8639232
2423424
4228224
3287424
7423232
2262272
2738432
2727424
6274432
2427392
2282624
4324224
2872448
8223232
8276224
6234624
6292224
3834624
2232832
3492224
7243264
2732672
4338432
3238272
2363392
4274432
2228224
3346432
8226432
2324224
9236224
2783232
2332928
2367232
4486272
2332672
2422272
4722432
2223232
3242624
7364224
2327424
2262272
2747392
2292224
7323264
3794432
3734272
3423232
2388224
4282624
3343232
6932224
2439424
2222336
2363392
3972224
4434432
4229632
7228928
6324224
7367424
8223232
3423872
2723328
3322624
2443264
2773632
3222272
3327232
2323328
3423232
2244224
3334784
2343424
2423424
9343232
2642432
3223424
3824384
2442624
6674432
4224768
6223872
2333696
2423296
8372224
2328832
2237824
3422336
4322432
2223232
3273344
2823424
2333824
3238272
4724224
3823232
2372736
4372224
2324224
8927232
7423232
3332224
6242432
2224384
2422272
3732224
2227328
7223296
2242432
7627264
3327232
9222784
7423232
4436224
8943232
3262848
6982272
3334272
2678272
2427392
3233664
2672384
2622464
2228224
2622336
2376832
2292224
3982336
3363328
7636224
6292224
7826432
3337344
8823424
6322944
3238272
3224832
2843392
2962432
2223232
4346496
4793472
4244224
2623744
3227392
3334272
2223744
2322432
6342272
6623744
6932224
4264832
9224832
4247296
2742272
2278272
6239232
2974464
6224384
2949376
7634432
6949632
2822272
3434624
7337472
2233728
4824832
9266432
3343872
7922432
2372224
2249472
3748224
2382336
2482432
2429824
2834432
4383232
6343424
6724224
2632832
3332224
2422272
4244224
2393344
8434432
4228224
8222464
9222272
4794624
6432384
3342336
8223232
2823424
4223232
2286848
4223232
3472384
9222272
2663424
2293248
3428224
2233344
2263424
6282496
6434432
3334272
3282432
3442432
8323328
2279424
2943232
6428288
2222336
7292672
3443328
2234496
4777344
4923392
3347328
2342272
3732736
2672384
7844224
2932224
3323264
3263232
2228864
2639872
4374272
2363264
8222464
2292736
7722368
3222272
2247936
2682624
9222272
2242688
4742272
9343232
4244224
3439232
3372672
7423232
2642432
3623424
2226432
4282368
4223232
4232448
8223232
2364288
2226432
3339392
3327232
2342272
3493632
4822272
4223232
6822272
3243264
6242432
2329344
9323264
3323264
2282624
7324288
9823232
4722432
2687232
2332288
6222336
8342272
6486272
3432832
3442432
6222464
2768384
2634368
6663424
9372928
8843264
3223424
2226432
6246272
9334272
7343232
3233792
7922432
6626432
2342272
3724288
7442432
4379392
3366272
2838272
7829248
2239744
2242432
2626432
2388224
4278272
2327424
3233792
7234432
2842624
2223872
2322432
4323328
3227392
3263232
3634432
7322624
6372224
2262272
3722368
2222464
9332992
2783232
2633472
7222272
8774272
3372288
4863232
3343232
3433472
8323328
3732224
8367232
3922432
7342336
2324224
4322432
3883264
6763264
2623232
3367424
2246272
8233984
2222336
3239424
2447232
3234432
4722432
4279424
4962432
3223296
3332224
2373632
2332288
3384448
4783232
2274432
3723392
4728832
2287232
2326272
2423424
2232448
6734336
2232832
2783232
9732224
2272384
2943232
4223232
8738432
2322432
2293248
6422272
2623232
4427264
7222272
2228224
2437376
6243328
2728832
2262272
2932224
2364672
8233472
9923328
2822272
4323328
6434432
7234432
2464384
7422464
3233664
8226432
2949632
6292224
2623232
2444288
2422272
2724224
9247232
7283328
6222464
3429632
8843264
6329472
3432832
7232384
3929344
3238784
6434432
3647232
3478272
2772736
3827328
2644224
4322944
4466432
2246272
3423232
4247424
3647232
2427264
2223872
2393344
2223232
2327424
3348224
2224384
2274432
4423424
2923264
2262272
3343744
6443264
3222272
2229248
2374272
3332224
9222272
4436224
2422272
3246336
8324736
2492672
4932224
3223424
2687232
9277824
2334464
3783424
2223872
7492224
3332224
7323648
2822272
2223232
2927232
2633472
3668224
3372672
3822336
2224384
3327232
9439232
2467328
2228224
4233344
7423232
3737344
2243328
2862336
4223232
4934272
2884224
2842624
2772224
7222784
4962432
4322432
8874624
2442624
8436224
2422784
9237248
2277632
4232448
2379392
2262272
2947328
3322624
3248384
9842432
7222272
6239232
3476224
9722624
2842624
4244224
4694272
2343424
6446336
3386496
2228992
3233792
4327424
2439424
2373248
7326336
7323392
2478336
3362432
3843328
2423424
2662272
3323264
4244224
3423232
3282432
2663424
3636224
2323968
2222336
4463232
7222784
2427648
6443264
2423424
2223232
3434624
2372224
3742464
2276224
6228224
3343232
3736832
8443392
2326272
2322432
2822272
2287232
3227392
3327232
2228224
2243328
9222272
6322432
8262272
3222272
8222464
2437632
3226624
2399232
8434432
6292224
3636224
2793472
2644224
2484224
2872832
8383232
4626432
3732224
2932992
4223232
4922624
6228224
4322944
2222336
3228928
6744832
3742336
2426624
3263232
6239232
2927872
2247424
3327232
7222272
7223424
2644224
8332672
2377472
2722432
8836224
3224832
6622336
3222272
2263296
8233728
3892736
3642496
2292224
3367936
2623232
2623232
7924224
4642432
4263424
3222272
2422272
3423232
2262272
3742464
3222272
9227264
3263232
2333824
2943232
4244224
2623744
2472832
2447232
3627264
2623232
4674432
4326272
8632832
7236224
2222336
2472832
3224832
3233664
4262272
9342336
4226432
3222272
6233472
2362624
2463232
3322496
2262272
2473984
4294272
2233344
2393344
7743232
2622464
3943424
2223232
6228224
7222272
2239232
7222272
2226432
2247424
7236224
3247232
4724224
2623232
2274432
2228224
3243264
3232384
3748992
2322432
3222272
2338432
4362624
9224832
4427648
2823424
2234624
3622784
3734272
2642432
6283264
2262272
2324864
4627328
3234688
2239744
3423232
3432832
4624384
2324224
2962432
4222464
3332864
2223232
4222336
2228224
2822784
6223232
7722368
2324224
4824832
6363392
2328832
3823744
6898432
6663424
2447232
3822464
3222272
9242368
3267328
7478272
2274432
9242624
4322432
2373632
6327424
2422272
2634368
4936832
2322432
7723264
4223232
2222336
4324224
8297344
2342272
8293632
3227264
3874432
2336384
9742464
2332928
3244288
6343424
9362432
6233344
7224448
3234432
3743232
4246272
2442368
3226624
2233728
3734272
7423232
4422272
2842368
2233472
4439296
3364224
9272832
4274432
3732224
2292224
3924224
2229248
3322624
2463232
2232832
2439424
4242944
3333632
2322432
4226432
3492224
3423872
9842432
6327424
2682624
2243328
3693824
2277632
7366272
4884224
6399232
6222464
3732224
9222272
2229248
4886272
7272832
2822784
6222848
7332224
7239936
6662272
3277824
3734784
7423232
2692224
3732224
2227328
4272384
6422272
6233344
4863232
8822272
6233344
2424832
3764224
2332672
7422464
2726272
8334336
3232768
6422272
3642624
4932224
2646784
2222336
2277632
4322688
2698624
2443264
2298624
7224832
3263232
4424448
8422272
4982272
2324224
3476224
3348224
7423232
2624384
4722944
3423232
7263232
8223232
2422272
2722432
3396224
3442432
2362624
3444224
4232832
8222336
3336448
2222464
4326272
6234368
3822336
2628224
6326272
6482432
3222272
3422336
4223232
2244224
2743424
3284224
4822272
3429632
4763264
2228224
8438272
6249728
9647232
2426368
3682432
3222272
2443392
2342272
4373248
3223296
4742272
7723264
2329472
3236224
3922432
3247232
9822336
2232832
3366272
2927232
4982272
4443392
2724224
8422272
4338432
6234624
3372672
6242432
8342272
6239232
4373632
8333824
4923392
2943232
3332864
3722624
4882432
2626432
4239232
3236224
4223232
3746432
3444224
2734336
3334272
6472448
2343424
7433344
7732224
7423232
6322432
3222272
2887424
6292224
2822272
2423296
3693824
8333824
8239232
2329472
3444992
6322944
4632448
2649344
4634368
6283264
2487424
3322624
3223296
3222272
3223424
2886272
2228224
2424832
2622464
6923392
2772224
2283264
2724224
2322432
3627264
3222272
2284288
4263424
3263232
3444224
6322432
2222336
2482432
4249344
2272384
2632832
9723264
2763392
2682368
4479232
6322432
7263232
3236864
2263296
8239232
2682624
3346432
3892224
2226432
2663424
2436224
4232832
2277632
2622336
6342272
2427392
3226624
4622464
3323392
3862272
4363264
2463232
3449344
4663424
2362624
2228224
3242624
2644224
2299264
3333632
8324224
3332224
6322432
8732672
3242624
8263424
6324224
7263232
2339328
2742272
4443392
2228224
4228224
6722432
3746432
4222336
2283264
2423424
2626432
3234432
2633728
9348224
4433664
2324224
7222272
4322432
3362432
6222336
4329472
2692224
3364224
7842432
2444288
7334272
7892224
2427392
2249344
3822336
2682624
8724224
3284224
8282624
2623232
8332288
2623232
4742272
3362432
6242944
2332672
2283264
3224832
4422272
4233344
4724224
3323392
7327232
2382336
2283392
4423424
9374336
4427392
4246272
2324736
3732736
6233472
2277632
4372224
2632832
7263744
7282432
2862336
9433728
4244224
3268736
2263296
2436224
9266432
2287232
2262272
2422272
7266432
3663232
2422272
4383232
8646272
4363264
8244224
6832384
3233792
3423232
4623232
3423744
3322624
4372224
2274432
9772288
2934784
6232832
4423424
2383232
3422464
3343232
4822272
2262272
6364672
3872768
8722944
2894464
2422272
6622336
2292224
2326272
2292736
2262272
7339392
3839232
4262272
2293248
7224832
3327232
2723328
6922624
8742272
3636224
2224384
2722432
2722944
6226432
6823424
7263232
2343424
3396224
2226432
3723264
7323392
8338432
2333824
3223424
3732224
2332672
2229248
3442432
2732672
4242432
6434432
2397824
4233728
3822336
4422272
6238336
9492224
4667392
3372928
2343296
4462336
4922624
8372224
3442432
7433472
4498432
3327232
6329344
2392832
7448832
7236224
4223232
3322368
9672832
7422464
2223232
6422272
2869248
3339264
6674432
3822336
4623232
2239232
7327744
6622464
2868224
2332672
2372224
4922624
3448832
4742272
2444288
4343424
4623232
2227328
3447424
2422272
4374272
3642624
3832832
4239232
9232384
9723264
4423424
4633344
3439232
2222336
2244224
2222848
6783232
3343744
7938432
3223424
2239232
4438272
4328832
3324672
6362624
2246272
2322944
6233472
9432832
4692224
3826432
4442624
2263424
4463232
3474432
2742272
6323328
3326464
7322624
8276224
2224384
2367232
2463232
3793664
6322432
4722432
4222976
3426944
3327232
3444224
4233344
2623744
2622336
4233728
2632832
2626432
2233472
2642432
2697472
7332224
3333248
4293376
2233344
2239232
2393344
3222272
2324224
3223424
3732224
4322944
8222464
4642432
6223232
4374272
4233472
6323328
3327232
6338432
4723328
2342272
4422272
2226432
7373824
3323648
2863232
7374336
8246272
3383424
4242432
2722432
6266624
2327296
6692224
4223232
2233344
2634496
7222272
3222272
8724224
2382336
2422272
7323392
3883264
2882432
4372736
6242432
2324224
6242432
2938624
2272768
6733824
6422272
2827392
2223232
3227392
4722432
4292224
9286272
7236224
6243328
2673664
7343232
2847232
2383232
2223232
2243328
2222336
2239232
3247232
7444224
3222272
4723328
9426432
4692224
9343232
3382272
7227392
2322944
2436736
4232448
2264448
4824832
7262464
3227264
2322432
2482432
9222784
3422464
8724224
2962432
2642944
3423232
4229376
4246272
8884224
4473472
3262336
4223232
3332224
3449344
8927232
2223232
3723264
7223424
2774272
6223232
8342272
2882432
6344448
3222272
2293632
2342272
2239232
8232448
4383232
8324224
4223232
2264832
3326464
6234624
3462272
2722432
4388224
4399232
2322432
3742336
3226624
4238336
4282368
4794624
3672832
8722432
6322432
6463232
3762432
3723264
2229248
3227392
2623232
3227392
3732224
2223232
4234624
2633472
3237632
2623232
2246272
2672384
3442432
2294272
3442944
2432384
2424832
3246464
6247424
2223232
2333824
3492224
4639232
2423296
2372224
9732224
6742272
2223232
3323264
3764224
3227392
4223232
4222336
3223296
3282432
2229248
8223232
2228224
2226432
4282368
8324224
2934272
4274432
2222336
4639232
2332928
4322432
3442432
3727232
4623232
7222272
2633984
3736832
3292672
2738432
8623232
2832384
2243328
4226432
2239232
3476224
4724224
4228224
3273344
3423744
3426432
4466432
6244224
3634432
2437376
4463232
3222272
2233472
8378624
6322432
2943232
2292864
4244224
2334336
3924224
2482944
2843392
2439424
2727424
2886272
2223232
4243328
4293632
3222272
6228224
3343232
4442624
3342464
3262464
3827328
3643392
6323328
3342976
3743232
3232384
3999232
8622336
2326272
2222976
2382336
8229632
6326272
9223424
8628224
2324224
2226432
4223232
3224832
2246272
3337472
2437632
2227328
2228736
4487424
4842624
3743232
3444992
4234624
3444224
2436864
2484224
3439232
3236224
3337472
3273728
2377472
3433472
3226624
4227328
4266624
6244224
2922624
2232448
3298432
6222336
7623424
2228224
3333376
3332864
8223232
7224832
2423424
9234432
2262272
6323328
9236224
4327424
2932736
2223232
6363264
4229632
4294272
4439424
4223232
3442432
4633472
2239232
2222336
2463232
2923264
7227392
2322432
6236928
3382272
8292224
2423424
2322432
6324224
2642432
3363328
6228224
3364224
4722944
4232448
2463744
2332672
2324224
3227392
2772224
4623232
4223232
3222272
4229376
6269824
2222336
3263744
2283264
9322624
3634432
3327232
3742336
9329792
2224384
3223424
2332288
6422272
2222848
2383232
7226624
2773632
2382464
4228224
2262272
3242624
7327232
9439232
2244864
2287232
2346624
2923264
9233664
7279232
2246272
6274432
7684864
3822336
3223296
4332672
2223232
2343296
2437632
2372224
7423232
4244224
9442432
2383232
3423232
6463232
7833344
3924224
3444224
7364224
4872832
2322944
3348224
2226432
9223424
7226624
3434624
2386432
9242624
2246272
3222272
2372224
2232832
7833344
8223232
8644224
7222272
6242944
3823232
2472832
2484224
2642432
3464832
3422336
2322432
2644736
2484224
7223424
3224832
8223232
6244992
8262272
2983424
3764224
2223232
3433472
2842368
3462272
7323776
4239232
2332928
3386624
3826432
2439424
3792384
3843328
8943232
9332224
3362432
2334464
3333632
2287232
2783232
2322432
2943232
2363392
2422272
3263232
2239232
2873344
2422272
2242432
3322368
3247232
3239424
3362432
2687232
6447232
9736448
4246272
8346624
9423232
2223232
6623232
3823232
2623488
2246272
6438272
3222272
7282432
3926272
2244224
2222848
7342464
3622272
4822272
3732224
3269632
2333824
6473472
8234624
4348672
8322432
4226432
2223232
6222464
6424832
4723328
2382336
4223744
4282624
3623936
2234368
4924672
2223744
3342336
4223232
4472832
2322432
4293632
2633472
6264832
6233344
3423232
2422784
2229248
2442496
8436224
3244288
4229632
3422336
2882432
2324224
3723264
3234432
2292224
7324672
3222272
3237248
6628224
2233472
3642624
3732224
4224384
8422272
4434944
2484224
4363264
2263424
3286272
2223232
4338432
6722432
4228224
9722624
3272832
3346432
2822272
7262336
8736384
2322944
2623232
8239232
7233664
8223232
2222464
7236224
6232448
7423232
2233344
2763264
7432832
2372224
2263296
9942272
2322432
2266624
2223872
4238336
4233344
2342784
7762432
7922944
6277376
2284672
2887936
2232832
2463232
4373632
4632832
4622464
2342272
2332672
7924224
2234368
3332224
6239232
7663232
3239424
2223232
3234432
6626432
6324224
6239232
2962432
2348672
2324736
3393792
4362496
6439424
2793472
6742784
3222272
2722944
3422336
4327424
4224768
2687232
8623232
9322624
3243264
4834432
3974272
9823232
4334336
6227328
2364672
2637824
2942336
2324224
4623232
8274432
4244224
9732224
2932224
3732224
4379264
6622336
8632832
3222272
2662272
7823232
7332224
8222464
2223232
6646272
6322432
2642944
3822336
2372224
2292224
3422464
3263232
2244224
3242624
2834432
3333632
2879232
8773632
2422272
2383232
2479232
4223232
2328832
2776832
3238272
6282496
3422336
2343424
2342272
7334272
3426432
2232832
2388224
2629632
3363328
4692224
2633472
2338432
7333632
3234432
2228224
2423424
2797824
3228928
2943232
2363392
7623424
3733632
7224832
2964224
3423232
6332672
8277632
6322432
6422272
6332672
7243392
2228224
4223872
2242432
2324224
2729984
3222272
6226944
6232832
3926272
2223872
4623232
6226944
2697472
3327232
3269248
7423232
3243264
3237376
7284224
6722432
2222336
7344384
4836224
4822272
6234624
3343232
6282624
8262272
6324224
6223232
3732736
2232448
2473472
2242432
7492224
2322432
2834432
2324224
3732224
8239232
2323328
2327424
2738432
2674432
2223232
3423232
2229248
2342272
3922432
4948224
2382464
4328448
2847232
2322432
3228928
8634624
2322432
2232832
3278464
6933248
8228224
2246272
9322624
2343424
4483328
6223872
2223232
2364672
4332288
2324224
2224896
3482624
2232832
2232832
2223232
3327232
4372736
2674432
7228672
4422272
3423232
3222272
4342272
8383232
7226624
3232768
3342336
2426624
3386624
2224384
2772224
3627264
3223424
3278336
3222272
4294272
4333824
7863424
4232448
2427392
2324736
7444736
2324224
3423232
2424832
2446336
3483648
2422272
4248832
7622272
9247232
4239232
4228224
6742272
2478336
2484224
3323392
2722432
8372224
3242624
4292224
2773632
6222336
3922432
4223232
8324224
3633792
3242368
6242432
6943232
4422784
2843264
2263424
6463232
6324224
3643392
2647424
3222272
3332224
2367232
4339328
2367232
2347264
4222464
4229632
4863232
3364224
3222272
4244224
4633472
3822464
4263424
2763392
2339328
3382272
7222272
2462336
6663424
2292224
2232448
3687424
9322624
3732224
8228224
4262272
2382336
3243264
6367232
3223296
3223424
3636224
6247424
6323328
2463744
2743424
8262272
8228224
9248384
4873344
8726272
2223744
6723328
2244224
4422272
4242432
6222464
3627264
6463232
2322432
3366272
4437632
6239232
2226432
4233728
3223424
3222784
2324864
4242432
4233344
2328832
4228736
4228224
8292224
2322944
2423296
9222272
2389632
8383232
2422272
6872832
3243392
4422272
4422272
6372224
2222336
4628224
9276672
4438272
3284224
4436224
2736384
6422272
2347264
4294272
2626432
2228224
2383232
3233664
3822336
2334464
4223232
3743232
2434432
2229248
4722432
3427328
2326272
7242624
3229824
3382272
2232832
2284288
6332672
3424896
3928832
3739264
2323328
2446464
2322432
2423424
3434496
2442624
3224832
8646272
6422272
2232832
8323328
9844224
2236928
7922944
3923328
2223232
8772224
4294272
3273472
8726272
7636224
3423232
2276992
6486272
8633344
8346624
9332224
8238464
7243264
3642368
2322432
3732224
8232832
2343424
2226944
2263424
7764224
4437632
4383232
4223232
2673664
2324736
3839232
3663232
9422336
2239232
2229248
4234624
3247232
4234624
3832832
2744448
2324224
4434432
8978432
4242944
2234624
9862272
4732928
4329472
8326272
4242432
6284288
4293632
2642432
3423232
2423424
2342272
2432768
3422336
2373376
4742272
3723392
6722432
2234624
7892224
2474624
9243392
4292864
2239232
4628224
2246272
3623424
7333632
4242944
3222784
2692224
4382336
4383232
8226432
3722496
2296832
6332672
4374272
2467328
6322432
6626432
3223296
2934272
7927424
3222784
2923264
2244224
3643264
2233344
2427392
2223872
7374336
2462464
3423232
8822272
2324224
2922624
3943424
4662272
6462336
3333376
3647232
2639232
3322624
6643328
2332672
2822272
4296448
3924224
2247424
8323328
8332928
6239232
2332288
2932224
2646272
3482624
4479232
3823232
7226624
2842368
4722432
2724224
2324224
4823424
7423744
7444224
6443264
4222464
8242432
6642432
2262272
3942272
4463232
3439232
2964224
2373632
2847232
2239232
2267392
4634624
2644224
2422272
2334464
3733248
2226432
3329664
3282432
4234624
4743424
8623744
3822336
6232832
2226944
2446336
2932224
4623232
3282432
9924224
7322368
9727232
2223232
4436224
2642432
8967424
6738688
9224448
4722432
2687232
2232832
3462272
2233728
2332288
7323392
8324224
4927232
2823424
4223232
3374336
2267392
6322432
4372224
2627328
6239232
2223232
2364672
2442624
4633728
3647232
3383424
4389632
3322624
2246272
4422272
2324736
3224832
6249472
2348672
7332992
8243328
6324224
2247424
2242432
6233344
4632448
2463232
2868224
9282432
3637632
2362368
9226624
3332224
2232832
3828736
2422272
8346624
8244224
6729728
8484224
3423232
7444224
2233344
2268672
3943424
2243328
4743424
4329472
9822336
2632832
2222336
3442432
3222272
3223424
3823872
2224384
9236736
2223232
2482432
4234624
2994432
4743424
3693824
2222336
2822272
4427264
6743424
3332224
4627328
7684224
2222336
6239232
2322432
3383424
7636224
8329472
9823232
2623232
6622336
4246272
2822272
8629248
4227328
2233344
4274944
4242432
4423424
2223744
7423744
2632832
2244864
9262464
4223232
3239424
4227328
3722368
6276224
6243328
2462336
3422336
9362432
4222976
2693632
4223232
2422272
2239232
4223232
3773824
2623232
3323264
9233664
2367232
3732224
2276224
2274432
4222464
2926336
4274432
6362368
7972224
2228224
2327936
2232832
2932864
2333824
2823424
6463232
2422272
7732224
3228672
2324736
2242944
3322624
2923264
7223424
3922432
3332736
3263232
3732736
3733248
3796224
7223424
4293376
2322432
4232832
8324224
9242624
6383872
3363328
8246272
3286272
8223232
2922624
8633344
3423232
3333376
4639232
2422272
4373632
3622272
3234432
4223232
4429824
4483328
2223232
6832384
3762432
3924224
2648832
4223232
3224448
2266624
3839232
8482432
2226944
2443264
2382464
3922432
3682432
9842432
2229632
7826432
2692224
2373632
6332672
3282432
2346624
3892224
2286336
3323392
3863424
2343424
3322368
4372224
3334272
2772736
2633344
2463872
8232448
3263232
2239744
3439232
8738432
3422976
2232832
3324672
8393728
2862336
4473344
7342336
9348224
6223744
3423232
9284224
3237632
4422272
3343232
2222848
9332224
6322432
4639232
3783424
3263232
4463232
3227648
4727424
2342272
2322432
2223232
2234624
3383296
2272768
3773824
9423232
2326784
3284224
7447424
3876224
2484224
2398336
3828224
3433728
2292224
3742464
4228864
3323392
2628224
6327424
2964224
3228288
3423488
2783232
2622464
2646272
2282624
3322624
8226432
2876672
6228992
4644224
2239232
8262272
3284224
3426432
6422272
3222272
2292224
9362432
4622336
3764224
3823872
4232832
8422272
2237824
4223232
3242624
2233984
2363392
2767232
3223296
2637824
2432768
2239232
3322624
2822272
4263424
4223232
2962432
2234624
8342272
3423232
8223232
2644224
2222336
2424832
2943232
3222272
8722432
2823424
3222272
9627392
4427392
2462464
2463232
4232832
2222336
9944832
3463424
6962432
3333376
2442624
2424832
4677248
2324224
8843392
4323328
9622272
2722432
7324928
3423744
9423232
2324224
3723264
9343232
9423232
6234368
6724224
3426432
7622272
3364224
3764224
2233728
3332736
3294336
2244224
3262336
6882432
2247424
2282624
4263424
6863232
2242432
4222464
2439424
2223232
3922432
2222336
2372224
2342272
6422272
7342336
2324736
2367232
2282496
3463424
4222336
3333632
4783232
2436224
2326272
4234496
3222784
4242432
9334272
8383232
6623232
3224832
2727424
2244224
3879936
2434432
3247232
8324224
3343232
4294272
4423296
4422272
3642624
6292224
2323328
3282432
2236672
3824384
4822272
4228224
4424832
2773632
4322432
4424448
2882432
4724224
2863232
6234368
3783424
3239936
3722624
7222272
6222336
2887424
3433728
3633792
2982272
3292672
2733824
4823424
3929344
4434432
3327232
3222784
3343232
7322368
2244224
4422272
2423424
2322432
2622336
3823232
4233472
3223424
6326272
2383232
2836224
2377344
2226432
3833344
7284224
2322432
2372224
3263232
2244224
4943232
6322432
7238272
3222272
3263744
6228224
3444224
2332928
3222272
2836224
4424832
3636224
3399424
2423424
4232832
2223232
2224384
2242432
9247232
2324224
3727232
3223424
3822336
4373632
9238272
2343424
3743232
2383232
2382336
2242432
2228224
2932224
3636224
3668224
2323328
3226624
4333824
3422336
6642432
4342272
4292224
3623424
4842624
9279232
4243328
3634432
2222464
2374272
3724928
4493824
6262272
4948224
8722432
6333824
6223232
6322432
3972224
4623232
9322624
3327232
3323264
6222336
7622272
7632384
6239232
2692224
4229632
8447232
2263424
3234432
9234432
2324224
3833472
2289664
2342272
4223232
3442944
7222272
9343232
2223232
2427264
3263232
2783232
3223296
2323328
9627392
2224384
4293632
8244224
3223296
9343232
8222336
3337344
2324224
2964224
4292224
6232448
4383232
2482432
2343424
2674944
4863232
7322368
3442432
2372224
3392768
2332672
2824832
2372224
6324224
3723392
3327232
2228224
2823936
4223232
6882432
2264832
7222272
3332864
4223232
3343232
2842624
2223232
8322432
3642624
2774272
2426368
4633344
3444864
2844672
7343232
3323264
2943232
6223232
6746624
2882432
4327424
3236224
3348224
2292736
4248832
2324224
2326272
3226368
7343232
4388224
2243328
7487232
2932224
2842624
4338432
7428224
2363392
2242432
2482432
3924224
2363648
3348224
2482432
2729472
3823232
6723328
2232832
2423296
3344384
3774336
7238272
3322624
8623872
6228224
6243328
6342272
3433728
3244672
3794432
2332928
3436288
7863424
2837632
8246272
6372224
7479424
2322432
2372224
4933248
2343296
2278272
2249344
7423232
4927232
3973248
2372224
8262272
7422464
3227392
9236224
3922432
2232832
7333632
7732224
2463232
3333632
4623232
3326336
3332224
9236224
8242432
2228224
2226432
3686272
4263424
2482432
4327424
3823232
3623424
4724224
2328832
2332672
3284224
4262272
2324224
3283328
4244224
3222272
7972224
4434432
2732288
4962432
4229632
7428224
8424448
8244224
9224832
6484224
3234432
3892224
3323264
2223232
2322944
2263424
2222336
3642624
7222784
2223232
2232832
2623872
9268224
4244224
8223232
2334464
4274432
4269824
3272448
3324928
7663232
9227264
7323264
3268224
7634432
2362624
3322624
4277632
3363328
2836224
4272384
2463232
2469632
7922432
4774272
2228224
3924224
2229248
3482624
4374272
2226432
9332224
3233792
4293632
2324224
6868224
3722624
2623232
2836224
3346432
9732224
4436224
2223872
2244224
4722432
4626432
6622464
3342336
7322368
3732224
2372224
4962432
6332672
6342272
3323264
6233344
4322432
3223424
3326464
7924224
2633344
3823872
6328832
3269632
7463424
2343424
4826368
3346432
3226624
2628224
2836736
4383232
2224384
4223232
3222272
3892224
2932224
3242624
4674432
4823296
4334336
2724992
2224768
2772224
8692224
7439872
6322944
2342272
3222272
7429376
2442624
6229632
2482432
9222272
2783872
3327232
2223872
3236224
9328384
3277824
3386496
3323776
4223232
2623232
2482432
2622464
2383232
6222336
3222272
2223744
2232832
7282432
3263232
3828224
3247232
6822272
3439232
6244224
3367424
6628736
2367232
7324928
3238272
4443264
4822784
6222336
8223232
2224384
2292224
6643328
2347264
4227328
7322624
7423232
4242432
2722432
3988224
6242944
8244224
6393472
3327232
2323328
2783232
3223296
2423424
8722432
2333824
3492224
7282432
2362624
8324224
2742272
4422272
6442624
2236672
6223232
2239744
2642432
4628736
2286336
8342272
3363328
2324224
2292224
6836224
4722432
4242688
3623296
3432448
6228224
2328832
2249472
6422272
2224384
2222848
3427328
2243328
3243776
3244288
9323264
3262464
4447232
3727232
3227264
4222464
6239232
3433344
7438336
3334272
3223424
4322432
2623232
2223232
3374336
4492672
6324224
8223232
4422272
8943232
7636224
2722432
4244224
3842944
7366272
8423424
3732992
2822272
3227264
4233344
7223424
9327232
9223424
7234432
4674432
2249344
6438272
2743424
2644224
9348224
3423232
3364224
4726272
3224832
7663232
3332224
4282624
2667264
9343232
3429248
2243328
2273792
3293824
4623232
3223424
2943232
4732928
2943232
9474432
2274432
4342272
3672832
4432896
3422336
4223232
2943232
9362432
3932288
3222272
3292928
4287232
4293632
3922432
6229632
2282624
3826432
2367232
2239232
2262272
3346432
4333824
4274432
3343744
7922432
8363264
9442432
3463424
8239232
2233472
2283264
2622336
2263296
3236224
2242432
3263232
7383424
4423936
2473472
2336896
2292224
4243328
6486272
9426432
3332224
9327232
3423232
2338432
7663232
4633472
6226432
3332224
9236224
6422272
3826432
6623232
9492224
2277632
4223232
2272384
4873344
2432768
4342272
3734272
7226624
6226432
3663232
2322432
2283264
2324864
3423232
2232832
3299328
4242432
2228224
4239232
3333632
3732224
2232832
9622272
2228224
3892224
9236224
2383488
2222336
3222272
7662464
8222336
7444224
2442496
6239872
4939264
6234624
2463744
8322432
2386432
6727424
2343424
8222336
4722432
2292224
7826432
8738432
7463424
4846336
4327424
2277632
3636224
2932224
2369792
4223232
4922624
6422272
3268224
4772224
2722432
2279424
6332928
2427648
4622336
3732224
6276224
2226432
7834624
3247232
2633728
3327232
3362432
2222336
3627264
3844224
2322432
3423232
2469632
8243328
3332736
2279424
8226432
2223744
2766464
4229632
3833344
2223232
7343232
3327232
4743424
4244224
2772224
2286336
2329344
8344832
2446336
4262272
9663232
2233344
4322432
3423232
2842624
3743232
2642432
3333248
2374272
2244224
3764224
3967232
2274432
2262272
2222336
4242432
2433792
2343424
2383232
4234624
3232384
9429248
3423488
6434432
6233344
2223232
2322432
2623872
2422272
2378624
2772224
8283264
4333824
9323264
7444224
2493824
4722432
2226432
4884224
2382336
3623424
8223872
3364224
3663232
2232832
3247232
2667264
7442432
6342272
2722432
3222272
3732224
6292224
4223232
3224832
6242432
2722432
2466432
2228224
3834368
9364224
3423232
6322432
4468224
2294272
3822336
2324224
2932224
4322432
2223232
3327232
7322624
3876224
3823232
4443392
2226432
2832384
3643264
3298432
3332224
4348672
2294272
4322432
2372224
7263232
6228224
2223872
4482432
4263424
3492224
2388224
2443264
2338432
9342464
7238272
8244224
6263424
4226432
2623232
3333376
2238464
6383232
8242432
2228224
4222464
6223232
2234624
7236224
2822272
3222272
3483264
3636224
2484224
3263232
2322688
2332672
4383232
2242432
7364224
2286336
2424832
8433792
3236224
2722432
3423232
2734336
3644672
4822272
2962432
4632832
8244224
2642432
4423424
2322432
2744832
2222464
3972224
3224832
2297472
2274432
3242368
2232832
3263232
3232384
6383232
3336832
2233472
4287232
3233664
8223232
2377472
6623232
2634624
2838272
8372224
3492224
7236224
8223232
6222976
6482432
2647296
7972224
2724736
4472832
9247232
4923392
3382272
2243328
2439424
3266432
3343232
2228224
3824384
2232832
2628224
8334336
2366464
3263232
2366336
4333824
2822272
2332928
4943232
8232448
2932224
3222272
2623232
2996224
2868224
6423424
3332224
6324224
8226432
3284736
4434432
3384448
4423296
6223232
6232832
4922624
2229376
3337472
3222272
4423424
4333824
4747264
3222272
3362432
3829632
8283264
2233472
7228672
2434432
2292224
2226432
4342272
3333632
4226432
7226624
8222336
2223232
7623424
4262272
2792832
3327232
4287232
7322368
3246336
9823232
3723264
4372224
4327424
7242496
7222272
3423232
4442624
2437632
9993472
2422272
7429632
8623232
4222464
4424448
7233664
2343424
6293632
3322624
3422464
4463232
3362432
3742336
4822272
3322624
2863232
2886272
2338432
6772224
2873344
4262272
3748224
3322368
2423424
2389632
3272832
2264832
3284736
2423424
3262464
6463232
2372224
3323648
2268928
2332928
2946432
2236288
2444288
4324224
2326272
4242432
6383232
2232832
3244288
2223232
4334336
2483328
8242432
6262272
4233472
2793344
6382336
2722432
2962432
4244224
3423232
2242432
6276224
8263424
4242432
2222848
3327232
2332672
2227328
2623232
2783232
7432832
2472832
2426624
2244224
2226432
3492224
3743232
2239232
2233344
2243328
2222336
2422272
8242432
2462464
2462336
6229632
2423424
2267264
3263232
7322624
3343232
2322432
6323328
2269824
2674432
2263424
2623232
3342336
2223232
2644224
2638336
3727232
2324992
7627264
9732224
2274432
8423424
2322688
4623232
2292224
2262272
2423936
2324224
8223232
4223232
7322624
4324224
4223232
3273472
2923776
2783232
2239232
2632448
3622272
2797824
3732736
9223936
3382272
3426432
6932224
2223232
4383232
4428288
4287232
4623232
2622464
3384832
2233472
8692224
8927232
2322432
4322432
3222272
3323392
3236224
3727232
3743232
2863232
2426624
4666624
4644224
4293632
3823232
3643264
3234432
6342272
2264832
2347264
2443264
6322432
2324736
2323328
6343424
6772224
3633664
2223744
2223232
3246336
2333824
2736384
7732224
2292864
2742272
8223232
2264832
3236224
6262272
2324224
2324224
2889344
4244224
2339328
2863232
8473344
3322624
2228224
7663232
2267264
4723328
4742272
4223232
2233472
2232832
7334272
8233344
9833728
7247232
2242432
7263232
7323392
2822272
3762432
2264832
4228224
9242624
2322432
9343232
2623744
4229632
8632832
4244224
2322432
3337344
2823424
4334336
2826496
2223232
2322432
8262272
3242624
2324224
2387328
6424832
6233472
2244224
7323392
6223232
7236864
2322432
2479232
3247232
2438272
7332224
6339328
9443328
4634624
3234432
2683392
3924224
2233344
4246272
9327232
3423232
3823232
7236224
2266624
2228224
4276224
3263232
2222336
6383232
2322944
4932224
2239232
2242432
2443264
2922624
2399232
3474432
6243328
2422272
7267328
3423488
4274432
4663936
3282432
6342272
6222336
4677632
7236224
3348224
3243648
2623232
2746624
2243328
3333632
3233792
2332672
2373248
8263424
3922432
2447232
7337472
3242624
8242432
2234624
6277632
2223232
2283264
2322432
3272448
2229632
2834432
3284224
3332736
2367232
2763264
4323328
6239232
2738432
4322432
2623232
2324224
3463424
3764224
2436224
9362432
2823424
3636224
4238336
4473344
8342272
2223232
2232832
4882432
2322432
3427328
3222272
7332224
7423232
2393344
4424448
3243264
2738432
2634496
4822272
3242624
2322432
3298432
8263424
2436224
3438336
4222336
2272384
2232448
3732224
3332224
3272832
3423232
2246272
3843328
4226432
2342272
4447232
4933248
2283264
2367232
4223232
3862272
6223232
2377344
2627328
2239232
3428224
7463424
2338432
2324224
4933248
3823232
9236224
2226432
4223232
2223232
6223232
2236672
3332224
4336384
4223232
4227328
6433664
3324672
2633472
6324224
3378432
2228992
7239424
2799232
3222272
4338432
4223232
2932736
2322432
3474432
2244224
6636288
3623424
6247424
6623232
2367232
4463232
3234432
3282432
2344832
6286336
2424832
8226432
2822272
8372224
3327232
8334336
2244224
8223232
4223232
6232832
2383232
2463232
4243328
2426624
2392832
2734336
6239232
4226432
2482432
2372224
8226432
3266432
8242432
3268224
2267392
3972224
2326784
2242944
2347264
4434432
3862272
4223232
4372224
2724224
6463232
4292224
6463232
3974272
3223424
2222336
3423232
4229248
2332288
4223232
4243328
2863232
2674432
7226624
3233664
3227264
4742272
2422272
8374272
2228224
7863424
4372224
3862272
4362624
4386432
4734336
6322432
2327424
6322432
2223232
9273984
6422784
2623232
4642432
2233344
7234432
4373632
3263232
2623232
2223232
2722432
4462336
2323328
2882432
6243328
2928384
3337984
2463232
4623232
2222336
2242432
4242432
4822272
4424448
7242624
2738432
3484288
4327424
3423232
4222336
2283264
3487232
3423232
2242432
8264832
2932224
2262272
3442432
2222336
3322624
7327232
3423232
3679232
6484224
3223296
3247232
2962432
6228224
8474624
2262272
4389632
4627328
2646272
4282624
4373248
2847232
4324224
3324672
4222976
6239232
8223744
6744832
2484224
4263424
4222336
3294336
9447424
2223232
8223232
2429824
2742272
4223872
3322368
3647232
7282432
3823232
2222336
2836224
2623744
2797824
3243264
6724224
3324672
2276224
3423232
2722432
7262464
3263232
7343232
9343232
4297344
4223232
2239232
3324672
2727424
3222272
3733248
2426624
4329472
4324224
3222272
2427264
3228672
3237632
4744832
4293632
6242432
2836224
9423232
3427328
7338624
4443392
4263936
4434432
8283264
2623232
6827264
2629632
4223232
2463872
3272448
4323328
6372224
6732288
7942272
4376832
9332224
8244224
2642432
6342272
6222336
3444224
2842624
3378432
3663232
4233472
7922432
4326272
2426624
6227328
9422336
9332992
7243392
2239232
3723264
9663232
3343232
2292224
9378432
3434624
3732224
4246272
2232832
2438272
7323264
2292224
6232832
6342272
4423424
2434432
2343296
9327232
2232832
7279232
2423424
2322944
4629632
2822272
4283392
7862272
2842624
2388224
2222336
3263232
7262464
9223936
3222272
2272384
4226432
3222272
2233344
4238336
2249344
3322624
2324224
3442944
3444224
3623936
2863232
2823936
2322432
8223232
3842432
7243264
2243328
3226496
9239296
3478272
9243392
9663232
3924224
6239232
3723264
3226624
2424832
2222336
4228224
2222336
2422272
6322432
4324224
9323264
3327232
4232448
4843264
2292224
7322368
3282432
3823232
4323328
2322688
3272448
3332224
7863424
9332224
3844224
3423232
3348736
6326272
2238464
6292224
3327744
4422272
9332224
4274432
2962432
7322624
3463424
3323648
8322432
8263424
8422272
3333376
4334336
2644224
3462272
2722432
3967232
3224832
7876224
6742272
2324224
2374272
6644224
3327232
6632832
2392832
3722624
2842624
4633344
6222464
4468224
3324928
3323392
2236672
3323392
2249728
3426432
7327232
2373632
2226944
3222272
2236672
2362624
2484992
2243328
2329344
9343232
2373632
2222336
8223232
6232832
3647232
3237632
3839232
2222336
9247232
3342464
4424832
2732672
7343232
4639232
2244224
6422784
4244224
3322624
4422272
7334272
2222464
7323392
9862272
4222336
8633344
4262272
6434432
2222336
2422784
6228224
4248832
2996224
7892224
4323328
4633728
3222272
6322944
2322432
3636224
4222464
3282432
4383488
2663424
2943232
3422336
2244224
2479232
9237632
3622272
2923264
2247424
6382336
4927232
4277248
2436224
4436224
9222272
2722432
2324224
8732928
2228224
2722432
2393472
3234944
4274432
3273472
2222848
2632832
3423488
3762432
2482432
2223232
4334464
6623232
4223232
4322432
3383424
4423424
2343936
2628224
2292224
3762432
4463232
3263232
6322432
3726336
3623424
4244224
3634432
2664832
2388224
2466432
7743232
2834432
3222272
3832832
2633344
4422272
7348224
9222272
4863232
3322624
4227328
8263424
2242432
2436736
2292224
9273472
2333824
6324224
2422272
2322432
4932224
3223296
4738432
2246784
2436224
2232832
2422272
6242432
4263424
3237632
2367232
2287232
2774272
4622336
3273344
7382272
7343232
4276224
7327232
2233472
3742336
8623232
2228224
3272832
2437632
9236224
4263424
6327424
3367424
6834432
2322432
9622272
4377344
2382464
2732672
8223232
4342272
6223232
7236224
8262272
3222272
2232832
6663424
7223424
3222272
3323392
2224384
2242432
3332864
4238336
2322432
2234624
3222272
2223232
3423232
3762432
2242432
2692224
2228224
8432384
4423424
9236224
2332928
2374272
2342272
3732224
7284224
2232832
6323328
6223232
2342272
9362432
2644224
4438272
2342272
4242432
4334336
3343872
2324224
6228224
3263232
7662336
2223232
3334272
2246272
2943232
2834432
3226624
2228224
7364224
2242944
2342272
4333824
3434624
7223424
2424832
4244224
6322432
6868224
4622336
2482432
2324224
6239232
2222848
8327424
2232832
2438272
7332224
6232832
2222336
3423232
4223744
2223232
3226624
4322944
2262272
3732736
8424832
3334272
4223232
2434432
2223232
2233344
3222272
7963392
2774272
4722432
2484224
6223232
7234432
2842624
2223232
2323328
9222272
9243264
2322432
4442624
4742272
2422272
2344832
2324224
7322368
6324224
2324736
2223232
4373632
2722432
2223232
3423232
2424448
2763392
4222464
2228224
2322432
6463232
3673344
4326272
7832832
2297344
2264832
2222336
7343232
2292224
3222272
2222336
2727296
6634624
4623232
4292224
2823424
4222464
4242944
2783232
7824384
7323392
2623232
4663424
2322432
2332288
9374336
3622272
7423232
4842624
2463232
4373248
3348224
2644224
2292224
8223232
4234624
8234624
9246336
2223232
2372224
2338944
6323328
7732224
7223296
3622272
3823232
2422272
2223872
2262272
7263232
3222272
3333632
4422272
2287232
3239424
3364224
2228224
2633472
6243328
2277632
2224896
7823232
2623232
2843264
2943232
2263296
3462272
3223424
6434432
3732224
4724224
2246272
2623232
4443392
2926336
6633728
2364672
4222336
2243328
4783232
2623232
6372224
2233984
2223232
7327232
2233472
2322432
2222336
4242432
3222272
3476224
4222336
7282432
3332224
2222336
2226432
7636224
8622336
2276224
2623232
3242624
2633472
2322432
2922624
2484224
2423424
3327232
2443392
3222272
4373376
2446336
4922624
2223232
7236224
2722432
3228672
3263872
3432832
7892224
8229632
2393472
6463232
3423232
2443264
3273344
2732672
2427392
2239232
3476224
3423232
6264832
2279424
3734272
7422464
7232768
9269248
4223232
2932224
2733824
2223232
6324224
2329344
4323328
2462336
2623232
4336384
2362496
2223232
6228224
3463424
9266432
4222336
7423232
2262272
3349248
9263872
4399232
7442432
3222784
2247424
8383232
3637248
3743232
2623232
2783232
3343232
6224384
2727424
4226432
7442432
2623232
2329472
2282624
2223232
4242432
2222464
2223872
3743232
2277632
2324224
3433344
2634624
2244224
4242432
7323648
6327424
6622464
3822336
8623232
4233728
7342336
6422272
3662336
3442432
3273472
3423232
3227264
2226432
4246272
4436224
2223232
3423872
4223232
6692224
8324224
3833344
2232448
3668224
2734336
3234432
6362624
7926784
6223872
2223872
2322432
4922368
4292224
9222784
2338432
2437632
2323328
3294336
2873344
9332224
3438336
9268224
4249344
2239232
3633664
3484672
6623232
3926272
8363264
4383232
2366336
2424832
4473344
7922432
6222464
3764224
3622272
4223744
3284224
6642432
3924224
3346688
9343232
4274432
2322432
4432384
4233472
2228224
7732224
4223232
2328832
6228224
2326272
2746624
3232384
3263744
3263232
2234368
2729344
3232768
3263232
6243328
2234624
2226432
3232384
3222272
2324224
2822272
3322624
3342464
4246272
8238464
2472448
4227328
2292224
2224384
2244224
6324224
6447232
8223232
8342272
3382272
2667648
3442432
4322432
4422272
7243392
4248832
2629632
2262272
3733248
9284224
2223232
2244224
4434432
2232832
2292736
2432384
6222336
2322432
4232832
2322432
2262272
3242624
2222848
2233344
3232384
2422272
2233472
9222272
4223232
3472384
2324224
3332224
2332672
2223232
6226432
3234432
2277632
9223424
4274432
2896384
2226432
2226432
2823424
2382336
2223872
3423232
2223232
3343232
3426432
3436672
4334336
2223232
3243264
2242432
2644224
3623424
2932224
4246272
4422272
3663232
2264832
2932224
2324224
8222848
2873344
4242432
3422464
2732928
6233344
2236928
3327232
3332224
2333824
4622464
2382336
2284288
2222336
2239744
2222336
3622272
3833472
3327232
3627264
2423424
4226432
2822272
2223232
8226432
3433472

