234292224
246623232
292242432
433247232
482792448
863228928
234228224
283423232
326222336
387766784
233242624
234422272
987922432
939636224
223263232
339384832
344223232
322934784
793227264
938379264
229372736
762842624
224233472
332323328
484732928
972443648
282322432
469983232
673636672
943634944
643337728
932722944
224223232
223243264
238947328
336489472
378293248
743883264
862327296
276882432
326427648
286367232
846239232
324666368
962783232
232242688
278734336
624873472
882663424
222222336
223222272
422629376
329273472
383734784
724939264
268222464
278839296
424722432
836222976
297227264
326838272
376287232
732732672
484323328
488223232
246729728
279243776
683346944
822324224
983438336
396623872
429842944
244242432
922834944
232244224
298794496
963922432
472397824
748767232
264927744
432889344
276927488
872246272
393827328
424682496
498336768
946234368
934762496
393297664
932827648
646782464
266297344
482339328
263783424
334327296
839263232
379327488
947622272
298723328
274629632
432223232
687248384
832794624
338228224
498377728
942736384
328923648
388643328
296382464
866292224
928223744
363292672
673337344
262324224
264978432
282396672
794492928
333369728
846222848
982223872
337362944
664632832
736628224
274228224
793334784
339688448
928922624
438779392
246682624
249336832
244664832
223376896
922324992
273364736
493394432
449823232
226294272
239794432
424282624
733878272
849483776
262748672
347262464
294428672
333246464
732982272
272393792
342324224
684274688
972933632
262947328
367263744
247273472
222226432
292494336
442664448
366328832
272438272
487222272
736346624
242333696
422634496
243427328
942286336
274783232
366326272
636892672
264863232
348347392
323768832
738322944
872443392
266676224
282933248
932343296
992436224
432924672
363446272
267743232
392283648
266293248
729727296
224296448
269247232
333842944
262236672
343328768
226827264
293938432
334823424
737623296
222966784
629392384
662298624
922364672
274424832
846947328
873462272
329268224
432782336
934427648
962296832
742633984
742247936
832822784
934264832
787344384
833227264
623436288
333328384
377844736
397394432
222439936
834322432
737844224
878738432
242364928
484229632
678623232
662367744
973283328
232248832
834422272
342262784
723939968
927327232
264274432
422836224
324476928
928696832
234677248
242226688
282676224
233464832
263324672
346932224
266332672
