3428224
8623232
2772224
8624896
4272896
2343424
4972288
2932224
8226944
3833984
2236672
2292736
6364928
2227968
2334464
6372224
2382336
2222336
3337984
6949632
6239232
6648832
4223232
2239232
2623232
3836672
2332672
3862272
3322624
3793664
9266432
4897792
4743424
2924288
9243392
2894464
2463232
9397632
2322432
9686272
6663424
6427264
9242624
3732224
8222336
3277824
2477824
4279424
2328832
2896384
3638272
9844224
3423232
3339392
9223936
3236224
7394432
2223744
3834624
4242432
4422272
7348224
7764224
3433472
3669248
3492224
2242432
3232768
2274432
2623744
3374336
6322432
7263232
2783232
2462336
2342272
2639872
7662336
4927232
2873344
3242624
6324224
3786624
2692224
9372928
2432896
3362944
8239232
3434368
3287296
8223232
4979328
2766464
3234432
4824832
2342272
9742336
2229632
3862272
9223424
6247936
2334464
2422272
2476672
3324288
4433792
2926336
3874432
3244672
2727424
6222336
2722432
2447872
9328384
3247744
3863424
2263424
3673344
2283392
2223232
8743936
8647296
4863744
3623296
4843392
9423232
7472384
3732224
8692224
3322368
2324736
2337792
3273344
2247424
8663424
3732224
3432448
2243328
2262272
2322432
2632832
2223872
3283328
7693824
8262272
6836224
2322432
3662464
3772928
2678272
2262272
2247424
2422272
6227328
3477248
8423936
4324224
3874432
6396672
6222848
6473472
3482624
3232384
2862976
7493632
4229376
4632832
2226944
7794432
4283392
6933248
3268224
6922624
6386432
2326272
2632832
4242432
2228224
3272832
2796288
3626496
3433728
4342272
8388224
8222336
3332224
8223232
3732224
9332224
7227392
2432384
2623232
7326336
2239232
3324672
3287424
7333248
7463424
2283264
4366464
2396928
7622272
7826432
3233792
3444736
2372224
2727424
4293632
3327232
7932672
8646272
4329472
6424832
9327232
4822272
3324672
4729472
2473344
2329728
3423232
7282432
2492672
3449472
2439424
2249472
9822464
2223232
8223232
3298432
9327872
6222336
3344384
8293632
8772224
3222272
2236928
7222272
6393344
3867392
3343872
2782336
2639872
2772224
3446272
2234368
2286336
2744832
3227392
7332224
6326272
2243328
4722944
3336832
3263232
6434688
8267648
2399232
2822272
2623232
2447232
4462336
3849984
2633472
3332224
9373824
6324224
2236672
2228224
6332928
6726784
6772224
3239424
3434624
2283648
2792448
2222976
2234624
9364992
2466432
3298432
4639232
8232832
7622272
3839232
2223232
3332224
3623424
2783232
6327424
2364288
6367232
3828736
2274944
9292288
2262272
9826432
2693248
4223744
2334464
2424832
2237824
4223232
2362496
2292224
7324672
4823424
2422272
3624448
4246272
7327232
3872768
2222336
8442368
3743744
7444224
7326336
2386432
3222272
6623232
2482432
3672832
2422272
4233344
4633472
2278272
2334336
2274432
2224384
2223872
3247744
9236224
2628224
9933824
2223872
4683264
2224384
6763392
3429632
3348224
9232384
3439232
2468224
4664832
7782272
3833344
6367232
7942272
8692224
8623232
3272832
6276224
2727424
3348736
7942272
4943232
2926336
4332672
2239872
3228672
8962432
7282432
4836736
8982272
2642432
3327744
2329344
4223744
4948224
3323648
3994624
2324224
7422464
8639232
2772224
3272832
2744832
2267264
9622272
2236672
2282624
6268928
9842432
9878272
2322432
7322624
4438272
2437248
2722432
4479232
6343424
2463744
9332224
2879744
7444736
6772224
2874624
6249472
3243392
2623232
2223232
4468992
4737664
9279232
2223232
2372224
3282432
2272768
2693248
2379264
9222784
7272448
3298432
2722432
4383232
4222464
2293632
7482624
2262272
2732288
3782272
2837632
4239232
2324224
4463232
3842432
7833344
2346624
3234432
2233472
4239744
8324224
2492928
6447232
2627328
4997376
6343936
2372864
3679232
3423232
6244224
4643328
3382272
9736448
2283264
4372224
7284224
2338432
3238272
2222336
7324928
2287232
4626432
6228224
3284224
3794432
2692224
2277632
4428672
6923392
3433472
2772224
2349824
2233728
4623872
2629376
4397824
7762432
2939392
2642944
9223424
8293632
4346368
4372736
2943872
9298944
4783232
2623232
9222272
6843392
2228224
2233472
7472896
8772224
4946432
8722432
3227392
4792832
4363264
2226432
9242624
6622336
3226624
9378432
2322432
2334336
2338944
6322432
2934272
8264832
7227264
3442944
8223488
3463424
9323648
4628224
4324224
8823424
6648832
2422784
2674432
7332224
2242432
3222272
2666624
6222336
9384832
7362944
6722432
4327424
3343232
4767232
3663744
7662336
4983296
3323648
3449728
2276224
3882624
9332224
4436224
2772736
7634432
6424448
3796224
2334336
4836224
2722432
8624896
2292864
9267328
6422272
4322688
2924288
2724224
2393344
2226432
6242432
2262272
3743232
4634624
9362432
3289344
2623232
3822336
9343232
8223232
2234624
2249344
8687232
4232832
2226432
7226624
7342464
6222976
6322432
3273472
3222272
4826624
7423872
3232768
3222272
8294272
2283264
4223232
6872832
9682432
2997376
4884224
6932736
2247424
3722624
3764736
2492672
2463232
3427328
2286336
3426688
4434432
6724864
8462336
2837632
3432448
4244224
9247744
2223232
4934272
2234624
8383232
3637248
4422272
2324224
4694272
2723328
3222272
3828224
3336832
4693632
4234496
3272832
4388224
8323328
3236736
3732224
7227264
3232896
2932992
2264448
7444224
9327232
3349632
4927232
3333632
9738368
4336384
2638336
2862464
9923328
7924736
2863232
2324992
4823424
7222272
9327232
7274624
4223232
3263232
3348736
8229632
2362624
2622336
9627392
4927744
4483328
3222272
3622272
2262272
7282432
7423232
6222336
4224384
3642368
7622272
3439232
3823232
9487232
6399232
3423232
4367232
2296832
2292224
2427392
3222272
6233344
7972224
3244672
4633728
2246272
4328448
9264384
2364672
4743424
2233728
3663232
3367424
3723264
6323328
2329984
6347392
8687232
6264832
4372992
2232832
2422272
2424448
9247232
4936832
8362624
2823424
2662272
9494272
8333824
2827264
4372864
3783424
2932992
7274624
3332224
2878464
8964224
7364224
2439424
9433344
3728384
3389824
2367232
4224768
2434432
9333376
3263744
4222464
7292288
2423424
4229248
8488448
4343936
6226432
7226624
6268672
7339264
7439872
6437632
2392448
2223872
4374272
6628224
4223232
4274944
3732224
7364224
8228224
4777344
9492224
3222272
2324224
6834432
4744832
6632832
3738624
2722944
3928832
3423232
7636224
2639232
6837248
3663232
3483392
7277824
3333376
3842432
3732224
6233344
4282624
7794432
2263424
6283264
6763776
9627392
3327232
3862272
3346432
3339264
7733248
2332672
3434624
6383872
9224832
3462272
2924288
4822272
3638272
9333376
3444224
4296448
2284928
7737344
7423232
2463744
8248832
3933824
2382336
3892224
2249344
3343232
9246336
6383232
3938432
8274944
3343232
9423488
8223744
8492288
2246272
2622336
3862272
2682624
4223488
2322432
7343744
2667648
4922624
8623232
2422272
2626432
7927296
8334336
2747264
3886464
8232448
3887232
3323264
4223232
4772224
2978432
4677248
4422784
8882432
4276736
3292928
2244224
6223232
7466624
7222784
9294464
4722432
2242944
3322624
2247424
6923392
4223232
2233344
3332224
2222464
6292224
9244288
2927232
4223232
3222272
2342272
4782336
3223424
3323264
4324224
4397824
6487424
2697472
3384832
8223232
3973632
7932672
8432384
4372224
2324224
4263424
4373632
2492928
9844224
9266432
2223232
6932224
3892224
3792384
2922624
2334336
2332672
4666624
9343232
8372224
6262272
9422336
2223872
4223744
2766976
7373824
2623232
4326272
6832384
3743232
2633472
4427392
4364928
2934784
8728832
3236736
7362944
7323648
6273792
2392832
4272896
8373632
3334272
6262272
2472448
3483392
8227328
4277248
7382272
3447424
3343232
6324992
6239232
2262272
2223744
2244224
2322432
3477248
2996224
8322432
2262272
2222976
6383232
3863424
3323264
2224384
2623488
6324224
2232832
2226432
8344832
4772224
4263424
4274432
7439232
8438272
2623232
2366976
3668224
6487424
3926272
9433472
8323328
3429632
4222336
4622464
2326784
2322432
3323264
3263232
4842624
2237824
6292224
2222464
8363264
6228224
4473344
4623232
9224832
3623424
4843264
3423232
6239232
2724224
2233344
3726336
4226432
8273664
6463232
3642624
3636224
2378496
6648832
8342784
2882432
3228928
2247424
2622464
3247232
3933824
3323648
2332928
6389248
3843328
2772224
2474624
3828224
8463232
3224832
9724672
3924224
7277824
8823424
3244928
8347264
3246336
2326784
2822272
2223872
3462272
2472448
9284224
2934272
3273472
3332736
4394624
6422272
2493696
9374336
3949824
3636224
2978432
2422272
8374272
3932672
2434432
6223232
8442624
2223232
2244224
6644224
4322432
9423232
4232832
6383232
8249344
7273728
3396224
2232832
3322624
3327232
3242624
2324736
7636224
2244224
4284928
2277376
2692224
2266368
2462464
2639232
2223232
9332224
6292224
4338432
2327424
7322624
4946944
8326272
9483392
6623232
6342272
3232384
6423296
2223232
9647232
2239488
4274432
2293632
8447232
2367232
3633792
4343424
6223232
2364928
2993664
8234624
4233728
6223232
2243328
4439424
8622336
2482432
3739264
4367232
2622464
3822336
2463232
4728832
4636672
3879936
8338432
2277632
4346368
3484288
4227328
8344832
3262464
2332672
6296832
9322624
6463232
3327232
3824384
7494272
2234496
9828224
4287232
4233472
3423232
8327424
4724224
2226432
8923392
4246272
6223232
3382272
2644224
2223232
4373376
4383232
2292736
6438272
2262784
2437632
9444224
7337472
7247232
3273344
6832896
4399744
6664832
2933248
2233344
7367296
7433472
3926272
6624384
4327424
9432832
2923648
6324224
2838272
4387328
4622336
2279424
2274944
8946432
8342272
4248832
6823424
3323392
7382272
7246336
4723328
7383424
4363392
4249344
6322432
7993472
3628288
4284672
3333632
4623232
2434944
2837248
3448832
9967232
6372736
8432384
3263232
4333824
2734336
2328832
8274432
3783424
3246464
4623872
8822272
7423232
2376448
2949632
6346624
9322624
3479424
3228288
2262272
4444928
9337344
9474432
4224384
8672768
6373248
4322432
4738432
2223232
3342336
3282432
2724224
7327488
3332224
4266624
2247424
2444672
4442368
4823424
2938496
2733824
2277632
4436864
3367936
4837632
2223872
2684672
8239232
4332672
2266624
6423424
3676672
3248384
7938432
3926272
9263872
9727232
6242944
2822272
7332992
3222272
6422272
9332224
4323328
3922432
2487424
6443264
3364224
2383488
4342272
2247424
2623488
2864384
7262848
4233472
8294272
2222336
8246272
7333632
9383424
3324672
4823424
2726272
8247424
3243648
7264384
9472384
2943232
2286336
2629632
2932224
4943232
4422272
4374272
2237696
6926336
4239232
9362432
8283264
2742784
4246272
4396672
2274944
9488384
3673728
2687744
3736832
3399424
4422272
3478272
2236672
6226432
3463424
2382336
4232448
3829248
4724864
3722368
2223232
2422272
2284672
2643328
2422784
2377472
6399232
2932992
3637248
4783872
6373632
3289344
3224832
4228224
7327744
2272768
2393344
7226624
3464448
6623232
6634624
2932224
6267648
3627648
4826368
2229376
8447232
7986432
7423232
9622272
6333824
2863232
8863872
2399232
4924672
4436224
2374272
2327296
7627264
6274688
2269824
4923648
7428736
7222272
2824832
2638336
2326272
9823232
9822464
6276224
7423232
6872832
6823424
4767232
3234432
2323328
2962432
7466496
7362432
6232832
4622336
8223232
4294272
3387264
9842432
2368384
4423936
2388224
6463232
9742336
2484224
3944832
3234944
2474624
7342336
7332224
2869248
4683264
8298624
7383296
6822272
9224832
9938432
2663424
2222336
3324672
4233984
8233728
2223744
3232384
2276224
4232448
9463424
3723392
4732672
9222272
9234944
2324224
4442624
4928384
3432448
2322432
8362624
3332224
7442432
2468224
3236224
7623424
7493248
4627328
3228672
6724736
3263232
6626432
8443648
3866624
4764928
3736832
4223232
8623232
2333824
4373248
2293248
6422272
2223232
2462336
6943232
2333824
9338624
2484224
8423936
4373632
7273344
2299392
8692224
6226944
3428224
3794432
2292736
3499264
2327424
8646272
8323328
3378432
2233728
2222464
6239232
3493632
2239232
4322432
2343424
8243328
6662272
6222848
2293248
2894464
2623232
2223232
2283392
4343424
3284864
2236288
2463232
3278336
4422272
3443328
6779648
2243328
2326272
4223232
4847232
7236992
2492672
3733248
7222272
6239872
6432768
9337472
6284288
6926336
8322432
2737664
4262272
9222272
2773248
4383232
2639232
2242944
9236864
4636288
3439872
7423232
4846336
6329472
4822272
2322944
4463232
9233664
4442624
6233344
3493632
3467776
2239232
3338624
2683392
7838464
2824832
4868224
4832384
6362624
9422976
2343424
2293248
3732736
8762624
3232384
4466688
3733632
2622464
4664832
6263296
9334272
2322432
9276672
4239232
3233792
7223424
4276224
2772224
9332992
2422272
8262272
4274432
6322432
3922432
3327232
3333888
4272384
9236736
3227392
7262336
6736896
3794432
8223232
8472832
2273664
6693376
3634432
8233472
6242944
9367424
3263232
3487232
3223424
3476224
4623744
3764224
7334272
7222272
4487424
9223424
6342272
6242432
8774272
4223744
2237824
3362432
7222272
3373824
6262272
9998464
3444864
3439232
4343296
2943232
8222976
9237632
3422464
6869376
3292672
3732224
3224832
3844224
2222336
3232384
9944832
6426368
4372224
2287232
7722624
3823872
3263872
6634624
2763264
4636672
8486272
3243264
6248448
8723328
9332224
8432384
2273792
2349824
3874432
4324224
9247232
2422784
6932224
2262272
2232832
6372224
2222464
2223232
2489344
2743424
3962624
2323328
3866496
4373632
2234368
2473472
4932224
6463232
3372672
6746624
3226624
6322432
2436864
4432384
2223232
3682432
2276224
7833344
9684224
2236672
3247232
2422272
2239232
3267968
2826496
2647936
3722624
2433664
9429248
9423232
2463872
3274624
3373824
2732672
4324224
2242432
6242432
3463424
2372224
2624896
4343424
4322432
8643328
4274432
4242432
4363264
3733248
2322432
6292224
2636288
3639424
4244224
8393728
9772288
3383424
3983232
6436224
7683328
3626368
4287232
9383424
3636224
3222272
2222336
2677632
3637632
2323328
2422272
3322624
3368448
3282432
2267264
3723264
6439424
4483328
6674432
4233472
2743424
4229248
3234432
6226944
2422272
2322432
2342272
4484224
3464448
3323392
3743232
2239232
3622784
9493248
9224832
2623232
7323392
2223232
4223232
2462336
2233344
4223232
9244672
2234368
6962432
2863232
4232832
2262784
3722496
4282624
2322432
9332736
2243328
2227328
3642496
3282432
2324224
2272384
3769344
2623232
8364288
8232448
3993344
2242944
6728832
3284224
2232832
2234624
2232832
4772864
6882432
6228736
4267264
2772224
7743232
6287232
9426432
2647424
7442432
7273984
9362432
4222976
9222272
6223232
6327296
2287744
4436224
3733632
7427328
2362368
2226432
8466432
7224832
7362944
2243328
2238464
7242496
3333376
2628224
9732224
2233728
2223232
3423232
2372224
3663232
6262272
3433344
4292224
2742272
9492224
4463872
9244288
6642432
2484992
6446336
2239232
2226432
3247232
2339328
2273664
3277824
2249728
2222336
2362496
7678336
3269632
8262272
7279232
3972224
8427392
8233344
7647232
4234624
3424384
3246336
4293632
6386432
3236224
4283648
2943232
8229632
3883392
2322432
2234624
8224384
4962432
4422272
4468224
8263424
3426432
9233664
9332224
2293632
2262784
3423232
3243392
2627328
2994432
2623232
2223232
2423424
2622336
7267328
7974272
3227392
4946432
2884224
3747328
9493248
7233664
3683328
2462336
8822272
2663424
2373376
3463424
2324224
2483328
6938624
2724224
2937344
4633344
2242432
9322624
8383232
4248448
2324736
7223424
2393728
3493632
2628736
2347776
6362368
7326336
3343744
2642432
7343232
6326272
6722432
3384448
4863232
2427648
3463936
4244224
4223232
3926272
6943232
4497664
8493824
2372224
3463424
3349248
9273472
2322432
9273344
8282368
3724928
2646272
3422336
2233472
3263232
2233344
2463232
2227328
2463232
6262272
9242624
3743232
9327232
3487232
7362432
2434944
7263488
2742272
4783232
3228928
4622336
6323328
2442368
2923264
8246272
3762944
8226432
2793728
2834944
4642432
2436864
3324928
4382336
4724224
2643968
3726976
3222272
2484224
6927232
6623232
7822336
4276224
6292864
2376448
4329728
6238464
3442432
3322624
8482432
4326272
7343872
7332224
7423232
2222336
2692224
9993728
3242624
7823232
3642496
2237696
2247424
3376768
8222464
6239232
2673664
2432384
4223232
4934272
2922368
7962624
2399232
2233472
3242496
4922496
4222336
3442432
7239424
2738432
2222336
3743232
2222336
2773376
2824832
3269248
2344832
4367872
9282432
3474432
6634496
3396864
7867264
3922432
7224832
2422272
3478272
2942464
3363328
2234624
6324736
3424896
4333824
2236672
6436224
4728832
9663232
6236672
2432384
3883264
2436224
2322944
6936832
4922624
3933824
9268992
3362432
2623232
4223232
9332224
9462272
2822272
2266368
8226432
2223232
6363392
4278272
9238272
7422464
3426432
4222336
3386624
8343424
2878976
4227328
2223232
6232832
2226432
2223232
6923392
6372224
3628288
3222272
8228224
2376832
4932224
6742272
7322624
2443392
3227392
3327232
2233344
4392448
9247232
3373824
3223424
2933248
3922944
2223232
3973632
3346432
2228224
6324224
2343424
2722432
3743232
9628928
9362432
8722432
4229632
3439232
3732224
2332672
3689984
2687232
4862464
4447232
8223232
8226432
2373632
4342272
3663744
3237248
2294272
9932672
2866432
2423424
4634496
3723392
4293248
8242944
2262272
9332224
4442624
2292224
8234368
4328832
6484224
4633472
2623232
4786432
3222272
3422464
2779264
7444224
2244736
8242944
2338432
2229632
4324224
3284224
2326272
3762432
3292928
3227392
7444224
2378496
2734336
4676224
3333376
3637248
2279424
3399424
9223424
3263488
3442432
3733248
9223296
6232832
9362432
7263232
8239232
7268224
2332928
6322432
4322432
2832384
4923392
3234944
8628224
3976832
9338624
2388224
4962432
4223232
2242432
4747264
2262272
6422272
3267328
7496832
2282624
4632832
7343232
3982336
2223872
2832896
6843392
2232832
3743232
4242432
6486272
7428224
3234432
4743424
4242944
2723328
4948224
8246272
6242944
2324224
8263296
2932224
3423232
6633984
6749824
2332288
3294464
8874624
4767232
3378944
2222336
2469248
4299392
8724224
2327424
3499392
4622464
4933376
4272384
2343424
7343232
8347392
7833344
3762944
8234624
3333248
2228224
6232832
3727232
8244224
2799872
2842368
2823936
3293696
3222272
6744832
2222336
3672832
2836224
4724224
2329344
8937728
3323264
4437632
9684224
4332928
3334784
2436736
9442432
6374784
4386432
8423424
4223232
2639232
2243328
3487232
4292224
2223232
4964224
8946432
2722432
2422272
3322624
2439424
2839296
2299264
2222336
2234624
7262464
2342272
4848384
6233344
3242496
9237248
3243392
3247232
2343296
2683392
2373376
2843392
2422272
7248896
8243328
2223232
6964224
9827328
2868224
7274496
8632448
2332672
4324224
3633664
2876928
2673664
4223232
8463232
4476672
9423232
4663424
6426624
3228928
8634624
4278272
4392832
4884224
9243392
3934464
8229632
9347328
3732224
6276736
7723264
4328832
4869632
2423936
6882432
4667392
3267328
4294272
3682432
8333824
3732224
4934272
3292672
2447232
2292224
6422272
2834432
2969344
4383744
2297728
2932224
4368896
9293824
6733824
2247424
9648384
8222336
4682624
2662272
3623424
9622272
2292224
3372672
2326784
3239424
7828224
4234496
2223232
4692224
2934272
4437248
4639488
2793472
2223232
7222272
3674624
2232832
2478336
2373632
4292864
3323776
2637824
7322624
4927232
4427264
4244224
2844928
7323392
7679232
2486272
3863424
2763264
2332672
7824384
3322624
3732224
6742272
2839424
8287232
2822272
8944384
2232832
3964672
4772224
3376384
3627392
6663424
2263296
2322432
2424832
2733824
3287424
3323392
6436736
6322432
2274432
6997632
7433984
6262272
3263232
2228224
2463232
3222272
2933248
2377472
7722368
4228224
8222336
3222272
7346432
7967232
3826432
2333824
4442368
8642432
7822336
2924672
3444224
4493824
6644224
7282432
2623232
2346624
3442432
4494336
7323392
4382464
2343424
4233472
8383232
2788224
2436224
2323328
6222336
3348224
3478272
4829824
7983232
2423296
2263424
2232832
2227328
3832832
4732928
2876672
2344832
2363648
4279424
4472832
6369792
7222272
2338432
3926272
3423872
2727424
3224832
2434432
3382272
6922624
4622336
6332672
2464384
4322432
3668224
3636224
2633472
3438336
4462336
2623232
3222272
7869824
3924224
8322432
4628224
2443648
2622336
6224384
7734272
2632832
8483328
2423296
3268224
8283776
2373376
6364672
3823232
2328832
2663424
2423424
6322432
2473344
8649344
6222336
6228224
7836928
4422272
4329472
4926464
6823424
4772224
8223232
3764224
8322432
3474944
8623232
3236224
7876224
6322432
3723264
8439424
2836224
9492224
8927232
7224832
8922624
9222272
2724224
3243392
2262272
2627328
8826624
2628736
3332992
6343424
3224832
2423424
3243776
2239232
2373632
9467264
2423296
3446272
7636224
4222336
2262272
3299328
3222784
4233984
3272448
2239232
3348224
2834432
4468224
2228736
2249344
4722432
2286336
3284224
2244224
9483264
4242432
2838272
3444224
4232832
6626432
9222272
3263232
6932224
8927232
6364672
3236864
4443392
2626432
2643968
4322944
6399232
2642432
3223424
2228224
3422464
2623232
3327232
8489728
2487296
6822272
2223232
3234432
9343232
2822272
3696384
2972672
2232832
4239232
4222848
3838464
2233472
3322368
7322624
8432896
4372224
4233344
7863424
4248832
3723392
4287744
6839296
6342272
4422272
2649728
2266624
2294272
4232832
7643392
4337664
4282624
2743296
6232832
3966464
2367232
9722368
2467328
8373248
4292224
4227328
2239232
2324224
8639232
2232832
3974272
4423424
2393344
2478336
8262272
2264832
3323392
2292224
9224448
9383424
4622848
3332224
2322432
7442944
9263232
3237632
3222272
2272384
2394624
2422272
2236288
6228224
2884224
2327936
3624448
4662272
7824768
2739328
9432832
2884736
4223232
2322432
2443264
2296832
8233344
3833984
4767232
7322624
6224384
2224384
7327232
7324672
8363392
2832768
2332672
4294272
6793344
4628224
8823424
7223296
3337472
2722432
3223296
3247232
2832384
2667264
3833728
3463424
3332224
4238336
2462464
3364224
8462336
2324224
2376448
6923392
4626432
2226432
2222336
3332224
2292224
2722432
4393728
7222272
4632832
2399232
9372672
2222336
6662272
2224384
2239232
2223232
7369344
6332672
2223232
3343232
8292224
2382464
4372992
3382272
6894464
2474368
6229248
7446272
8297472
2262272
7333632
3898624
3423232
2743296
3423232
3343872
6292224
7679232
4344832
7227392
3943424
4843264
2228736
6623232
2638464
2424832
3238272
6677248
3232384
2994432
3438336
3334272
2934272
3322624
4287232
9499648
8623872
2783232
3436928
2729728
7423744
6276224
2324736
3292672
6367232
2373632
2426624
2422272
2238336
2722432
4726272
4274432
2443648
3736832
6642432
2633472
4228224
4283264
3924864
4242688
6646272
3423232
4347648
2647296
2383872
7432832
2623232
3476224
2646784
4827392
2229376
7743232
3832448
6339328
4223232
8293376
4634624
8423424
8244736
2286336
6324224
3923328
3636224
2489344
2274944
2463232
2267264
7823744
3382272
2642432
2923392
9236224
3362432
3266432
3792384
9324928
8436224
6642432
2932224
2747392
2324224
3347328
2922496
4272384
2229632
7227392
2223232
4223744
2482432
4443776
2227968
6962432
3222272
6763264
9732224
7343232
3272448
2223232
9663232
9423232
6477696
7222272
3234432
2272768
2629632
3222272
2447232
7422336
6442368
2262272
2222848
3234432
2267392
6226432
2324224
3222272
2783232
4423424
3244928
4292864
2439424
6689664
2323968
7222272
4942336
3327232
2623872
4246272
2744832
6344448
3333376
3944448
8772224
3462272
3727232
2383872
4372992
4463232
4322944
2239232
2786432
2324224
4727296
4223232
2439424
3829376
2736384
6827264
2948224
2372224
4624768
2383232
2396672
3323392
2829824
3378432
3663232
2367232
3346432
3327744
8442368
2362624
4223232
4322432
2927232
7228672
3244288
3822464
2633472
2469632
9327232
3294336
2226432
3327232
4438272
4427264
6422272
3294464
6664832
8223232
8383232
7863424
9229824
3343232
6633344
8422272
7432448
2368384
4322432
2793472
7664768
6222848
6633344
2244224
9662336
2292224
3428224
8438272
3362432
2322432
7327232
2482432
9237632
8943872
2437632
2388224
4343424
7623424
4463744
8272768
6644224
9626624
2228224
6334976
2722432
7227648
2362624
7822336
6372224
8267392
2233472
2842624
4629632
3926272
7647232
2942848
2262272
8329472
9343232
2723328
2249472
3423232
2244224
3222272
7278464
2223232
9422464
2388992
4723328
7447424
6233472
2229248
4244224
2466432
4642944
8223232
9323264
4223232
2222336
2343424
8923392
3237248
8443392
9236224
8782336
4389632
8222336
9238272
8644224
2638336
9329664
3623296
3844224
3768448
4747264
8239232
9246336
4229632
3478272
3222272
6329472
8339328
4422272
2922624
2224896
3444224
3279232
4232832
2222336
9923328
6324992
3762432
7332224
3263232
3733248
2222464
2264832
2723328
3327232
4383872
3227264
4843264
2338432
3272832
3244672
2242432
3928832
3333376
3433472
7482624
2372224
4822272
2362368
2324224
7222272
3433472
3342464
2847232
2236672
2436224
2732672
3446272
4324224
9762432
8292224
2233472
2232832
2293632
6332672
7826432
2326272
3468928
4283264
3322496
6393472
2724224
6823424
4244224
2247424
6847232
2732672
4433792
7423232
8374272
3963264
4223232
4484224
4347392
7883264
3833472
2342272
7734272
6343424
6237824
4287232
2484224
3289344
3732224
2222848
6834432
3396224
3327232
2367232
2483328
2363648
2943232
8223488
2723328
6373632
2937344
3923328
7666432
2783744
4393472
2633984
7322624
8243968
6628864
6236672
2267264
2332288
8244224
3284224
4442624
2222336
4394624
2722432
3337344
8633472
6772224
3423232
4372224
2674432
6492672
8726272
4732672
2322688
2238336
3464448
2349824
3263744
3433344
3228672
6773248
4347264
2223232
3343232
8239488
2233984
2763392
7282432
6623232
2324224
2223232
8462464
6226432
2873984
2633472
6243328
4363392
4322944
9343232
2487424
2443392
3322368
4442624
6233472
3732224
2462464
4323328
3442944
6222336
9234688
6322432
9434368
2322432
3239424
7347328
4223232
9238272
4622336
6248832
8722432
6434432
7233792
2664832
2244224
4622336
4322944
3992832
3362432
2232832
2424832
2388224
3382784
3623424
2244224
3437824
4398336
8322432
4739328
2223232
2863232
9436672
6632832
8762624
8247424
2228224
4423424
3462784
7273728
7764224
4872832
4223232
4436224
2629632
2422272
6344448
4226432
7823232
2836224
6932224
4322944
3789824
2734336
7263488
3227648
6228224
9822336
7944832
3223424
3263232
4322432
2274432
2782336
9243264
4392448
3279232
3634944
3943424
8372224
4282624
2642688
2372224
9323264
8232448
4466432
2823424
3423232
3923328
4223232
7263232
9222272
6743936
3342336
2362624
4484224
3934336
4233728
7222272
8372224
4868224
9242624
8229632
2223232
3922432
8863232
2838272
4274432
7842432
6764288
3284736
7834624
2722432
3222272
3662336
2279424
6434432
2232832
2226432
6228224
2639232
6239232
3269376
2772736
2323328
2229632
3282432
2678272
6463232
2462464
3843328
2322432
2277632
2823424
4642432
2298368
6832384
4242432
3282944
2362624
2262272
3362432
3222272
2389632
3922432
3282432
2267392
2642432
3723264
2827392
4438272
8722432
4223232
6434432
3622272
6222336
7343232
2233344
3933824
2322432
3497344
2493824
2663424
2633728
4282624
3284224
3423232
4333824
3733632
6433792
3723264
6724864
4322432
3732992
3332736
2687232
2329728
6834432
6382848
9732224
3627264
7332224
6376448
3423232
2738432
9229824
4332288
9833728
2648832
2264448
2332672
2334336
8239232
2233344
9343232
7222272
3982336
2262272
4233472
4223232
3988224
4638336
6463232
2227328
2372864
8662272
4943232
4227328
3383424
4432896
3943424
2442624
2622336
6242432
2249472
8334336
2964224
9634432
4223232
4338432
4884992
3342464
2633728
8233472
2237824
2342272
3223296
2276224
2333696
2393472
3844224
2636288
4463232
2443264
4227968
6339328
4327424
2286336
7234432
4223232
6243328
4642432
3384832
7333632
2237824
3929344
2238976
2262272
3422464
2773248
4244224
3243264
4423936
2239232
3222272
7834624
3623936
9494272
9236224
8222336
7823232
2622464
7422464
2773248
8462464
3222272
3666432
6299392
3734272
2742272
3292928
3634432
6776448
4622336
2924288
4223232
6933632
2223744
7323392
4223232
2836224
4237824
4233344
3762432
2329344
6322432
4329344
2242432
7444224
2262272
7737472
3468928
7222272
2743424
4388736
7432832
2272896
6466432
4249344
7482368
7222272
7998976
2322432
3623424
6269824
2463232
7268224
3327232
2292224
7422464
6293632
4376832
8983424
2262272
3243392
7924224
2642432
9926272
3872384
4223232
4447232
3922432
2234624
9263232
4342272
3483776
4922624
4442624
6343424
3224832
4333824
2742272
2932224
2983424
3222272
6282368
8342272
2228224
2242432
3222272
3244672
4476672
2228224
7263232
3977728
6228224
3223936
7327232
6274432
3327488
2343424
6426624
6298496
8226432
2777984
6223232
7732224
8298624
8922624
7842944
8262272
2666624
3982336
6329344
2236672
2827264
2333824
2328832
2723328
8643328
4693632
2228864
2962432
2623232
4239232
2742272
7924224
6323328
2324736
4223232
8836224
3843328
8223872
2777344
3436288
7232768
6432384
4223232
4722432
2724224
3366272
2274944
9624448
8424832
2243328
8274432
3932672
6342272
9322624
3424768
4882432
6866432
7684224
8347264
3647232
2327424
3286272
4233728
7374336
3493632
8246272
6293632
3627264
2396928
2382464
4232832
2324224
3767296
4223232
2667264
4783232
9342464
4287232
7294464
3462272
3442432
7222784
7423872
6228224
8432384
4642432
2432384
2636672
8223232
6742272
2838272
7622272
2467328
4329344
7264384
3333632
7892224
2687232
3343232
3243648
4372736
9247232
3764224
9243392
9922432
4292864
9262848
7766272
3244288
9243648
4377344
2949248
7864832
3863296
2287232
4388224
8687232
9449728
6323328
8743936
2463232
3332224
2463232
4862336
9273344
2326784
3387392
2222336
9339392
7382272
4726272
6223232
2423424
3222272
4399232
9624832
4324224
9244672
7272832
2244224
6383872
3677824
2223232
8472832
4949632
2966272
3429632
4662272
3472384
7666944
3263232
2742272
7447424
4222336
2463488
7427328
2342272
4722432
7223296
4247296
8232832
7332224
4276224
6943232
3974272
7327872
6722432
2399232
3423232
2247424
2326272
2633728
4324224
7227392
6244224
9362432
4228224
6277376
7833728
2223232
2437248
6242688
7242624
2238848
2422272
3423232
2863232
3284736
4862464
2222336
6646272
8734464
3332736
3862272
3732224
2863232
7333376
9663744
2364672
2322432
7448832
2723328
2334336
4242432
7263232
9647232
2943232
3327744
7337344
2223232
7423232
2263296
3826432
7293696
3329792
2322432
3243648
2237824
6428672
2626432
6642432
2463232
6328832
4822272
2644224
2239232
2432896
4223232
7742464
4682624
2382336
2442624
9443328
2423424
4822272
2234496
9269248
2228224
9722496
3294336
3263232
7326464
3423232
3436288
2836224
6239232
2782464
2378624
4324736
4292224
8386432
2824448
4923776
4343424
3292672
3466624
2239232
4297344
2932224
3682432
6772224
2336384
7222272
7474432
4422784
2223232
2383232
4363392
3272448
7223424
6627328
6482432
4423296
7343232
2928384
6633472
2324224
2242432
2292224
2336384
3268736
2728448
3423232
7822336
2223232
3282432
2222336
2239232
2338432
4367232
2492672
4933632
6629632
2763264
3923328
9247232
2728832
2632832
3334272
6827264
2228224
9624832
2322432
4232832
9663232
9828224
4286464
2232448
3727744
6322944
3238272
8248832
3736832
2868224
7242624
9876224
3268736
3449472
3327744
6223232
3839232
8284672
9334272
3332224
8863232
2443264
2932224
2322944
2723328
4727424
2482432
2362368
3892224
2267264
4423424
2722432
2669696
3432832
7277824
2328832
4783744
3727232
9372672
4842368
7263232
2223232
2268928
2222336
8728448
4822272
6372224
2622464
4726272
7444224
8223488
9433472
2629632
7626496
8439424
7243264
8246272
6447232
8294272
7672832
2423424
2326272
2932224
7623296
2223232
2937344
9737472
6622336
2322432
3323264
2223232
2367232
4323328
4474624
2873728
9236224
3343744
2633472
3224832
2732672
8692224
6433664
3343872
2348672
3444992
9222272
2246272
2428928
6498432
8882432
2724224
3436672
8374272
2229248
4229376
2663424
6236672
4223232
3227776
2943232
4973824
3243392
3422976
3867648
3924224
7732224
2292736
3982464
4227328
2399232
9348224
4244224
8323328
4283392
2428672
4324864
2948224
4242432
9643264
2322432
2242432
3263232
2424448
2884224
9223424
7348224
2738432
2742784
4242432
4944384
4947328
6234368
2722432
2667392
3322496
2727424
4722432
2223488
2763264
7323392
2274944
9362432
3432448
2322432
6674432
4363392
4222336
6787328
2442496
4628224
9227264
8233728
8327424
2224768
2422272
2222464
8943232
3322624
3222272
7623424
4844672
2228992
4222464
3363328
4447232
2244224
6222464
2646272
8943232
2324224
7246336
4322432
2262272
4646272
3423488
8827392
2438272
7262336
7623936
8233984
7423232
9672832
4266624
9823872
9332224
4328832
2367232
3723776
6822272
4722432
2924928
2246272
6223232
9272832
2932224
3423232
3733632
4278272
7428224
2324224
7237632
2327424
3439232
2783232
4329344
4233728
2232832
2222336
2623232
3223424
8223232
4223232
2244224
6223232
2823424
2222336
2822272
2823424
4622464
8373632
7223296
4922624
2239232
3228672
3327232
3326336
3943296
3823232
2738432
9244288
8836864
2338432
4327424
2223232
3322624
2292224
2626432
2223232
6364928
2244224
6343424
6322432
6233344
9842432
2623744
2224384
3626624
6484224
6223232
2232832
6626944
6623744
8329728
3276288
2393344
4372224
2623232
2249984
9226624
7623424
9222784
9224832
6367232
3792384
4223232
2222336
4439424
3433472
7743232
4922368
2334336
3434624
4438272
4628736
3334272
4274432
3327232
4843264
3343232
4962432
6868224
2727424
9223424
3383296
8364288
2239232
4922368
3793664
3429632
3423232
2284288
4223232
3926272
2329344
3827328
3622272
8626432
7267968
4322944
4762624
2763264
4224768
3924992
4692224
3334784
6294272
4324224
3937664
8738432
9834624
2323328
3723392
7333632
6223744
2922624
6322432
2666624
2262272
2734336
3334272
3243264
2782464
2373632
6238336
2322432
6247424
6232832
8233472
9622272
3239424
2322432
3234432
3622784
9328384
8724224
8473344
7327232
7422336
2734336
2492672
9423744
4223232
3422464
3747328
3283328
2262784
2234624
2334336
4242432
7836928
3444224
7482624
4767232
6839296
3364224
2643328
4293632
8242432
4479232
2372224
8384384
9442432
2836224
2933376
6223232
4634624
2263424
2222848
3322624
2833664
8334336
2923264
2922368
8846336
8239232
8422272
4322432
2463232
2782336
3236224
4293632
2446464
4723328
9476736
2229632
3267328
4427776
6226432
4863232
4373632
9642624
4722432
2249344
7333632
7343232
2473344
3429632
4726272
2244864
9623296
6642944
9822464
7263232
4432384
2699264
3222272
4933632
2492288
2348928
2466432
2226432
3243392
2367232
9283328
4222464
2246272
3434496
2376832
2494336
2344832
2783232
2628224
3396224
4244224
3243264
8882432
4236288
7247232
8422272
2388224
7443328
2663424
2324224
6228992
3226624
3244672
2994432
3822464
4236672
4292224
4932224
2842624
8274944
9243264
2283264
3364224
2223232
2434432
4462336
2932224
3439232
3237248
3922432
2324736
2463744
2322688
3332224
2822272
6222336
8434432
4628224
2324224
3982336
2623232
4223488
3732224
7623424
4383232
2463232
4223232
2486272
2276224
3289472
2796928
3423872
2427264
2644224
3222272
2224384
3278336
7432448
3638272
9922432
2228224
4324224
2222336
2434432
3397632
3332224
4622336
2434432
9436928
4263424
4242432
6228224
3439744
2247424
2434432
4227328
3834368
2296832
6324224
2449664
7783424
3679872
2624384
2923264
8372224
6629376
8766848
7364224
2663424
9244672
2223744
2222336
6386432
2322432
3268224
6763392
2484224
7328384
8692224
3333632
2962432
9326336
3263232
3747328
9483392
3426688
7983232
3642624
4846336
3794944
9223424
7342336
3436672
2729472
4248832
2229632
6363392
2377984
6668928
2282624
4923392
3327232
3444224
6367232
4264448
3282432
2372736
7222272
3463424
6622336
2427264
8246272
2626432
4662272
2224384
2346624
7463424
6772224
6233472
2339328
4232448
4932224
4743424
9796224
7492224
3687424
4373248
3337984
3448832
7924224
8276224
4222336
2223232
3223296
3343872
2274432
3337472
2637824
6222336
2324224
4292992
2322432
4724224
2246272
4422272
6932224
6324992
8626432
3673344
2394624
4927232
2239232
3382272
6647424
2282368
2324224
2444928
3224832
2244224
7239424
3243264
6372224
2398336
8266624
3422848
3374336
2433792
4443776
4232448
9672832
2774272
6324224
3636224
2294272
2333824
3827328
4863232
3227392
4364928
3642496
4244224
4498432
2923264
2623232
2263296
2233472
8244224
6274432
4627328
6922624
8432384
6372736
2422272
2846336
6363264
3924224
4274432
2422272
3374336
2249344
2329344
3242624
2432384
4246272
8469248
9343232
2874624
2243328
2742272
3668224
3224832
4732672
9432832
9263232
6232832
7238272
7446784
7238272
6724224
3237632
2228224
6742272
3327232
2772224
2463232
8622336
3236224
9284736
3232768
6247424
8729728
2292864
4792448
2622464
8623232
4472448
4293632
2242432
4336384
2223232
6262784
2226432
3426944
3732224
4463232
3463424
3422464
2422272
2324224
2372224
2744832
3336448
2836224
2374272
2968832
7764224
7636224
2323328
2223232
2292224
2234624
2744832
2648832
2722432
2722432
3263232
9272832
3497984
4783872
2724224
7792384
2432768
8623744
7432832
3442432
6932224
2722432
2964224
6343936
2426624
9324288
2233344
3729664
8773376
2972928
3442944
7223424
2862336
6772224
4324224
2723328
2424832
7432448
7366784
2463232
8962432
4244224
4342272
3638272
3263232
2722944
2874624
2843264
7322368
3222272
9368832
4427264
3433472
9382272
8484224
8462464
7382272
8282624
2447232
7843328
9326848
7423232
6823424
2468224
3234432
4744832
6446336
2239232
3334272
9483648
2224384
3236992
3272832
6322432
7636224
4367232
2233344
3892224
2226432
9233792
3337984
4222464
2243328
7823232
2294784
6664448
2222336
3247232
7224832
4892672
3622272
7364224
2322944
2324224
7363328
3923328
2377344
8442624
9723392
8322432
4223232
7732224
4227328
8322944
7366272
4237824
3472384
3326336
2742272
6383232
4726272
7332224
2334336
9268224
9226624
3482624
2927232
2689792
8723328
7284224
4633472
6327424
2644224
2934784
2373248
3343232
2823424
2262272
6223232
6392832
7286272
9337728
2229632
7423232
3286272
9623296
4423424
4869632
9492224
4692224
4732672
2923264
3922432
4276224
4463232
2349824
8372224
3824384
3843328
2367744
2623232
7764224
6263424
8382464
2629632
9323648
3682432
2324224
7282944
4622336
8742272
4724224
3348224
2334464
9223424
6292736
6322432
4662272
7227392
4624384
8263936
3332736
2232832
3992832
2246272
6392448
7342848
3324672
7423232
9423232
2373632
3262976
3222272
6327424
7727232
2223872
3476224
9432832
6342272
2323328
3332224
4274432
8342272
3226624
2287232
3284224
2932224
8772864
3633792
3273472
8234624
6447232
2332672
2372224
9223424
2428928
2484224
2223232
2228224
7382272
2492672
7423232
9223424
3272832
4487424
3627264
2343936
7348224
2228224
2783232
3242496
3782272
2223232
4342272
7822336
3287296
2249344
8424448
6728832
4344448
7428224
4228864
2234368
2934272
2482432
3482624
3629824
4447232
6422784
3222272
4223232
3362432
4363264
2232832
6436224
6927232
3243392
2223232
9732224
7292672
8472832
2729472
2322432
7732224
9263232
2263424
2324224
9284224
2427392
6246272
2787328
2646272
4424832
2339328
4244224
3327232
3222272
7744768
4228224
2274432
2494464
7227392
3333248
4239872
4783232
2393472
2427392
7444224
2843392
3367424
3442432
4722432
8463232
6343424
2842624
3244288
4827264
4926464
4432896
2267392
7432832
2322432
7234944
3363968
6443264
3922432
6726272
3433472
4724224
8342272
2629248
2223232
2273664
3222272
3327232
8242944
3222272
8223872
8644224
4232832
6642944
8763392
3242624
2322432
2724224
3236224
3444224
6234624
6943232
9422464
2482432
3723264
4922368
3422464
7423488
2822272
4222464
7243264
4346624
7337344
6322432
3483264
2638336
7392384
4292224
3764224
3442432
2222336
3623424
2373632
8447232
3748224
2244224
4634368
3442944
3223296
7323648
8722432
6322432
2324224
3322624
3267328
8869632
2987264
4422272
4373632
2344832
3423488
4227328
3623424
2772224
6662272
2226944
7332224
6378496
2222336
6422272
2894464
6674432
3892224
6297472
6872832
7732224
6934272
6422272
6629632
2426624
3723264
2383232
6623232
2936832
8324224
9287424
2624768
6324224
2277632
8428288
2228224
4632832
2622464
3322368
4773632
2263424
6248448
6433792
8362624
7264384
4287232
3327232
2367232
7679232
2227328
2927232
2223744
6338432
4763264
4287232
7837824
2226432
4222464
3222272
2662272
4822272
9422336
2367232
2663424
3447424
3222272
8267648
2639232
3263232
2863232
4472448
2343424
2228736
2673664
4434432
2222336
2423296
4274432
2324736
6834432
4642432
9279488
2232832
3246336
7343232
2288384
8299392
9234432
2423424
7236224
2242432
3236224
2286464
3292928
2623232
3222272
4223232
6377472
3929344
2722432
3243648
8423424
6422272
4244736
4422272
6463232
7234432
6322432
2893824
2334464
3483392
3268224
6347392
2623872
4839424
4272896
2234624
3242624
2722432
6838272
2386944
3323392
2322432
4223232
7223424
3327744
2342272
4443648
2642688
2349824
2442624
2779392
2622336
4482432
2943232
8223744
2366464
2943232
7322368
2734464
3732224
2343424
2722432
4273664
3222272
9682432
2927232
6223232
9369344
8232448
2223232
2223872
7334272
4244224
6273664
2462976
8223232
2223232
2623744
3236224
3732224
2424832
2827264
2324736
9263232
4222464
2436224
3449472
3286272
6446336
3442432
3643264
3274624
4342272
8628224
2223488
4884224
3722496
3943424
4262272
2226432
4623232
3327232
2847232
3343232
3269632
9273344
4674432
3892224
8242432
2326784
3642624
2834432
6329344
2342784
2223232
4292224
7327232
9343872
7443328
6623232
3932672
2863872
7382272
2766464
3223296
6789632
3626624
2394624
4393472
2949376
3783424
2273792
2277632
4228224
7222272
2242432
9434624
6322432
7862272
3367424
3226624
7279232
2223872
3343232
4239232
6223232
2463232
4662272
7342336
6282624
2324224
7634432
2792832
3222272
3427328
7924224
2868224
2223488
6242432
7374336
2942464
2324224
2644224
3329792
3444224
4678272
2322432
9327232
3774464
6242432
3226624
3622272
2427392
4962432
3372672
3422848
2399744
4228736
3924224
3842432
4322432
3282432
6267392
3423744
4494336
2226944
8286464
2388224
2868864
4238336
6473472
2244224
4224896
9279232
4223232
2342272
2247424
2242432
4332928
7482624
7643648
4446464
3743232
7383936
6282368
8222336
8463872
2732672
2292224
6938368
4342272
3223296
4473344
6773248
6329472
2326272
9463424
4783232
2386944
2424832
2633472
3428224
3237376
7326336
6324224
6734464
3662848
9434624
4664832
3967232
2732288
7332224
8322432
7273728
3326848
2388224
6222336
4242432
2638336
2898432
2346624
2738432
3227392
3973248
6932224
8927232
4226432
2623232
9497344
4479232
3293824
9464832
6922624
3664384
3688448
7442432
6694272
3636224
6223232
2223232
8772224
2287232
4333824
6427392
2224384
3282944
2932224
3237376
6662784
6383232
9223424
2484224
8464384
2932224
3222272
2927232
9266432
6363264
4239232
3262976
3236224
6723328
7222784
2444928
4223232
2244224
2847744
2337792
3743232
2623232
6883328
4326272
3222272
9343232
4373248
2293888
2222464
8422272
2382464
7273472
3743232
4274432
2673664
2223232
2432768
2462336
3273472
3223424
4884992
2324864
3474432
2329344
2222336
3442432
4262272
8726272
7432832
2433792
2373632
4223232
2222336
6223872
2223232
2432384
4372224
4724224
2642432
3782272
9224832
8224384
9444224
6674432
2772224
2222336
3924224
2434688
3642624
4948224
2982272
9237632
3292672
2232448
3948672
2767232
4293632
4438272
3289344
3263232
2222336
2274432
2467328
3222272
9289728
6322944
7723264
8322432
7374336
6322432
7283968
7246848
3722624
6383232
3762432
8223232
6372224
4644224
4692224
6222336
6244224
3366272
4367232
2436224
3383424
8223232
4743424
6363392
6332288
3263232
3973632
4294272
3422464
3322368
3924224
4486272
2322944
2763264
4223232
2373632
6326272
3422464
8734336
2462976
2622336
3222272
2244864
6642432
8722432
2642432
3292928
2292224
7422976
9297664
8222464
3623424
3333248
2234624
8242432
2336384
2644992
4643328
3227392
3682432
3476224
4372224
2927232
4222848
2322432
2367232
2322432
4692224
6348928
2444672
4248832
3327232
3222272
6449664
2373632
7227392
2332928
2223232
4282624
6834432
6633472
2492672
2329344
2246272
2343424
3236864
3723264
7322496
2687232
7382272
2329472
3282432
6834432
4263936
9272832
2234624
6626432
7362432
4223232
4922624
2239232
3746432
3322368
3323264
8244864
2324224
2362368
7924224
2462336
4363264
7822336
3324672
2292224
3727488
7423232
4233728
9283328
4682496
3974272
3372672
3364224
2622464
6427392
3237632
4232448
4368384
3339392
9279232
2283264
2276992
9223936
9224448
7427328
3343872
4783232
2294272
7262464
9723264
4374272
2262272
3323264
3263232
2292224
6423424
2276224
3934336
8223232
2428928
3374336
2492672
2666496
2922624
4686464
3874432
9282432
3643648
6226432
2283264
7447424
3223424
3247744
2476672
7833344
3679232
2834432
4244224
7423232
3263744
4396672
2436224
3662464
2866432
2847488
2443264
2392832
7427328
3223424
9782272
7623424
4223232
3732224
3636224
2239232
4383232
4249344
2324224
3672832
2772992
9342336
4223872
6293632
6262272
3444224
2332672
4932224
3226624
2226432
9247232
9449344
7733888
3232768
2442368
2663936
2943232
2324224
3827328
4326272
2222336
3742464
3826432
2223232
6247424
2382336
3793664
4262272
3324672
2292224
3222272
4348672
2262272
2382464
9343232
4233472
2863232
2646272
2233344
2937344
2377344
3229824
2783232
7282432
2423424
8443392
2286336
2832384
2496384
7333376
4223232
3294336
4223232
3222272
4339328
3337472
8222336
2263424
2692224
4223232
4366336
3273984
2222336
2228224
2329344
2343424
2623232
4442624
3263488
6224384
3327232
2226432
2228224
2437376
2742272
3224832
7327232
4427264
8946432
2242432
9234432
2644224
9428224
3423872
9263232
2376832
3227264
2422272
2222848
2447744
7693824
6373248
8633344
2327296
9942272
6623232
2234624
7922432
8222336
7423232
2422272
2226432
2232448
2647424
9643264
2642944
2482432
3223936
3227392
3323648
2293248
4682624
8946432
4236928
4923392
2292864
7442432
6643328
2223232
3743232
7234432
8863232
4263424
8334336
2294272
2223744
2473472
2423936
4332672
2722432
2322432
9428224
2343936
4293632
3332224
4324224
6284672
6463232
8223488
3323648
3839232
2623872
3446784
3422464
8722432
2388224
3322624
3427328
4628224
3663232
3223424
7322624
7323264
2233984
2922624
9232384
4372736
2644224
2324992
2447872
4327424
8383232
7476224
3423232
4223744
2322432
2279424
6332672
8244224
2383232
2223232
2324224
8242432
7423232
3227264
7423232
4644224
2632448
4222336
2742272
3272832
6442496
3223424
3867392
6943232
2263424
3422848
3926272
2934784
2623232
2924672
4226944
2662272
3933824
9264384
9722624
7226368
3743232
2674944
4632448
6392448
3762432
2236928
8283264
6964864
2293248
4473728
4628224
2262272
8222336
2277632
2236288
2964224
2937472
2249344
8727296
4436224
3444224
9242624
7342336
6942336
2748672
2422272
3326336
2427648
8633472
2629376
3264768
2229632
8724992
3234432
2626432
3783424
2743296
9222272
2333824
3223424
4292224
3428864
8222336
2463232
4773248
2263296
9482624
7673344
9993472
6222336
4837632
2326272
2932224
2998272
8233472
8223232
6324224
2222336
2287232
7322368
3227264
2292224
4626432
3427328
8434432
2826496
2624384
4623232
7743232
3336832
4623232
4383232
3232384
2382464
8882432
6624896
3347328
3732224
4922624
3292672
4333824
2847232
3444224
4423936
3384448
2249344
3222272
7447936
2462464
7622272
3762432
8222976
8244224
9223936
6762624
4234624
2772224
3948288
3362432
2237824
3327232
4322432
3749376
2284928
2264832
4234624
2843264
2337792
7447424
3636224
4422272
6682624
4738432
4264832
2326272
7732224
2687232
2224384
2222336
2432384
7222784
3762944
3684224
2283392
2283264
7243264
8622336
8822272
7924224
3899392
6242432
2633472
4822272
6283264
6724224
3272448
7423744
2827264
3336832
9727232
2223232
6326272
2233344
3332224
2373632
9428224
2229376
3962624
3443328
2923264
3743232
7623424
8629376
3332224
3764224
2943232
3324672
2667392
6232832
4322432
6622464
2633472
2862336
4293632
3924992
9433344
2447232
7239424
8287232
4228224
2392832
2426624
4932224
2473472
9224448
6327424
3247232
2233344
2463232
7222272
2884224
2644224
3732224
3222272
3922432
7286272
2823424
2332672
7222272
3787264
7223424
3663232
3344384
9339392
6324224
3623424
9444224
8222336
3362432
7423232
7823232
7643264
9447424
2299392
2272384
8222464
7263232
3748736
2322688
3467776
2626432
3494272
3423232
7423232
6736384
2772224
3234432
7383424
3362432
2229248
3722496
4233344
3423232
2223232
2642432
2436224
4232832
2263296
4842624
3892224
2282624
2394624
6422784
2229888
9822336
2222336
2383232
9682432
4222336
4722432
2272384
4724224
2222464
3327232
9242368
7332224
2463232
3338624
2994432
4466432
8244864
7333248
3334272
2633472
4763392
4942464
7743232
2782336
2292224
2222464
3847424
2274432
6622336
4464384
3694336
3223424
2228224
2278272
2328832
9234432
2232832
6693376
3738624
2946432
4447232
3396224
6239232
2223744
3266432
3642496
2224384
4774272
3243264
2224384
2942336
3226624
4686336
2443264
4633344
2333824
4244224
3247232
2277248
4223232
7324672
3237632
2227328
4823424
7364864
3868672
4389632
3423232
2228224
2322432
3268224
6286464
2422272
4822272
4223232
3432448
3822336
2442624
4334336
4442624
2746624
6442368
2233472
9663232
4342272
6223232
4222336
2332928
3423232
2923264
4229376
2242432
2373248
4276224
2642432
6362368
4927232
2326272
4249344
2379392
3226624
4372224
2427392
2286336
2667264
4328448
2932224
3423232
3343232
2222336
4383232
2324224
8223232
3442432
3433728
4842624
4992384
4278272
2472448
4342272
3689472
2943232
6222976
3322624
2229248
3263232
4423424
2274432
3668224
2873472
2623232
3924224
2443392
6232832
2242432
4644864
2963328
4743296
3343232
3263232
2344832
2642432
2342272
6264832
6879232
2324992
2329344
2927232
3462272
2267392
7823232
3422336
2244224
2424832
4422272
2226432
9273344
2347264
2497792
3423744
6249728
2276224
6823424
4423424
4242432
9332224
9222272
2229248
2743424
2372864
2844288
2247424
7432832
8244224
3332224
4943232
3236224
9433344
2282496
2246272
2262272
6222976
3662464
7668224
3222272
7232768
8863232
2322432
2783232
4447232
2228224
8286464
3924224
4472832
2242944
2663296
3832832
2266624
2422272
3327232
3732224
2372736
2223232
2222464
7334272
2244224
2783232
3433344
3623424
2626432
2264832
7422464
7643264
2646272
3222272
2776832
2292992
8628224
2663424
3242624
6683264
8927232
8623232
2873344
3462272
4436224
6228992
7922944
2223744
3423232
2824832
9823232
4322432
4342784
9423232
3323392
2372224
3482624
8943232
2923264
2823424
6364288
8322944
7364224
3284992
6362624
3693824
2923392
9622272
4427264
7839232
2642432
2228224
2623232
2244736
7334272
4363392
3226624
2226432
2223232
4674432
2383232
4342272
2434432
3339264
2823296
4282368
2482432
4223232
3247232
3823232
8324224
7627392
3463424
8323968
6222464
3223424
2262272
4822784
3223424
7922944
7842432
2328448
2222464
3224832
3924224
4422272
9464832
2342272
3722624
2222848
4933248
4229632
9944832
4623232
4932224
2678272
3823872
8383232
4622336
7378432
4242432
6322432
9327232
2223744
3246336
2386432
4422272
3272832
2423424
4934272
4484224
7732864
2666624
3332224
8244864
3732224
7226624
6322944
2322432
2223232
3333632
7224832
2228224
2822272
6833664
4249344
2627328
3433344
3924224
7222272
2364672
3348224
2222336
6224384
3382272
8223232
8338432
6324224
2263936
4226432
3284224
6847232
7222272
2333824
2228224
2742272
2847232
3392768
4223232
2228224
3367424
2394624
3234432
3743232
6932224
4342272
3232384
8482432
2482432
2424832
8442624
2274432
6823424
2682624
4223488
2726272
7646464
2244224
2287232
6234368
3367424
9733632
2363392
3336448
2223232
6994432
4232448
2233984
2323328
8274432
4373632
2292224
8293632
3444224
4223232
2622464
2244224
7322496
2226432
6723328
2622464
4238336
2743424
9224832
6424832
4223232
4343296
2222848
2228224
7432832
3686272
2223232
2324864
3423232
2322688
6234624
3743232
2347264
2742272
2324224
2222336
7663232
4463232
3227392
9823232
2422272
4394624
6228224
6742272
7432832
4962432
4223232
7782272
9863424
4344448
4483328
4244224
4734464
6429824
4232832
2324224
6438272
6222336
3922432
3668224
2386432
6634624
2229248
6223232
2936832
6226432
6228224
2622464
2484224
4324224
3236224
6337664
2223232
6232832
4399744
2338432
2863232
8628224
2799232
4264832
2226432
4229376
2228224
8222464
9743232
2242688
2264448
6249472
9264384
2223232
3962624
7674624
3226624
3647232
3492224
2847232
2428672
4722944
3323392
3429632
3323392
4482432
4428672
6322432
7442432
6223232
2626432
2244224
2233472
2422272
2324224
2873344
2222464
2722432
4942464
7444224
2262272
2234624
2223232
4423424
3394432
2842624
6943232
4282624
3732224
4438272
3332224
2362368
7274368
2228224
2444672
4249344
3284224
2644224
3282432
2287232
2922624
2232832
2244224
3282432
2928896
4782336
