222222333247488
222224224223232
222226229624832
222227272372224
222232886378496
222237874962432
222243349266432
222246932447232
222263729726976
222272448233472
222288736223232
222326422327296
222328347623424
222332462972928
222332734697472
222333246793728
222334326226944
222342322277376
222343749992448
222373382337792
222383324233728
222389979743232
222426622328832
222432729329664
222439426228224
222443242979328
222446242234368
222623628263424
222627227977728
222627242299392
222632323448832
222634923743232
222637463322624
222638394949632
222649722279936
222667873247232
222672634232832
222724424466432
222769646862336
222877238427648
222892382748672
222929222326272
223222638772224
223232224223232
223238342836224
223262372293632
223282272632832
223284632223744
223287323922432
223293427273728
223323463286784
223342223228928
223343236472832
223377232232448
223378226233344
223386447642624
223422663647232
223444224442368
223448372969472
223462272724992
223463242727424
223472392722432
223473647222784
223622443892736
223622778322944
223623224229888
223623484342272
223772639634432
223837928423424
223868274868224
223927444242432
224262336282624
224329936223232
224342732242944
224343438262272
224378274742272
224433792479232
224439373283328
224489472786432
224492296863744
224662772662272
224732244344832
224734424334336
224793997327872
224823382769664
224824827838464
224838933774336
224847734243328
224927223349248
224966232244224
226224326836224
226227989643264
226242322366464
226243373432832
226323427663872
226326233742336
226327227743232
226367384334336
226393344479232
226394464223232
226672224436224
226822439337984
226827232837632
227246329626624
227326624229376
227422846844928
227439933364224
227663322292224
227766888824832
227822292762624
227822726283264
227833672679424
227882378723328
228223776227328
228237246332928
228246833332224
228323622223872
228364998672384
228432627892224
228436343783424
228469269233664
228632224333824
228822796468224
229223833362432
229244624437248
229264244342784
229288224227328
229363272843264
229476477468672
229478233227264
229496334262272
229943676469248
229966626742272
232222372429824
232227322693632
232232823373824
232234324328448
232234678222848
232246479273984
232263744233472
232263938322432
232279838687232
232294927237632
232298232348672
232323983474688
232324234297344
232334446362624
232334462287872
232374942277632
232393377742848
232427842633728
232432673292288
232662343237632
232672738443264
232673388724224
232722624282624
232739847438336
232829323444224
232832992223232
232842432872448
232932373422336
233223282229248
233228449972224
233273232267264
233293663862784
233347228434432
233349382324224
233446442729472
233623244832768
233722779623424
233726332944384
233743263473664
233926422239232
234222432288768
234233737887744
234282438623232
234327437277696
234332224487424
234336423223296
234373873434624
234386228772864
234422223372288
234426228277248
234484724662272
234623227732992
234637237223424
234768222388224
236243338297344
236248323397632
236322347433984
236349342222336
236723224743936
236842422239232
237223263223296
237223396472832
237268422623232
237327644639232
237777342824448
237833832628224
237933334324224
238233323446272
238266724663296
238332328722432
238376222687232
238673726226432
238964262469632
238972623224832
238994737422336
239244347768832
239263422234624
239473223442432
239622922764288
239747226292224
239787462426624
242232983322624
242323867828224
242334222778368
242347748622336
242372329242624
242437227282432
242687232442368
242694664224768
242724326326272
242764936372224
242892222234624
243263482232832
243369962422272
243376232988672
243392327442432
243422867423232
243423262236672
243426223337472
243463742226432
243489222623232
243633744248832
243682236628992
243682822324224
243823324372992
244224488374272
244263392722944
244272233447424
244344222646272
244369333942272
244667224424448
244763672444928
244797226942464
244822362292224
244873393422336
244929326874624
244932448223232
246244876222464
246246647463936
246332224438272
246333933748224
246392626249728
246632468447232
247222774923264
247263742623744
247266492383232
247269627666432
247276943327232
247296423886848
247422378663936
247432327962624
247862428434432
248374292447232
248427243896832
248943922642944
248962949332992
249224426422272
249322242834432
249722464223232
249833662267392
262243224649728
262247223877632
262326386294784
262338246623232
262347392692224
262368273678336
262393293238272
262394233823232
262436748263424
262483462324224
262647439294464
262723932366336
262772293238784
262826622222336
262843844788224
262886222462976
262949429772288
263263334326272
263323322744832
263332373262336
263392839438336
263422227382272
263422722834432
263427776446464
263432723226624
263484277733376
263634342838272
263777822687232
263823922962432
263869447274496
263928327892992
264223298322432
264233223733248
264342373392384
264363926224896
264423263698944
264449237778432
264833466236928
266274223423488
266438232244224
266473237266432
267263328632832
267463234289664
267472227326976
267472739423232
267493223273472
268223226937344
268293233332224
268434992922624
269326344978432
272228223762432
272323424894976
272343372263424
272347639732224
272377246482432
272444386443264
272649222623232
272734223634432
272922232633344
272994626322432
273243332662272
273244222734336
273263926247424
273283434676224
273347422322688
273422749243392
273466423738368
273497637224448
273743443427328
273926432489472
273983369232384
274228422967296
274263733223424
274322843762688
274334722228224
274342463668224
274382929723392
274393464274944
274432264372224
274643367247872
276226476244992
276333326696448
276343343926272
276498423742464
276843722932224
277322362232832
277444723433472
277447378747392
278283372724224
278449266622464
279362974367232
279363724222464
279442336223232
279673432722432
279932224223232
282264892342272
282294377938944
282324222738432
282383336374272
282478432223232
282499237343232
282622732664832
282829346832384
283224637366272
283276432244736
283429824233472
283463336927232
283727223263232
283732772327424
284422437863424
284438688694272
284467226738688
284729364283392
286274933489664
286323342262272
286344792244224
286378272423936
286624227262464
286736224223232
287346224922624
287662447263744
287794324242432
287826773262336
287933728223232
288232464973824
288374932242432
289223479222272
289229624377344
289372279762944
289644843368448
292423322382336
292423432863744
292434322747392
292464734994432
292497326263296
292624634437632
292624648372224
292643227828224
292669836263424
292724336443392
292732223422464
292732362768384
292986947764224
293263479742464
293324362463232
293428682293248
293694737946624
293724366372864
294242324447232
294473824468992
294487933243392
294723643834368
296247642292224
296386974277632
296473884327936
297227324233728
297263223226368
297376344244224
298248384282624
298782623268864
298978822324224
322228326776832
322237337232384
322269873633792
322272728773632
322274724323328
322324726284288
322326844342272
322333693792992
322342822674432
322363422646272
322422397323264
322423494672384
322424623374336
322433927327232
322462427922432
322496233242624
322622334332928
322622443487232
322632792244224
322634687348736
322692233232384
322692448223232
322692627382272
322733237428224
322774232223744
322936482742272
322937848332288
323223932473344
323238229364736
323238283444224
323247337362432
323248236724224
323263248924672
323263272439296
323282329362432
323324282437632
323339624423424
323343299423232
323423736233472
323474286772224
323486982733824
323646443237376
323647383822336
323679222623232
323682937933824
323722347282432
323723226322944
323836223422464
323937336772224
324237694943232
324267323369472
324273773343744
324337334243328
324372628242432
324373327294464
324378923774976
324734233227264
324772323434496
324888724242432
326392222367232
326424394727424
326424928223232
326623269224448
326627282386944
326637362322432
326822462226432
326823927349248
326929272864768
327222477324288
327223732276224
327234433462272
327242236833792
327326293776384
327336828327936
327782742239232
327832234426368
328237898268672
328282377486336
328363727634432
328373329439232
328622344372224
329242923749376
329322732383232
329429723922432
329433486262272
329442229223424
329764432822272
329847343644672
332239777337664
332249463263232
332263267467264
332292923327232
332327422328832
332328282292224
332362272743424
332373942964224
332393742277632
332424964472832
332432429432832
332433826873344
332442793783296
332443232722944
332638442422272
332677742326272
332726662324224
332749222428672
332749236363264
332826344423424
332922232332288
333242972923392
333244987342848
333262222442496
333276434233344
333328224632832
333348827922432
333366323922432
333372272873472
333379428286464
333442226847744
333469724442624
333784632287232
333823823327232
333838433746944
334228964622336
334236823732224
334247274676224
334428424372224
334438327222272
334832443932672
334972744372224
336232692762624
336267242422272
336629229944832
336823432372224
337242772242432
337248242343936
337262633293824
337923394228224
337947243282432
338346469343232
338348838223872
338429324427264
338433624244224
338477222264832
339222624233472
339248678436864
339362724363264
339374842232832
339383222396928
339842626486272
339963334889472
342223833268224
342228228636672
342286642446336
342294222864384
342323873934336
342328446222336
342343272628224
342349324222464
342377282322432
342423233298432
342427224244224
342648774623232
342662244728832
342694229262336
342773677338624
342792332273664
343224273272832
343244376244224
343267923382272
343332933479424
343372342247424
343392223924224
343824823222272
344432332726272
344737932263424
344832743227392
344843472863232
346222339932672
346492227723264
346728767422464
346742423322624
346884293394432
347399223349248
347443946422272
347624399388672
348476722642944
348663223222272
348897324367872
348944224223232
348974326923264
349233928372224
349382232244224
349923222623232
362227336224768
362229677236224
362273222836224
362293762424832
362324362788864
362339263222272
362423632822272
362464823476224
362493488922624
362496223337472
362743236624384
362786322382848
362924832227328
362966468788224
363229226422272
363234347384832
363422464376832
363432282292224
363444226228224
363463332793344
363622244622336
363623373324288
363742263263232
363876649339392
364249287327744
364262224822272
364297222324224
364379274427392
364428263227392
364434227232768
364727243833344
364773332496384
366222272274432
366362464223232
366843936227328
367466227236864
367778882322432
368263843282944
368694684942336
369224243232768
369262462334976
369366222292992
372223392436224
372224834666496
372293262222336
372332377329696
372362233227264
372366439732224
372372776923392
372389374328832
372433268293632
372626293963392
372778933266432
372864432439296
373242624233472
373244623847424
373443498344448
373892742623232
374239442239488
374392834228224
374629722292224
374823294676992
374922348724224
376223282233344
376343844323328
377222392479744
377224343322624
377226489249792
377292622823424
377982343323648
378623822266368
379379488223232
379692232722432
379823423422464
382234426343424
382247763738624
382323289227264
382444278644736
382644342226944
382792482422784
382863728443392
383222372327424
383223384244224
383427243343872
383624222736384
383636262223872
384237623476224
384246262923264
384278368223232
384363647926272
386237237428224
386674226233344
388642682437632
392772634232832
392884372242432
393228222234624
393394392244224
394263492747264
394376362942464
394768273342464
396266233273344
397236273239232
397473238923264
397943343286272
398222334222336
398332463284224
398826942234624
399389492662272
422282323427328
422282766237696
422287484387328
422322479824896
422324449247232
422333322679296
422349664223232
422434346729472
422482374623232
422622624743424
422632682422272
422672293822464
422673324982272
422722332942336
422727623442432
422767247228928
422824224227328
422887443922944
422927422267392
422947223322624
423228437323776
423234423226368
423234972647424
423272233746432
423282963382272
423293223223296
423343927222272
423383292444672
423394822324224
423447242932224
423468333268992
423634444222464
423684244242432
423722683367424
423742784274432
423832766644224
424227394289664
424234237722624
424247422943232
424297624633344
424322372468736
424323264282624
424324283498496
424328224997376
424342487826432
424343327772672
424392937242624
424424237432832
424437862367232
424443324727296
424463223324672
424722643623936
424843637686272
426342223429632
426393247924224
426462837276672
426664424374272
426696743337984
426724347764736
426968384274432
427242366222336
427362863284224
427364224229376
427442829262848
427486726324224
427832328978432
427876222943232
427933424443392
428243232227328
428336426778624
428489224224768
428742722322432
428787288244224
428846478262272
429236322729984
429287224246272
429333673273344
429882274676736
432242627346432
432262372663296
432278442344448
432287392223232
432422433349632
432427622989824
432742433292288
432773423824896
432793322422272
432864293289984
432877772242944
432946324242432
433224227487744
433244922642432
433287232487424
433322223796224
433363396223232
433423323242496
433664234422272
433768743862272
433798786842624
433834236444672
433922693234688
434233283346432
434247369228288
434263346233344
434282372923392
434286863843328
434332223926272
434333223297792
434442899423232
434622237622272
434662369247232
434823397392384
434927823224832
434964323893248
436267383422976
436292967333888
436327992366336
436346643382272
436773822234624
437242823442432
437272847843328
437284292788224
437328883482624
437362976784384
437623832346624
437962442932224
437973322364928
438324742324224
438822342623232
439496223473664
439678822367232
442284726288384
442629472223232
442722623422464
442762373394432
442822669369344
442834744246272
442846238736384
443224367824896
443247323323392
443272323723264
443279883239424
443322469343232
443397268242432
443823332327424
443832696373248
444223422332928
444226822373376
444233343762432
444284437266432
444322923282432
444332223627264
444422342836224
444628422623232
444842882629632
444893843423232
446238443962368
446332347933696
446343332622336
446628867342336
446726372327424
447373434396672
448232237236224
448237267623936
448626323423232
448729237684224
449227222843392
449362332647424
449944482742272
462322339282944
462322434834432
462464233242624
462643392282624
462733688438784
463242728374272
463246369947648
463462746292224
464237224722432
464243766239232
464294362742784
464334438629376
466236343222272
466333272244224
467392374392832
467434439442432
468239747383296
468932686774272
469462424223744
472226327322624
472343247839232
472433474322432
472492696338432
472639288246272
472726637236224
472927622823936
473273442238464
473273726736384
473282432372736
473283846733824
473294283743232
473643972329472
473922973343232
474223372664832
474447242723328
474744637882368
474766487322624
474896246243328
476438638362624
476633339449344
476769222623232
476822762422272
476922224443392
477486742634496
478222332327936
478336864223232
478946864922624
482222497333248
482333472423936
482346264379392
482746388447232
482867774226432
483337264693248
483626776743936
484364634292224
484383362383872
484624746676224
486422643474432
486482692276224
486622372626432
487337243323392
487622232244224
487623322238976
488336327442432
488429224722432
489332929462272
489623883743232
489944363433984
492333664223232
492433332636672
492669372432384
493236262987776
493283386294272
493424826384384
493448929247232
493838373224448
493949642932224
494323379327232
494824273477632
494976439222272
496364742623232
497633487224832
497642433232896
498243424223232
499633463476224
622222642446336
622223968223232
622242246426624
622264446222336
622293737232384
622327462428672
622346277224448
622362422329344
622373733983232
622434623422464
622624269238272
622732262326272
622737724686336
622823224246272
622848337477632
623227488436224
623228222324736
623264647348224
623278498332672
623366286262272
623368627273728
623636422262784
623832722343936
623964498296832
623973222222336
624332634292224
624339227344896
624426298638336
624863223742464
626223333233664
626244282482688
626329693237248
626424232476672
626634684628992
626826934222848
627244366823424
627333882642432
627887364636672
627934477492224
628242232246272
628326722322432
628372474232832
629222368223232
629243437326336
629279626332672
629323324342272
629376247922688
629382267666432
629422622244864
629482883383296
629986929426432
632224924434432
632262249234432
632363232227328
632363824447488
632366722842624
632373327839232
632393644474368
632429762936832
632736268222464
633223224732672
633272227467264
633273342234624
633332724498432
633469297434624
634247892762624
634283342364672
634432832667648
634628474339328
637222228328448
637326322827264
637496882233344
638343882473472
638823232438272
639248627662848
639332339724288
642238433722368
642239392223232
642247432372224
642292332724224
642439938373632
642483236634624
642743423336448
642834722783232
642836394934272
643336723427328
643343393742336
643344633298944
643424744374272
643436362727424
644224864223232
644273274322944
644342724329472
644962224439296
646682342326272
646786238644224
647233629622272
647336822243328
647343622324224
647922242322432
662227494469632
662326244278272
662423786422272
663242328244224
663243326226432
663364222746624
663638622732288
663724348342272
664326342623232
664872224292864
666263732649984
666266272229376
666388642332672
666437239222272
667224383422464
667244449234944
667433632223232
667634227642368
667822344634368
668723383222272
668924244393984
669347346382848
669737242363392
672497349737472
672644382326784
672724236828672
672746996662272
672763383742464
673334423322624
673629923764224
674222744272896
674742622224384
674846382292992
676223398674432
676486762463232
678823872233472
682274882322432
682362972942336
683297772724224
684322462236672
684479644434432
687272777662464
687623288389632
687743223422976
688294824247296
688723229343744
689437237837824
689798422462464
692234242228224
693323233247232
693376282238976
693734362933248
696632264884224
698732223823872
699228924346368
722222236237824
722232467324928
722243963363328
722249634742272
722267322384384
722273722232832
722282644242432
722388274642944
722432493748224
722674333237248
722733248692224
722774324772864
722822662324224
722824743223296
722837748842496
723226282426368
723228233269248
723238222823424
723323378663424
723333442922496
723387626422272
723398437343232
723423237433344
723426494644224
723472943284224
723696477364224
723739493449728
723797392332672
723868834332672
723892244447232
724222624333824
724223627624448
724263963623424
724349243326464
724396342247424
724428726239232
724448364724224
724622268432384
724834222866432
726242327322624
726737272926336
726762324492288
727222224863232
727329922228224
727332433938432
727468322337792
728222223826944
728237746962432
728433367732224
728647423967232
728722336333824
729282423324672
729978874232832
732224238649344
732232646433792
732423822262272
732469262337792
732474392444928
732639872692224
732642482847744
732792282292224
732872364392448
733229222326272
733322622739392
733438429323264
733842323472384
734223648227328
734238846222336
734283262734336
734288676323328
734332972649472
734766974226432
734832376233984
736282437746688
736692226228224
736733423849472
736848442294272
736882663329792
737229246824448
737232498229248
737232888397824
737292462262272
737489277923328
737822823284736
738237442424832
738799732242432
739238224822272
739443437236224
742286323924992
742294266642432
742342622773248
742383392292864
742723432722432
742733484982272
742946238332928
743268294623232
743283622674432
743372399742336
743383422222336
743423632229376
743794223284224
743862372728832
743924279476224
743928376246272
743944763326464
744223842238464
744227743924224
744497827282944
746222242332672
746262722322432
746266294222848
746343324647424
747743333323392
747863323877376
748423443382272
748922338934784
749262266339328
749346229223424
762228474642432
762392738322432
762422262239232
762827946983424
763237333647936
763262497234944
763298239463424
763333323282432
763428322363392
763982232846336
764228243423232
764263279632384
764277232223232
764924322742272
766243482697728
766244433733632
766428747743232
766433632398336
766883842228224
769399226233344
769743294824448
769837374222336
772278736223232
772342622263296
772723264223232
772894296244224
773229272223744
773232442343424
773472233447424
773623228686336
773724222738432
774323337424896
774428222324736
774822249234432
776232432267264
776663324688384
777222826426368
777468632629248
778722244263936
779339272243392
779363242463232
782227323666432
782292286734336
782344374239232
782366722228224
782638923644928
782672224223232
782762342326272
782888334262272
783233373339648
784276293943296
784334233976832
786222343323648
786346333323264
788322732244992
789434842742784
789468322922496
792224362266624
792323233422336
792367347727872
792423264632832
794624233439232
797269346463744
797378422966272
797444483383296
798433226293248
822237362343936
822239473434624
822263626727424
822362432274432
822432869646336
822443872223232
822694744424448
822723282468864
822733332793344
823224386322432
823233344274432
823244324732928
823249333223424
823323236327424
823364747476992
823468838879232
823773839228928
823873722384384
824222223433728
824222272978944
824232222277632
824232429748224
824324442292224
824329662234624
824764477243392
826223837773824
826282384293888
826342263226368
826363332329472
826433228242944
826974782226432
827229367222272
827348823834624
827372266463232
827434289332224
827922334482432
828234469343232
828297342222336
828372923449344
828727722934272
829287924498432
829722349338624
832232347333632
832332338233344
832772979892224
832922464223232
833222722332672
833349244944384
833476328423424
833623237343232
833823299764224
833936922427392
834322938494976
834333222223872
834922423222272
836232479244288
836942333239296
837349364662272
842223684943872
842224279486464
842343243743232
842497422262272
842633282322432
842832347922432
842849738293248
842922272489472
842932676984832
843434322296832
844228284383232
844233833447424
844236327739392
844323237789696
844763347943424
844823322427392
846248823226368
846834362744832
847333732799232
847444363444224
848263246774272
848436442693632
849339834236928
862234873823232
862322327322624
862872892342272
863222223273984
863447963664384
864323334733824
866262946332672
866273292767232
867344224223232
872222492639232
872323323346944
872329222324224
872383332667392
872433434492928
872923486224384
872936396623872
873222243876864
873232648372224
873423422226432
873499336722432
876243263422464
876322267333632
876322328297472
876322486222848
876366222262272
877274827333632
877667434463232
882247623376896
883242664722432
883364393336832
883443322847232
887328262324224
887397263327232
887644323643392
888287432933376
888682729439232
889443223732224
892322793234432
892726492299264
892964773822464
893362233673728
894324734263296
894393423839232
896422447742976
896462244937728
897432724242432
897826274279424
899643822833664
922244324327424
922273369823232
922276243832832
922422389833728
922424647237632
922432234622976
922438628278272
922624422838272
922679232233472
922749964222464
922824374943744
922937328746496
923343473332224
923372443348992
923379638823936
923422726324224
923423234936832
923932342222848
924222397722624
924229274443776
924368224223232
924393233332224
926226366234624
926234464223232
926234643382272
926262233874432
926373732383232
926442426728448
926874324762624
927223386292224
928272428826624
928447224348672
928634263732224
928663233748992
929432632246272
932233247479296
932236244287488
932262234292224
932293333222272
932472743924736
932473243828224
932632737426432
932642284363776
933232864223232
933427327924224
933839272783872
933973732343232
934837233426432
936242272272384
936247734632448
936723294388224
936784244293632
937263942623232
937428384743424
938223339282432
938249299427328
939447228432384
942232676732928
942343728463872
943242342432768
943242676862976
943727266234368
944223226232832
944262342623232
944693623222272
944946694324224
946229222227968
946322277433344
946324228276224
946623622938624
947228428468224
947232638263296
948322337292288
962222427242496
962222642233344
962823398326272
964223824822272
964328334262272
967432348237824
967433299273728
968462393278464
972282422329344
972422864437248
972746444242944
973368484429824
974626234638336
974733743499264
976229242232832
978243724394496
978433346322432
978723826827264
979424346636288
982336397672448
982422624927744
983233984462848
983276982632448
984222942363648
984364836323328
986862743322624
989384442642432
994393897362432
997226233823232
998296243273728
999682934243328
999949227282432

