2224
3232
2432
7232
2448
8928
8224
3232
2336
6784
2624
2272
2432
6224
3232
4832
3232
4784
7264
9264
2736
2624
3472
3328
2928
3648
2432
3232
6672
4944
7728
2944
3232
3264
7328
9472
3248
3264
7296
2432
7648
7232
9232
6368
3232
2688
4336
3472
3424
2336
2272
9376
3472
4784
9264
2464
9296
2432
2976
7264
8272
7232
2672
3328
3232
9728
3776
6944
4224
8336
3872
2944
2432
4944
4224
4496
2432
7824
7232
7744
9344
7488
6272
7328
2496
6768
4368
2496
7664
7648
2464
7344
9328
3424
7296
3232
7488
2272
3328
9632
3232
8384
4624
8224
7728
6384
3648
3328
2464
2224
3744
2672
7344
4224
8432
6672
2928
9728
2848
3872
2944
2832
8224
8224
4784
8448
2624
9392
2624
6832
4832
6896
4992
4736
4432
3232
4272
4432
2624
8272
3776
8672
2464
8672
6464
2272
3792
4224
4688
3632
7328
3744
3472
6432
4336
4448
8832
8272
2272
6624
3696
4496
7328
6336
3232
6272
2672
3232
7392
8832
2944
3392
6224
3248
3296
6224
4672
6272
3232
3648
3248
7296
6448
7232
2944
6672
8768
7264
8432
3424
3296
6784
2384
8624
4672
4832
7328
2272
8224
2336
7648
6832
3984
7936
2784
4832
4384
7264
6288
8384
4736
4432
9936
2432
4224
8432
4928
9632
3232
7744
3328
8832
2272
2784
9968
7232
4432
6224
6928
6832
7248
6688
6224
4832
4672
2224
2672
