
22222222474346496
22222223979282432
22222284343934976
22222326243262464
22222346733748224
22222346882383872
22222372744986624
22222382236434432
22222424767463424
22222432663732224
22222464936247296
22222827322343424
22222892672483328
22223224427249664
22223232843743232
22223322373496832
22223322622328832
22223323482292224
22223373248692224
22223636293727232
22223693823934464
22223839778832384
22223843767222272
22223942783336448
22223992446222336
22224322462482432
22224342662774784
22224832367689728
22226463927263232
22226693429993472
22226823732363264
22227232238862336
22227237464334336
22227423323922432
22227794332434432
22228234637672448
22228333433929728
22228384264224768
22228423479263232
22228622279442432
22228682328244224
22229233427423232
22229242833272832
22229386638262272
22232227622879232
22232232738422784
22232243229622272
22232267336466432
22232272394723328
22232282432274432
22232348674228224
22232422284263424
22232734327222272
22232774773343232
22232829262823424
22232932267327488
22233299964383232
22233383246462976
22233423879733248
22233622244622336
22234246864699392
22234266272268288
22234336623378432
22234342726729728
22234397667342336
22234422424633344
22234472248246272
22234662274793472
22234943927734272
22236262236684288
22236337623822336
22236644442636288
22236784234463232
22236927934943232
22237287242268672
22237288332263424
22237746232246272
22238874423263232
22239733323644928
22242277238243328
22242323234783232
22242623226642432
22242643462324224
22242664632287232
22242772492222464
22242842464223232
22243433423634432
22244794432487424
22244873432334336
22246724243423232
22246784234422272
22247236237492224
22248866242363392
22249339222228992
22249922743222272
22262322223927296
22262443344396288
22262836347666432
22263376243433472
22263883496423424
22264236439732224
22264332922847232
22264486327222272
22266262334324736
22266272283623424
22267292462972928
22269762376372224
22272237849673728
22272292473274368
22272762236239872
22273323347423232
22273323493736448
22273334223372288
22274223696248832
22274234843922432
22274349734633472
22274732327436288
22274833696948224
22276222482382848
22277268683292672
22277293922322432
22278322324242432
22278332672999424
22278427483963392
22282227428622336
22282662373687296
22282663228342272
22283234249342976
22283292328722432
22283443268222976
22286328397627392
22288329962422272
22288632733237248
22289283339337728
22292262722322432
22292728834424832
22292949363277824
22292983224336384
22293294244429824
22294222622687232
22294732294324224
22299234298232832
22322224262283264
22322289343463424
22322292227923968
22322322786484224
22322378673487872
22322382362836992
22322464344244224
22322638739423232
22322926289682432
22322932672223232
22323222493323264
22323284273332224
22323326244323328
22323434474299392
22323673382879232
22323739223826432
22323982432223232
22324332222332928
22324432372236288
22324492632379392
22324722323226624
22326262374334464
22326423272423424
22327246342324224
22327884732432384
22328382327422976
22328423336927232
22329429762834432
22332223927222272
22332226268233728
22332323842228224
22332324674322432
22332363232333824
22332376333338624
22332638333279232
22332833336696832
22332837272223744
22332963943636992
22333948332982272
22334332232733696
22336424742223872
22337223742439424
22337224327692288
22339846929383424
22342444337332224
22342962242322432
22343622274842624
22344287832244224
22346238262247424
22346489286623232
22346646229942272
22346729224372224
22347296362266624
22348846223327232
22349326332727296
22362229674344448
22362233773727232
22362732232372224
22364332362473472
22364739322232832
22369443429482496
22372236662243328
22372278633234432
22372342843834368
22372824423333888
22373333823246336
22373776423337472
22373822237663232
22373933728333824
22374278377242624
22377692222226432
22378322344476672
22379234377239936
22379432764243968
22382272497844224
22382296442339328
22382847222349824
22384347327627264
22386224224272384
22386442223222784
22389346422226944
22392274438324224
22392662823272448
22392762483474432
22394223274622976
22422222334328832
22422298244677632
22422376278392832
22422778932363264
22423229744283648
22423232228622336
22423239299432448
22423324248244224
22423922683674624
22424264248393728
22424426622222336
22426226238947328
22426282423222272
22426783622627328
22427344424927232
22427762772344832
22427882337337344
22429276242444288
22432233274343424
22432323273228288
22432422322962432
22432827222392832
22432837673336832
22433242473234432
22433926924468224
22439224298962944
22442329722322944
22442479844327424
22442624233242624
22442966429663232
22443722726326272
22444232442642432
22444943628828672
22446328727273472
22447426438692864
22448796264824832
22449732836622336
22462622947344384
22462823223263232
22463326922932224
22463343978872832
22463632424927232
22463682422243328
22463692622364672
22464347269496832
22466326427467776
22467992224333824
22469823229722624
22472333462863872
22473327222226944
22473622774923264
22477247392223232
22482423222239232
22483486296244224
22483748234723328
22484343223222272
22484434846482432
22484974924726272
22486323347324928
22487427264282624
22487992822923264
22488429493223424
22492333434396672
22492447433293824
22493283962683392
22494433948729344
22622269226876928
22622294232999936
22622322624233472
22622648247779328
22624246378266624
22624436334624768
22626222637842432
22626266336722944
22626298824228864
22626322234343424
22627222974332928
22629272237236224
22629727466422272
22632229339679232
22632292727267328
22634344832827392
22637622332473344
22638962836242432
22642733674939392
22643344349724672
22643633297424384
22644433923342336
22644692772323328
22662243223732224
22663337423634432
22666493274292224
22666633233334272
22672638429364224
22672744332263424
22673334336823296
22674243694362624
22679772243738624
22682337239826432
22692822343483392
22694633426386944
22694636328763392
22699294642962432
22722222823243776
22722276232986624
22722372832223232
22722622493663232
22722763748622336
22722823422738432
22723223422943232
22723327932383232
22724333323646976
22724339249332224
22724922746437632
22726236273334272
22727283266322432
22727462743867392
22727822349238272
22729926323994624
22732233892429824
22732283276623872
22732332437864448
22732492992233472
22733223826747392
22734322223284224
22734863266332672
22736728727322624
22736742383222784
22736926282678272
22737296272223232
22742324264927232
22742326243639296
22742442832822272
22748226344976384
22749437428236288
22762232372662272
22763427263926272
22764323432374272
22766673222623232
22772324936374272
22772723233462272
22773936247243776
22774424864292864
22783438278623232
22784243976732672
22786227723829248
22786233223348224
22787242422239232
22787246323924992
22792232678326272
22792632322424832
22793394222369792
22822644646674432
22822967232479232
22823343828762624
22823429283643392
22823633668276224
22823836332982272
22824222392844288
22824737622392832
22824869722324992
22826372428726272
22827222624632832
22827332243423232
22829329223737344
22829422432223232
22832263974223872
22832332323397632
22832479347277824
22832663283892224
22832886237364224
22833869239222272
22837223992246272
22837332222222336
22839428329242624
22842744942624768
22843242244472832
22862274626322432
22863263647924224
22872474747666432
22872627693748224
22876724463796224
22884422378323968
22888822333243392
22892263333429248
22893362366644224
22922444226428928
22922493244342272
22922693732639232
22922792224948224
22923422333263872
22923427642343424
22923437382623232
22926273873334272
22926433333837824
22932224234422272
22932239878324224
22932847872442368
22933346633293824
22934238433247232
22937237268922368
22937442692677632
22938322327732224
22938332862283776
22939333268447232
22942642664374272
22942973332242432
22944422427623424
22946433932427264
22946739434422272
22948829623222272
22963292224782336
22964362234232832
22964876922322944
22967223284662272
22972622242332672
22973323422292992
22974392632246272
22982273323333632
22982486233448448
22984242437947392
22993392448438272
22994292729332736
22997293242384384
23222232672436224
23222262436724736
23222266449887232
23222322362437632
23222322376372224
23222344762294272
23222437232246784
23222446228242432
23222493862428672
23222926782332928
23222943336628224
23223232284327936
23223293234233344
23223294822776832
23223323488223232
23223387292729344
23223727324643328
23223732299292672
23223733762424832
23223772779282432
23223826232377344
23224242737332224
23224344376246272
23224924692283392
23226234222772224
23226239226949632
23226272296722432
23226964337332224
23227398323232768
23227822338932736
23228636294283264
23229222263783424
23232336394272768
23232374268493824
23232422426443776
23232637632282624
23232976242868224
23233246462476288
23233323632246784
23233936329289728
23234222329823232
23234223723282432
23234328232722432
23234922626678784
23236226277433344
23237282366226432
23237366642638848
23238224623337472
23238323392223232
23242246648233984
23242324363444224
23242924426788864
23243338228432896
23244242973622272
23246387228639232
23246474242424832
23246763462623232
23246998232629248
23247272242446336
23247324427493376
23247383496228864
23248972332343296
23249294263222272
23262236273332224
23262424829263872
23262788243423232
23263234233974784
23263837462462464
23264224732643328
23264234622222336
23264724222738432
23267222732242944
23267926624223232
23268342237364224
23272238349287424
23273223246249984
23273236226322432
23273728793247744
23278623332622336
23282232322277376
23282382732263424
23282384292937728
23282463887327232
23283244224479232
23283723936743424
23284236367429632
23284322427469824
23284722963382272
23284887242932224
23286644264927232
23289239634444288
23292228222222336
23292426228793344
23293823239323648
23294233322422272
23294426933624832
23294684922642432
23299822487273472
23322227283726336
23322267324776448
23322287223373824
23322334322294784
23323223237787648
23323224623284224
23323227329332224
23323932673993728
23323933943783424
23324322472722432
23326224823222272
23326229239824384
23326422229942272
23326492388622336
23327232622267392
23327463394787328
23328343923397632
23328932964728832
23329243984822272
23332322832924672
23333294833422336
23333424362422272
23334268464267264
23334372249979392
23334462242684928
23336342328692736
23336482726674432
23337262926222336
23339226323423232
23339326334478336
23339343476639232
23339762483724288
23344234293362688
23347232233242624
23349233374774272
23349287223263232
23362992674832384
23364467323932672
23366342232244224
23369842283249664
23372338326994944
23372472266293248
23373286436634624
23373326223378432
23377272949223424
23382222698446848
23384232337342464
23384822272229376
23386292427423744
23387322472464384
23387992294367232
23388478263263232
23396233229494272
23397367222236672
23398943444434944
23422224872374272
23422296932794368
23422676427472896
23424222283333632
23424242477432832
23424442243743744
23427333772222464
23427687232438272
23432322342223872
23432432676323328
23432434933727232
23432492336283648
23432493626228736
23433732244242432
23434428973842432
23438642794463232
23439383222943744
23439747229323264
23442346423222272
23443228947382272
23443463964229632
23443939228372992
23448733272244224
23462393263423488
23463332773429248
23463482263732224
23464282443743232
23464692232224768
23466366724276224
23467223996923392
23467424694239232
23469322848436224
23472223433293824
23472228226793472
23473242274922496
23474442433462272
23477242673332224
23478228629323776
23482268928442368
23482666422632448
23484288334823424
23497624243666944
23498282848223232
23498926228242432
23499276663324672
23622836633468928
23623342228242432
23623396429326336
23623922982223872
23626364322742272
23628264722399232
23632433824923648
23634323433234432
23636226263482368
23636349238247424
23643269363662848
23643723424333824
23643784374239232
23644266329972736
23648624833462272
23662287422226432
23666732222644224
23669462343647232
23672222786322432
23672227663429632
23676322343288832
23679336228323328
23682843732344832
23682862842642432
23683222223732736
23683393992462336
23698427288223744
23722222889336832
23722499342932992
23722682396442624
23723223232794624
23723763677236224
23724233232924672
23724384423247872
23729842324242432
23732333229233664
23742224268263424
23743233832937472
23744233822224384
23744322622734336
23744342326247424
23746222938783744
23748227624927232
23762224337338368
23769632384483328
23773264222224384
23794794244472832
23796323928244224
23822242269364224
23822623328698368
23822642247892992
23822826662264832
23823244222267392
23824262992232448
23824282442268672
23826244432822272
23826924292276224
23827328234422272
23828424422326272
23832273837883392
23832286323277824
23833947326644224
23836234829266944
23837923226299392
23862332424978432
23866723326394368
23868423832338432
23872239292833792
23872628862222336
23873222392233984
23873277433872384
23879222822633472
23882732333236224
23893434434322432
23922232888393728
23923224327647232
23923427337234432
23932234262642688
23932272483237888
23932337962974336
23932962223333632
23942222227832832
23942882329362432
23943237232223232
23949622722428928
23962294229262336
23962783763423232
23972637272677632
23976327246262272
23984392762294272
23984623232483328
23986222764392448
23987342436728832
23989232636264448
23994473826484224
24222227734462464
24222262936338432
24222332274868224
24222464263323648
24222627223732224
24222842336673792
24223243332427776
24223422326243328
24223427422322688
24223684264722432
24223843262398464
24224247222239232
24224427442962432
24224924373737472
24226923722932224
24228366287634432
24229484622249984
24232224444383232
24232244786233344
24232263737278464
24233294922964992
24234447467446272
24236337222623232
24236348248424448
24237426224922624
24237628332244992
24239427232333824
24239732734328832
24242383223783424
24242386939674624
24242424247222272
24244322324447232
24247227222392832
24249342344822784
24263362848227328
24264233927442432
24264734722228224
24266322722783232
24266427232223232
24266762442768384
24268872474427392
24269238436626432
24272426848223232
24274243274932224
24274492239642624
24279422632722432
24279676242296832
24282227222249472
24283464333262848
24284432397238272
24284978633244672
24289244476342272
24292338773262336
24292764837347328
24292823362633728
24294686473322496
24297442822324224
24298322462244864
24322968232722432
24323384226742272
24324774267322368
24326322233278464
24333233243977728
24334222242742272
24334482882428928
24338243332472832
24338732938297344
24342237432446976
24344982844342272
24347423943327744
24347479249723392
24348226668724224
24362332772327424
24362726224822272
24367223632969728
24369483294277632
24376423222738944
24377233322437632
24378224463839232
24383682364833792
24388222398234624
24393329239329792
24422262233628672
24422332623224832
24422383297363968
24422922733289472
24424228237344768
24424343727243264
24426633236447232
24426934223634432
24432743276347392
24432932468293632
24433467429224448
24433642224746496
24433729427423232
24436433379262464
24437928282292224
24442724373774336
24443424262324224
24448228732698624
24462226643484672
24462322223284224
24462424824348672
24462467433234432
24462962389942272
24467283228229632
24469428422836224
24472222886264832
24473242328629248
24473732826267648
24474427326332928
24477794432372736
24477924277223424
24484492433424384
24492392248246272
24493398644293632
24499493634834432
24622273644724224
24622727329492992
24622829244776448
24622843343929344
24623324923428864
24623328363282432
24623722842292224
24626224433332224
24627724444237824
24632873224372224
24633228277776384
24633727742324736
24642236378382336
24643622424379392
24644493782286336
24662244247732224
24662464723943424
24663334242484224
24682774273339392
24692242389663744
24726299842363392
24728896832274432
24728943262334976
24732242332729344
24733794423324672
24742422676242432
24742464294223872
24743329948237824
24746938227228672
24767442366234624
24767689342943232
24769436322742272
24774223322677248
24784922364346368
24792382833426432
24793222462267392
24799748324327424
24822264339726336
24822283222646784
24822322363367424
24823424744423424
24824277442363392
24826377329639424
24827442266898432
24832262372327424
24832347243282432
24834242347794432
24843372292472832
24868626232246272
24898334336483328
24899348233322496
24923234289844224
24929432332664832
24937333246328832
24937692424372224
24942362742226944
24942832282238976
24944274763333632
24946224742268928
24947622493323264
24967442778292224
24969243262943232
24973334323789824
24982247223263232
24982273643249664
26222223262482432
26222464742326272
26222492462874624
26222623782469632
26222672832233472
26223367722467328
26223423333433344
26224282432438272
26224433467932672
26224736336289792
26228267292229632
26229323239934976
26232982423732224
26233943722463232
26234282242473984
26236229263294464
26237237337464832
26238634294247424
26242438772293632
26242476228476928
26242884424433664
26247824436363264
26248233492283392
26249488943284224
26263233726234624
26263342332444672
26263676428222464
26272429323743232
26272434737332224
26277224468447232
26277393292222464
26277422262239232
26283224988647424
26292636223967232
26293322232889344
26294226627723264
26296397623222272
26298363338293248
26322382223327232
26323238782697472
26323379243384832
26324424242233344
26324939673833472
26326322333724672
26328492263227392
26328492442386432
26329423442337792
26329446428442624
26332363424268288
26343639443423232
26344423264223232
26346774726623232
26347343843229696
26363684437622784
26377443342286848
26383273436233728
26387422293786624
26394722236366848
26399926922932224
26422368339492864
26422634227433472
26422732624232448
26423932326248448
26424322622226432
26424479334629376
26426236239839232
26432863332728832
26433473333428224
26434436492427264
26434834368823296
26436976824287232
26438826223337472
26442979323973632
26444842622779392
26492283363262464
26494327926226944
26622272228622336
26623622992232448
26632288843333632
26637333334843392
26638423248863232
26644234223222784
26644766338842624
26648993632223232
26662323924762624
26663226886324224
26664623466872832
26668923283832832
26673922324933632
26677844273332224
26682389737242624
26693226279272448
26699673424822272
26724274333876224
26727493224628224
26732342462644224
26732426223476736
26736242364776448
26737684427833344
26746224437624832
26746246677233664
26767226236649472
26769632723269632
26772646263422976
26782422327263232
26782869293236224
26792298469343232
26822223367962624
26822262273343488
26822288263348224
26828226724626432
26833348284383232
26864286327373824
26864687643623424
26866393237684224
26872222876434432
26922968294326272
26924322736668672
26927433439248384
26932292783327232
26937232244342784
26944262922829824
26979263432884224
27222722276327424
27222843222392832
27223322377273344
27223397484724224
27223732249362432
27224262246924288
27226248836677632
27226442236428288
27226482937823232
27226963848462336
27228823949279232
27232322298273792
27232822223437824
27234339274727424
27236724862943232
27237332477343744
27237836843384832
27238228293943296
27238644232224768
27242264922292224
27242444734267392
27244329248489472
27244493342244864
27249249274232832
27262234864779264
27262679364329472
27262822333243392
27263462223642624
27264229322932224
27267232924237824
27272922882637824
27273777324724224
27278233922322432
27282636222234624
27284322642296832
27286939224244224
27293474882322432
27293674648633344
27294333246222336
27322223283339264
27322232744927232
27322238332698624
27322622263222272
27322944426344448
27323276738494464
27327442438324224
27329343323369472
27332223629663232
27332234228662272
27332429382623232
27333722762422272
27333822326243328
27334223642492928
27336323992223232
27338266234847232
27342242832973824
27342332864372736
27343242347323392
27344264426422272
27344349743284224
27344923642939392
27346299248443392
27366262223634432
27368427826446336
27372222822776832
27372622333722624
27377797322437632
27382623422644224
27392222647222272
27392262249332736
27393347637347328
27393447386382336
27422333628383232
27422624248233984
27422672472244224
27423249632722944
27423448284266496
27423483232223232
27423844249632768
27429333336244224
27438369222426624
27442672224436224
27443432272822272
27443787326226432
27463382323679232
27464346423263232
27472223462326272
27478333632282624
27483342226292736
27623332229262336
27623846222364672
27624272286449664
27626247222239232
27627322624376832
27633437638926336
27634872386322432
27682322434228224
27693273233332224
27698222497333248
27728224293224448
27728323222634496
27732434743222272
27733223447322624
27733373662224384
27739839243239424
27744834376433664
27767622432227328
27778373267226624
27824283623227392
27827846642663424
27828938222862336
27829293387743232
27843274428383232
27922222429323264
27962283322294272
27963632622772224
27973423336223232
27983266393227264
28222232224333824
28222242246623232
28222322679742464
28222466643984384
28223624226373632
28223633632223232
28223844623843328
28224224324222976
28224382769823744
28226382343962624
28227379264487424
28232236222267392
28232362423222272
28232622238334976
28232634228277248
28232846338424832
28233223432372224
28233233242324992
28233424424927232
28233744734748672
28234443322294272
28242222232633344
28242238922293248
28242673872666624
28243274732273664
28243289224249344
28244444222324736
28246223634333696
28247764792246272
28262693438226432
28264943962423296
28272232263647232
28272243448479744
28272326684442624
28272439833329664
28272622432223232
28273232432922624
28276242639224832
28276476322332672
28287933427482624
28287943683342336
28288732492726272
28292829262774272
28322342282723328
28322493222223872
28322832228286464
28323223394844672
28323274228236288
28324364637929472
28326624299237376
28332248423989248
28332976633823232
28333234324242432
28333728349323264
28336276874723328
28336822664822784
28337477228347392
28342822448922624
28347328232423424
28349399247224832
28362362263732224
28362772442382336
28367483226292224
28369222263373824
28372292332683264
28383432298463232
28383482367442944
28384323793846272
28386727232274432
28393662422974464
28422296337383424
28427374474297344
28432329243623424
28433397246492672
28438828337332224
28439223283482624
28442283224334336
28449427322437632
28466934743826432
28477992344223744
28483222832676864
28494224248799232
28622642327322624
28628329233383424
28632638223286272
28633982632722432
28636373474279424
28637367233642496
28646732449972224
28647334424346624
28663229223272448
28669262344224768
28722493934862336
28726328226742272
28729643272372224
28733266266292224
28733283322232832
28733349873844224
28733442343796736
28734286278426624
28742442362339328
28743442234343424
28743729333387264
28788327227326464
28824823224336384
28829724633464832
28849962438623232
28872424682422272
28873342693343232
28876222323228672
28882222744338432
28882327383834624
28922322784223232
28923623462928384
28932432497934336
28962832633823232
28992232632287232
29222462748229632
29223846238224384
29224372637343744
29224673749942272
29224792263647232
29226884393336832
29228432327442432
29228722464227328
29228787492323328
29229333282422784
29229977238239232
29234226442272768
29236667336884224
29243226223927296
29263436922322944
29272326292242432
29276323778322432
29284426263822336
29292332982239232
29293822223843328
29298863329247232
29322343327963392
29322382432223232
29323893423734784
29334774444982272
29362322822823936
29362436982964224
29362743344922624
29363834423476224
29367332929234944
29372464729423872
29372934394847232
29382278249447424
29382437438226432
29386444294324224
29396322227994624
29397622492643328
29422226272223232
29422328273436672
29423233743224832
29426894424244224
29433394282364928
29442642328682496
29462288224223232
29462633467674624
29472833923448832
29499328822247424
29622324226424832
29622426227638272
29624227343327232
29632742396264448
29682327248437248
29683246326349824
29732282872233984
29742444422627328
29822722833383424
29823462927433728
29827236247732224
29829433223282688
29832644262887424
29862736723233792
29868826426343424
29892324448272384
29923963382329344
29926373644726272
29932478229233664
29994342383222784
32222232273272832
32222323242934272
32222373229799424
32222387934277632
32222424462262272
32222432364724224
32222462472732672
32222824679227392
32222997328822272
32223233932222464
32223293323444224
32223398373347328
32223773666746368
32223844774969344
32226222722383872
32226393948327936
32227433824223232
32227932933439488
32228262932447232
32229322327222272
32229368224284672
32229483268276224
32229638778322944
32232284224487424
32233224873443328
32233233942623232
32233322248372224
32233349332242432
32233397473396224
32233776223444992
32233879374262272
32237232434233344
32237493973679232
32237673324724224
32242343776699392
32242428343222272
32242429348282368
32243424994787328
32243838923833344
32246472322842624
32247222338322432
32247232796233728
32248683426742272
32249348924276736
32262796279332864
32263233463222272
32263943443623936
32266679296223232
32266897982226432
32267343443263488
32267477326823424
32272227629236224
32272272498622464
32273374432223232
32273637247337472
32274247239327744
32274934423732224
32277228322332672
32277386633232384
32279246483226624
32282248328773632
32282384224223232
32282398822367232
32282822232244224
32283372233742336
32283926332342272
32287473466343424
32289722843922432
32292263462436864
32292279228432384
32292934233882624
32293242423263232
32293628224339968
32293662327263232
32294362728628224
32296244232978432
32322332234723328
32322334232346624
32322347848433664
32322882342223872
32323224222793728
32323226323433472
32323267238879232
32323366336223232
32324234222923776
32324294232244224
32324333862223872
32324363262222336
32324742368722944
32324772362932224
32324826836238336
32326227238846464
32326422928293888
32327246994932736
32327247836233728
32327346242322432
32328442727497728
32332272963637248
32332343883743232
32332432298729472
32332462228242432
32333722922382336
32334269234282496
32334822429622272
32334824324726784
32337232222224384
32337249222426624
32337324469223424
32338442636623872
32338737227833344
32339632342228992
32339694743322624
32342646424338432
32342842722484224
32343422684626944
32343943822442496
32344764482322432
32344836464443392
32346924622774272
32348624847372288
32349293224722432
32362226267922432
32362662699343872
32363329338934272
32372222242848768
32372627373983232
32372833432633344
32373426283333632
32373482227236864
32374684838264832
32379843424223232
32382222226292736
32382224232873984
32382239282233344
32382986733748224
32384673233934336
32384724284473344
32389249273823232
32392729626292224
32392737668293632
32392924327378944
32394222334623744
32396623224763392
32396627222249472
32422228439924736
32422468226383872
32423442337972224
32423922433437696
32424224844939264
32424636337422336
32427436224282624
32428324322279424
32429762337337344
32432698494222336
32432942293843968
32433427373663232
32433763272228864
32434226272272384
32436263472463872
32437334234382336
32438343293927424
32438962324242432
32442222838284288
32442223297462272
32442323347832832
32442469828263936
32442993223483392
32443873933492224
32444239632924672
32444692228472832
32447222332342272
32462228262223872
32462323946422272
32462734242742272
32463233429372928
32464432433332224
32466226746949632
32467267242934272
32469334224666624
32472223237343232
32472396984287232
32472442272743424
32472623226322944
32473924494262272
32474442247962624
32476822276276224
32483226933264384
32488324222943232
32488629223292928
32492638372626432
32494733243449344
32498938464436224
32622223389622272
32622242743222272
32622376224227328
32622664837496832
32623373662322688
32623437872922624
32623492982243328
32626272447627264
32627232262324224
32627987372639232
32628343462428672
32629234729383936
32632223249977344
32632332223463424
32634342722322432
32634377224372224
32637373328867328
32638283492622336
32642638347239424
32642927232233472
32667244384223232
32673364624244736
32677427449626624
32683436972347392
32687623892238336
32693494432333824
32697232772327424
32722242472378368
32722826684792832
32722932322934784
32723432226422784
32723622628687872
32724348342239232
32724722383847424
32733268222943232
32738273263632384
32739464326367232
32743246324432896
32744238244429824
32762223622324224
32762887243333632
32769833463263232
32774233833234432
32774444426723328
32783738632372224
32793263622733824
32793834244276224
32798462423924736
32823222633234432
32823877224628224
32824224734773248
32824683424382976
32828328267743232
32833464223924224
32834427382923264
32837434244923392
32863396647223296
32887437246332928
32922238722637824
32922289493323776
32923323948662784
32923622427623424
32926942244634624
32936229849268224
32946222623883264
32962222278623232
32963287334326272
32972242922422272
32977232446943232
32977627492626432
32982426733326336
32982743334223872
32994223442399232
32997344222674944
33222227928293376
33222232373428224
33222243437494272
33222282338893824
33222322948276224
33222634422239232
33222734433294336
33222737372622336
33222844436447232
33222983782367232
33223432232374272
33223472273424384
33224233882484736
33224642974236672
33226266262634496
33226392462262272
33227222293343232
33228844337332224
33229222243467264
33232272246964224
33232322223378432
33232322232336384
33232323732233472
33233377434292224
33233449644343296
33233693443964928
33234223424274432
33234234683424768
33234826338238464
33236362662838272
33236383946932224
33238242327822336
33242226323226624
33242637493223424
33243224836276224
33243233232863232
33243444222492672
33243832384487424
33246384246226944
33262294428942336
33262323936436224
33262332482322432
33263364438392832
33264637493262336
33266776242373632
33267243948244992
33267294739832832
33267492262674432
33268323632283648
33268977634443264
33272364492767232
33273248642629632
33273324673247232
33274462624284672
33277272423284736
33277923937746432
33278333444923392
33278624422428672
33279282432442368
33282328422776832
33282938423476224
33283922938232832
33284234674962432
33287442232246272
33292332694923264
33294373428363264
33294468239327232
33322342662733824
33322423929274368
33322443923423232
33323232644222976
33323262232338432
33324227622862848
33324236342433792
33324282274332672
33328329297887232
33329424222388224
33332222423826432
33332232349237248
33333472792682496
33336626224693248
33342232272297984
33342823264223232
33343243642994688
33346843772239872
33366723223486464
33372223262687232
33373336288223232
33377262289846272
33377339344329792
33383373834682368
33384724263862272
33392328633483264
33396474678239232
33397462292447232
33398726438633472
33422284343476224
33422364279263232
33423422437343232
33423436734234624
33424277993422848
33426866483232768
33426973333684224
33427233922747392
33427337622239232
33429943432249344
33432293329247232
33432324384227328
33433426283986944
33433926943924224
33436883336822784
33438363226324992
33438964663222272
33442778226622464
33443944496234496
33444847234842624
33462328793628672
33468284326772736
33473472373942272
33479763476447232
33482323372474368
33484822792372224
33487832664244224
33488326346932224
33492383224233984
33497222332299264
33622343364427776
33623428423237632
33624323322642432
33626324672446464
33627232232423424
33629236723482624
33629322363743232
33632232298463232
33632679264436224
33632828862234624
33634282343694336
33634463742222336
33642397388242944
33647422369333248
33662232443879424
33662822378766336
33667233722228736
33672696263442432
33674368247267328
33686742833823744
33722264338366464
33722927262646272
33724297632227328
33729794473439232
33733222222823424
33734686748442624
33738223682322432
33742922426744832
33743242392846336
33743926386229248
33744247439228928
33744349273227264
33764643334324224
33767923624372224
33777422839222272
33782229472223232
33784227232874496
33822262872244224
33823324226322432
33823762234343424
33826262936223744
33829283342647296
33832783823634432
33833222763282432
33833282333663232
33836422424297472
33843777882292224
33848232492662784
33873274626637824
33892222773362688
33922333229239296
33937687264223232
33937822332223488
34222232482873344
34222329342222336
34222432843726848
34222624936722432
34223222897934336
34224338724323328
34224677277622272
34227822372323328
34229284278239232
34232273248223232
34232479424446464
34233284732387328
34233993724428288
34237392622239744
34239868994322432
34242287742222336
34244222829723648
34244329624436736
34244784474292224
34262378822762496
34262763772833792
34263634942623744
34272394422239232
34273223428276224
34273826368782336
34274244239327232
34277292236242944
34279229423222784
34286749272244224
34288384264372224
34292432727834624
34292746423369728
34292767492472832
34294924232884224
34296423734329344
34322739232223232
34323464423227392
34327794876383232
34327992399224832
34332222326243328
34332423223246848
34332487433846784
34332732947423232
34333236832223232
34339928422367232
34342996234272768
34343224222777344
34344378434322432
34348642323922944
34349322232479744
34366732836323328
34366847963922432
34368222973722624
34372623782633472
34376422366347264
34382674622693376
34394228983332864
34394383776743424
34396222432223232
34397224343322624
34422237632692224
34422333329373696
34422862324432896
34423322942324736
34423388239822848
34423972823826432
34424237246644224
34424933976244224
34426263963377664
34427224228626432
34427622237732864
34429323372724224
34429626366492672
34432634733428736
34432692673462272
34436432439263232
34436732673982464
34438729222324224
34439724486623232
34442337222623232
34442367228444672
34442422223634432
34442422322724864
34448224322322432
34472328923676672
34472823267262464
34489433428328448
34492742822264832
34622224277372928
34632344246943744
34633338364624896
34637247328223232
34643438634663936
34644682428383232
34648846944436224
34722328463327232
34722687223332864
34723733362827264
34726264288837632
34727232687243264
34732268983222272
34732294734348288
34732994362343424
34733933442367488
34744422734364672
34762282422239232
34793243343839232
34822263223222272
34822397924278272
34824426243489792
34832347222966272
34833323424743424
34833842269323264
34846433423327232
34866373824479232
34877362922422272
34893333246836736
34923344679272448
34928438242443264
34932734476222464
34942872226332672
34943336248246272
34947447733223424
34962332893323264
34962722832973824
34968847922233344
34986226922422272
34987477273362432
34988484326326272
36222264844222464
36222392273743872
36222443727224832
36222479622733824
36229246334263296
36229382262226944
36232323283279872
36232762222927872
36233363234322432
36236264334262272
36243224662966272
36243838246846464
36244236732383232
36262222974222336
36262728632696832
36264266677223424
36266437672722432
36267832622923776
36268823623237632
36272483627433984
36282283324342272
36322284744474624
36322339333238784
36323786893492224
36324262883229696
36324832322322432
36332766846222336
36332942923726848
36342348773326848
36362764734234624
36367264492683264
36372332646623232
36372472323489792
36372638242676736
36373393344282624
36374648488722432
36378292663222272
36392323792333824
36424337432297472
36432282239926272
36432633266233344
36433222824886272
36433496723226624
36436272828383232
36437422432223232
36438283422793728
36443329974632448
36444222234427392
36447873376223232
36468942479327232
36474222923292672
36483932286222336
36484932423647232
36622684226322432
36622748436922368
36623322892468224
36633427462324224
36642934644277248
36647242962333696
36698643323633664
36726474223337472
36728238426292224
36737992292327424
36742328723423232
36744642227994624
36768422222364672
36772222342367232
36779448386322432
36799224373223424
36823224249483264
36826226477236224
36842262692364288
36929447232233472
36934362729234432
37222226927327232
37222387262226432
37223362349236224
37224227687399424
37224476224782336
37226226242322432
37227232668229632
37229734624223232
37229762423734272
37232672886226944
37233394393273344
37237223422328832
37248332246286336
37262268343222272
37263379348242432
37272236327327232
37272348348383232
37272368832233472
37273734422249472
37283342323433472
37289226622943232
37292886822223872
37322483449724928
37324323484729344
37324729942843392
37327329343438848
37333363666249728
37342294426386432
37342462226743296
37343736322228224
37362842487226368
37383423322226688
37384342336438272
37422374262239232
37423372849938432
37423992366222336
37429322237927424
37439676824223744
37442282369974272
37443222676242432
37443273276229632
37447232633782272
37472736222222336
37483624632287232
37623228342239232
37623243224383488
37626233746332672
37627224323383296
37629236422729728
37629483232223232
37633734676242432
37638933477433344
37647248327442432
37664434324242432
37674349322932224
37732344223924224
37742632969273344
37772498422923264
37772922438623232
37782223244623872
37839443742277632
37846444224282624
37864823232724992
37878732222234624
37932864396263424
37946233243828224
37978226363363328
37983363932473344
38222424437686272
38224282383286272
38224333938622464
38227949224722432
38229243469627392
38233322222247936
38233629323237376
38234366844862464
38237336262623232
38238632263286784
38263337322964992
38267223349727232
38272428442386432
38288466823348224
38294277882642432
38297384962228224
38322433227423744
38326292273332224
38326736229433344
38328382629347328
38329249472446464
38333437332922368
38337292226322432
38342284224233472
38343327646482432
38373273363382272
38376444263399424
38424324222222336
38432286846222336
38433222486392832
38436322224439296
38438934363242496
38442623223988224
38443223287332864
38443322278674432
38466439432372224
38633463242293248
38643232426426368
38643444423327744
38646323672334336
38692732322377728
38727273442443264
38734682223476736
38746333437493248
38763272996388864
38833372243427328
38848334332428288
38868343323623424
38893227224334336
38893394272223232
38923264742326272
38923869224927232
38924427932393472
38946362642399232
38983234432794624
39222243843342336
39222992226484224
39223443277283328
39226793429279232
39227226686226432
39229293327743232
39232269397343232
39232633222324224
39237446329933824
39239367323339232
39239726237332992
39242373866422272
39242962296373248
39262234227277824
39266877233332224
39269239324342272
39292666944233472
39322272733728768
39322722866337792
39328633737372672
39336432362422272
39339224236933632
39342343293923328
39362343479327232
39377422427922432
39383282272223232
39387322272743424
39387342463967232
39394773273268224
39399228824223744
39422332224479232
39427246272282624
39432437242232832
39434629432246272
39436624332324864
39436676333236224
39443636473823232
39462222432632832
39463339377272832
39472238282932224
39482334826463232
39623337323232768
39647669668282368
39668484222222336
39683222274834432
39722423222329344
39726249333829632
39727763863732224
39729432273334272
39792423436222464
39823229474832384
39833222249447424
39847862266232832
39864374423322624
39922387399222272
39936332229663744
39943223378343936
39947244222283776
42222264423284736
42222296868323328
42222329228427264
42222392969232384
42222432678838272
42222447476342784
42222467236626432
42222672242343936
42222882933374976
42223229323444224
42223232992223232
42224234737434624
42224327337443328
42224338782388224
42224398236647424
42224632672223232
42224929646247936
42227223242932224
42227224924372992
42229223622623232
42229933343244288
42232222332223488
42232324734222336
42232723333226496
42233222233423872
42233429336297472
42234289344479232
42234349792739328
42237333328232448
42237432988434432
42237487333343232
42239374773829632
42242223366733824
42242247462223872
42242248783429632
42242272664223744
42242383893233664
42242433463222272
42242679362322432
42242942869438464
42242944398262272
42243228249882624
42244483923836928
42244638844649472
42246224489742336
42248632387239936
42249432344297472
42262227272466432
42262322622234624
42262364282683392
42266394644447232
42267228424372224
42268298242424832
42269226432233472
42269364384694272
42269422432223232
42269434328383488
42269772222332928
42274228337639424
42274772232634368
42276494436728832
42282332844982272
42282372326326272
42282722864922624
42282933263327232
42283243238326272
42283373833322496
42283962263273472
42284233342844928
42287338336223232
42293232222732288
42293464428773376
42322262622732288
42323242972372992
42324822277226496
42324822822223872
42324873946693632
42327232369422336
42327242362847232
42327428776722432
42327473342644224
42328264232927232
42328363447222272
42328472322834432
42328874233626624
42333294466363392
42333748888338432
42333844439826432
42334424288722944
42334624426622976
42337646337982464
42342272322932736
42343232437223424
42343662737424384
42344427467833344
42348847297462272
42348922464632832
42362232247222272
42362342336692224
42363323232436224
42367223847223296
42372323322642432
42373327632233472
42378226223284224
42378444222234624
42382224833642496
42382249294823424
42383292334866432
42383783723323392
42392242324242432
42392466424332288
42392723277929472
42393239423926272
42393333482422272
42393422273642496
42422673434738688
42422892622774272
42423222622224384
42423422632722432
42423643728248832
42424362728423424
42428329764323328
42428393974923264
42432328629927936
42432967642447872
42433249328234496
42437228283297792
42437242998226944
42442446732263424
42442667233247232
42443726262239232
42447343682322432
42462983422476288
42463222492299264
42463264232374272
42469374272274432
42472242432442368
42473279347623936
42478383264694272
42482347377426432
42483844732944384
42484434349326336
42484672336232448
42492727422222336
42493292832227328
42493479444283392
42494326293233664
42623782222823424
42624237642448896
42624933233393664
42628263226638336
42628322447327232
42637227232223232
42638444832227328
42638623492276224
42642442272374784
42673726624628736
42674333239222272
42676226824863744
42677332294367232
42684392272822272
42688923324383232
42692239343222784
42693693433823232
42722237237428224
42722238624694272
42722734236327936
42723464422883328
42723832463327232
42724224322633728
42724447773622272
42732373643624448
42733342822367232
42742243347922944
42743277489733632
42747339437236224
42768222332387328
42772393234464768
42784274272223232
42794623332937728
42823276233228288
42823843823222784
42828844322783232
42829742329823232
42832432868622336
42838238322229248
42843866432274432
42844222662377472
42862244932878336
42863828794343424
42869722346422272
42876242843664384
42893346942222336
42894362272333824
42897464446943232
42924293692342272
42924438844342272
42927682668724224
42929429286223872
42937646236434432
42942333896884224
42944244926644224
42946998338322432
42962387383222272
42972337462247424
42982342833733632
42986442279223296
43222282939662336
43222623323922432
43222692282236928
43222697824223232
43222744272863232
43222788244242432
43222887334674432
43223263234228224
43224873292726272
43227334364626944
43227429677236224
43229472488423424
43229643366334464
43232243322322944
43232448372277248
43232924222226432
43233223232692224
43233276792287232
43233429637343232
43234243692724224
43236724663222272
43238332436447232
43242626233663488
43243223478239232
43243334843498496
43243786324279296
43243923273449472
43244343222239232
43246722732982272
43249627482292224
43262378637262848
43262783632244736
43263422728372224
43272242272272384
43272629926428672
43273223372832768
43277246693646336
43283798223224832
43289232379674624
43293222466486272
43293843933364224
43296924322234368
43322239333343232
43322683677622272
43324224433422336
43324242726223872
43324264278392832
43324833332293632
43326337292372736
43326389247934464
43326463742263296
43327749333786624
43328839283638272
43329392723828736
43332224762437632
43332238432272384
43332328226783232
43336642376466432
43339374963892224
43342223244263424
43342684694249472
43348493746962432
43362229942222848
43363389226622976
43369722937626624
43373232636346368
43376486224232448
43384622242332672
43392422826934272
43393963222923264
43394226743476224
43396233324724224
43399334433337344
43423493734268928
43423646234443776
43424224823476224
43424287448629248
43424922993426432
43426232932663296
43427233249247232
43434744247222272
43436222733238272
43436846923333632
43443238493749248
43449472272826368
43462732493279232
43462944268222464
43463246784233472
43464729424822272
43473238733223936
43474483639222272
43482833246748672
43482863823224832
43486236663349248
43487823242723328
43492293922996224
43494422368223232
43622222483423232
43622276374462464
43627623244627968
43629224496463872
43632342723723264
43642374292242432
43642743837622272
43644792222646272
43649244444229632
43676234932764672
43683223827382272
43692467924238336
43722224632332288
43722288842932224
43722722272223232
43723223463886848
43723439282847744
43724722937462784
43737688239243264
43746342373343232
43748284623224832
43764232299282432
43767723233332224
43782722276622336
43822629833342976
43822832832479232
43828244826292224
43833222464274432
43834827729272832
43837332834484224
43843772343877632
43848493248282624
43862823423442944
43864923262943232
43867263223332864
43872238826422272
43928247742267392
43932884322484224
43933229483323392
43933274228293632
43993994362232832
44222226232246272
44222433622327296
44222893344423936
44223249369268224
44223263343673344
44223646226448384
44228393224372224
44228942326923264
44232732964933632
44233398334734336
44233923392773632
44234724277223424
44234747398324224
44238322234294272
44238786423422976
44244396442386432
44246747943272448
44262334323228672
44273822223826944
44282622643273728
44282744326324224
44293272684724224
44293844337426432
44322336262324224
44322342632423424
44322987923472384
44323232224739328
44324333224722432
44326838266232832
44332292942364672
44332433223892992
44332464337846272
44343428393336832
44344239848423424
44346333827432448
44362423264739328
44363482739638272
44368882223284224
44369362336223232
44372422224248832
44373464227233792
44374923262623744
44378329434292224
44378624228327424
44384682334224384
44423236722622464
44423268827922432
44423726328446976
44424442322878464
44426338323922944
44426439226294272
44427386332643328
44432626248843264
44432929943322624
44433282623864832
44434432299368448
44437322922983424
44442264463736832
44442284338446336
44464323862462464
44472424288223232
44474644442382336
44483663483633664
44494932443922432
44628732343222272
44633232222437376
44642722227683328
44649228222332928
44649292432932864
44662642886836224
44663223839883264
44687223443423232
44724323644342272
44726923263246336
44742372322443264
44748439332323328
44778642393268224
44787736442437632
44822268343222272
44863663247327232
44866436629266432
44886462692327424
44889673222324224
44923264878772224
44923724237242368
44924774224232448
44938663234633728
44942672383967232
44984244734263296
44986223223373824
44987933332242432
46222292284342272
46222343377846272
46223398234423296
46224942298693632
46226273242447872
46228678266322944
46229228642893824
46232327234322432
46234622333288448
46242234729234432
46247224427937792
46272242383847424
46272333933923328
46279422323269632
46282422274228224
46283322633486336
46298229238923264
46298832933224448
46332269277364224
46333443879862272
46334734362427392
46342222672822272
46342793294364672
46343248322494464
46346422447374336
46347433764323328
46348493239222272
46364682432282624
46368222949343232
46379332386422784
46379448322228224
46383322473234432
46386948222222336
46392728322834432
46422626383429632
46423726287224832
46428983232823296
46434423223222272
46434673897242624
46436984332222464
46437326263222272
46437826236383232
46443227284242432
46462297832423424
46463292762292224
46464732484337664
46482634628923392
46482962434228224
46622738272223232
46622824332263424
46624237634322432
46624962332639232
46632347232436224
46636336927337472
46637332332724224
46679224732729344
46679328322486272
46688334432436224
46722349424443392
46824668824338432
46833338449723392
46864722383732736
46879372433424384
46928628843282432
47222232289247232
47222239767478272
47222327392837632
47226939394424832
47229942243262464
47234632626929664
47237229393887232
47239438723448832
47242634984423424
47267247338422272
47272744293433344
47278243329343488
47284362733289472
47292262643662848
47292368472244224
47322237372383232
47322442628923392
47322826889232384
47323433629237248
47323822432223232
47324323798843392
47326223362424832
47326836484472832
47328734264426496
47332284278243328
47332394268622848
47332642332229632
47333222422327296
47336272223772672
47336832826343424
47342222782267392
47346922669326336
47347234844442624
47362277837242368
47393422932344832
47422642266832896
47423277832863744
47433349384372224
47433929223647232
47434846293983232
47443229623222272
47482222767243264
47482227622674432
47484222742462464
47622772326334464
47623438734262272
47623926444982272
47662934384443392
47672272233234432
47722867343327232
47733423232223232
47766373334249472
47822394274873344
47822442432823296
47823293223272448
47823872233439232
47826323272433664
47833432338972672
47833662343348224
47833943264722944
47937294238482432
47969733634228224
48223882347282432
48224432893722624
48226982462226432
48228323766239232
48238232227282944
48242677622243328
48264422224822272
48272473322422272
48278323423346688
48292272632733696
48326232222793728
48332363642339328
48333724337332224
48343462327222272
48349932622774272
48362328278433792
48372722369298432
48392222722228224
48392344727322624
48393324942262272
48427334822264832
48427672324276224
48429264962322432
48432347262222336
48622236734324736
48627733429223424
48638264264884224
48679882246324224
48722433362362368
48734282893492224
48736423246823424
48832334263222272
48898463282233344
48923742622777344
49222428372762624
49223333229428736
49223724624248832
49226723348447232
49228424228634624
49229482397663232
49232223262236672
49234347242422272
49242962323832832
49244233222324224
49244432224223232
49247633262772224
49249974274228224
49263278242332672
49266439324434432
49266934663348224
49273223862288384
49274424838324224
49282424323964928
49322222263222272
49323432323284992
49328732922642432
49333782923292672
49337434462224384
49349426732347392
49363624432336896
49366234636222464
49373274323423232
49387432224227328
49392262288244736
49394742422667264
49422647279222784
49422998347333632
49423677324263424
49427473274339328
49446429232398336
49448243229622272
49472429222264832
49474293336244224
49634328223678464
49634344276328448
49642339642638336
49663373487243264
49684332228378624
49692266322296832
49697442226962432
49732243776423936
49748422433439744
49792422496223232
49822423238836224
49827482626424832
49827694432223232
49832227299262464
49837482832822272
49872476727263232
49947332324327424
62223222673833984
62223672482463744
62224282284982272
62224822922379264
62228493628342272
62229334863642624
62232722498322432
62232826673332224
62233223272722432
62233224422326272
62234472348647424
62237224424374272
62238426396622848
62242327742644224
62242396242444288
62243223272423424
62244224234422272
62244479392284672
62246377367322624
62246726763282432
62249443674292224
62262462373429248
62264424894824448
62272733937426432
62274996232372224
62278433422442496
62282622272274432
62284324744986624
62284432328884224
62292232263647232
62294422626238464
62297376393337344
62297648444473344
62322323332276224
62322328724963328
62322478967734272
62322632238292992
62322877264822272
62324234726326272
62324272433332224
62324822872424448
62328862822367232
62328944423337984
62332792732643328
62333278638833664
62333433432244224
62338743228432384
62347632623732736
62368827232223232
62372746336223232
62383327234228224
62392626432442368
62422422323724288
62422627242737664
62428322366226432
62432329222324224
62432682667278336
62434222272479232
62436676432822272
62439322444627968
62442368434962432
62443873222262784
62462434247442432
62464462232223744
62466393232244736
62483692363333632
62483872264224768
62496438633234432
62496922362642432
62499422228447232
62622266326843392
62622642242322432
62636792237236224
62639272246247424
62642223927263232
62642633269837824
62648422628327424
62663763322847232
62674236924493824
62728232242249728
62732346263322624
62734422322446336
62734437483282432
62736243232223232
62736282423263232
62736846774239232
62748824224923648
62762223338422272
62762224422223872
62767442623463424
62768622493237248
62772322242373632
62783642422738944
62784323322642432
62826238426742784
62862333492363264
62863722279493632
62863836923363328
62872633632227328
62886234239926272
62927242239246336
62927427346366464
62928699232223232
62928747676827648
62929337392244736
62942323632242688
62942932486324224
62963263633342464
62972272932323328
63222234263322624
63222243627368448
63222442422239232
63223284636942336
63223724484329472
63228976822222848
63232732476942336
63234672433422336
63234733383327744
63236432832233472
63236824784437248
63237283622682624
63237622233268224
63239233376922624
63239942342836224
63242243222667264
63243374349238272
63244487249362944
63244722242322432
63247229242638336
63262468223926272
63264622432223232
63269362493332992
63272222438326272
63277364372447232
63283342242742272
63283832294473728
63287239469432832
63294634724622336
63322287922446336
63322464644923392
63323462336827392
63323466287284224
63324429446283264
63326394462633984
63326443677622272
63326622472372224
63326873462243328
63327463773364224
63333324793396224
63337228424773632
63342846422286336
63346242363973632
63346744636342272
63347247222239232
63366474346463232
63372823294943232
63373424224223232
63373429972242432
63382334866292736
63384626883723264
63394292334772224
63422282387423232
63422632424374272
63424462426472448
63426437348327424
63427942284263424
63432238326939648
63433222268387328
63433246472773632
63443372322742272
63446237623222272
63632264426422272
63632622266744832
63633232267444224
63633377274292224
63676233722932992
63687932424732672
63693922392244224
63722887432372224
63723222733492224
63726644644282368
63727284632223744
63743436343222272
63744238348664832
63744432736223232
63744736872628224
63762364298723328
63827337462239232
63828629422866432
63839444322484224
63864392747323392
63922322434424832
63922323294388224
63922422763487232
63924229833228288
63924274336333824
63924436224442368
63926837242232832
63928432474324992
63933723264724992
63983422833426432
63986343349727232
64222262483484672
64223373832224768
64223462372622336
64224623932342272
64226267322384384
64227222223847424
64233337762234368
64234332632383488
64238632449343488
64238844446244864
64243832488722432
64248326673334272
64262393372233728
64266288362422272
64267632242343936
64267932644278272
64272328394932224
64276392474427392
64283232826294272
64286366437343232
64299632232628224
64322249377333248
64323423227363328
64324222264737792
64324842632773632
64326243226484736
64326247239647232
64334638762426368
64336932284792832
64344222863327232
64362233267748864
64362373728436224
64367482484293632
64368622222442496
64372283229929472
64376227834232832
64383269262262272
64386793822224384
64397467392233472
64422287222243328
64422623336988672
64422722922872832
64423362636767232
64432272233742336
64432623636283392
64432832822378496
64437322673332224
64438233647284224
64442223424438272
64443933229842432
64447626342629376
64473223742226432
64473228424249344
64486372423237632
64493429282832384
64493624333279232
64632243283623936
64633763842228224
64636963273322496
64663822429323264
64667426249244672
64674423272374272
64683928373428224
64684636983263232
64722423222632448
64734224224223232
64737222774239232
64738336322322432
64764272722673664
64774762274783232
64782426244644864
64824372339277824
64826283273486336
64826332936372224
64842824222244864
64923243232223232
64936462643232768
64938222223884288
66222269623222272
66222923446222848
66223283484229632
66223327342362624
66224267927322624
66232264432287744
66232477724442624
66234332222226432
66242222723432448
66263932233842688
66273446223839232
66278299642232832
66294224372662272
66296338234343424
66324284464693248
66324737262292992
66326898323423232
66327729733343232
66329323742674944
66336322823479296
66342982326239232
66344472232722432
66346247499743232
66347432636792832
66373426642747392
66386222722842624
66422248436662272
66422973272334336
66426772733927424
66427832334237696
66428642742239232
66437236396726272
66463244229279744
66473226469343232
66498622263263232
66624244282294272
66646364833972224
66674232234344448
66682483296436224
66722272464863232
66723472233234432
66723623228473344
66729323298742272
66732647827636224
66738284983222272
66772248724242432
66773847223222272
66839243443273728
66848832746422272
66873233926324224
66933243246772224
66967292422324224
67222282223222784
67222298242842624
67227947326439424
67233334432739328
67243678923423744
67286223462334464
67293722432692224
67294992222388224
67324263226343424
67324922388283392
67324944962322432
67333762946322432
67336628783284224
67336683462623232
67342484433272832
67343338289332224
67348222363828224
67362272222773248
67432923363262464
67442332327243776
67443646449844224
67463662432223232
67474436324327424
67722323296223232
67723222244622336
67733472363282432
67736239438823424
67773262242373632
67889282282422272
67923238263422976
67924323322232832
67924934326222848
68222634733338624
68232327273234432
68232362639228928
68262742279323648
68274247223476224
68276372233273344
68322622676926464
68322792734687232
68322963222429696
68332242227429376
68337762332442624
68342463322324992
68362272722386944
68374633262874624
68389682622234624
68394223228944384
68433483424333824
68434722344927232
68443922233294848
68473223622623232
68477444243324928
68483246639284224
68483724396724224
68633826229223424
68733442722373632
68793246242832384
68929223224393728
68942638223327232
69224224222347264
69224294293438464
69224342666379264
69232263332327424
69237389332242432
69242672284434432
69262334272438272
69266322424332288
69273272648466432
69282436633362432
69294827344232448
69322243263823872
69323922772328448
69324632349622272
69332424262926336
69347298942222336
69347472762322944
69349244322742272
69422326663348224
69424232342224896
69424443463237632
69433472744423424
69464398222393344
69498464382222336
69634332363423744
69636472382324736
69672622448443392
69723382432628736
69762332243939328
69776736424722432
69833323646263296
69923329242292224
69924236234932224
69944324442292224
69992333242343424
72222232987828224
72222262792372224
72222283276222464
72223294723227648
72223448232886272
72223724298829824
72223746278326272
72223824962322432
72223828343783424
72223934697234432
72224442729234432
72224488682422272
72224497637332992
72224623247228928
72226463282233344
72226822237323264
72227282636242944
72227473343327232
72227763237224448
72227973234622464
72229342726324224
72229436366782464
72229724224487424
72232224424722432
72232237972242432
72232244424474624
72232262822264832
72232282227474432
72232366947342336
72232423432372224
72232433822932992
72232647649247232
72232662949429248
72233333492447232
72233439496372224
72233733373324992
72234243243638784
72234322722422784
72236942234763264
72242232223924224
72242422663348224
72242832674783232
72242928222732288
72243327928762368
72244332222676992
72247279263473664
72249223264468992
72262222232223744
72262242632466432
72262267296694272
72262334266343424
72262393272373248
72262622322229248
72262993428283392
72263287392436224
72263339234343936
72273329234233344
72273927728443392
72283224226332672
72286626942222336
72289834462347264
72292226282422272
72293223734839296
72294682362642432
72322428922232832
72323278672232448
72323683732242432
72323782493663232
72326422464823296
72328332284264448
72332263622836224
72332424483766272
72334276223827968
72342338667282432
72342422943694848
72343883734843392
72344782683242496
72346324239286272
72348622833844224
72362433324367872
72362663328743424
72362934342623232
72372722362343424
72373422227226624
72373864288223232
72374336489742336
72382623238324224
72392346434322432
72396324732469248
72396742493279232
72424342347743232
72428243383222272
72432272727263232
72432373382627328
72432893672423424
72434633824272384
72442322746343424
72444227462627328
72446432326926336
72462682262863872
72483677233938432
72494224326623232
72494277626437632
72622222263263232
72624973662388224
72626282622222336
72627473862623232
72632726263222272
72633223423337472
72633422372732928
72637226223722496
72638273972662272
72638342844383232
72643733942943744
72643743892242432
72644222672437248
72648932242489344
72678222222262272
72682227288244224
72693426739433472
72722336328843264
72722983228342272
72724963236323328
72732342274228224
72733722633637632
72767227434467328
72826347467833344
72826722322292736
72829243633434624
72834423622926336
72862232442273792
72862394362232832
72864234397237248
72866622228922368
72872374679322624
72882284264423424
72946628636442624
72964732263284736
72977324368822272
73223334434783232
73229424722399232
73229728322322432
73232972232634368
73232994242322432
73233269363423232
73234833232232448
73236234322363392
73242762293772288
73243697722933248
73262233266388992
73263344332372992
73263464248246272
73269727234228224
73272632843999232
73273343926228992
73276743294332928
73284792423284736
73286387432423424
73292924428222464
73293397432722432
73296228264247296
73298422377234432
73322322677646336
73322767433244672
73323233963384832
73324222274322432
73324842447273984
73328323677622272
73332272232382464
73332686842232832
73333223398923264
73339733822326272
73343844437262336
73344363263926272
73347468322996224
73362246292242432
73362324674322432
73364733282484224
73372332498296832
73383739442399232
73389727347342336
73393293622247424
73422326846324736
73422422493364224
73423323866382336
73424863833882624
73427828223246336
73427978633232384
73432874273439744
73434836626292736
73437824862388224
73443344224223232
73446229743796224
73446827872223232
73447647226232832
73472482236432384
73479442843828224
73623729694943232
73624343426629632
73624632374329344
73646664636432384
73662232446222336
73667332423286784
73674344272822272
73674423932239872
73722223224373248
73724822982623232
73734836293343232
73742329322339328
73747342342324224
73772222368223232
73823323234332672
73823384246943744
73827242233823232
73827326363922432
73847224327274496
73877278232346624
73922274423373824
73926232822923264
73932322922422272
73998282383327232
74222392426463232
74222734443282432
74223273222733824
74223862247227392
74226244226383872
74226934824763392
74227276222267392
74232697224462336
74233244222226432
74244227746332672
74247374293327872
74248632322228224
74262769272373248
74276482332229632
74282736344334336
74283427332882432
74322242343272448
74322323238223872
74322922648633344
74324873233723392
74327334368329728
74327363338346496
74328332893323264
74329836324323328
74329923234373632
74336427832246272
74342246224232448
74347333824282624
74423338662887424
74433384723382272
74439363233797632
74442732642238464
74463962234683392
74464433446846464
74492726242443264
74622324636647424
74623323663286272
74627392633823232
74629722232848384
74662496393232384
74662749222469632
74682933423243264
74732924422324224
74734224984244224
74742323843432448
74774484832223232
74822942629822464
74824234422239232
74826423379427328
74827242733436928
74832343462969344
74832392373387264
74922244322623488
74923676896223232
74924382334943232
74933873464246272
74963343433273344
76222293263843328
76222433278623744
76223772239634432
76223927624269824
76224224932724736
76232729827344384
76234384922443776
76246723223322624
76247262826463232
76248232339636224
76262343622262784
76272366973727232
76272622223228928
76272834474934272
76322622326243328
76322673243242496
76323696223444992
76332686334492672
76339939373236224
76366972788277248
76373474362343424
76427244469223424
76427367372324864
76462292922236928
76622232246239232
76627432682422272
76647429472223232
76677233474322432
76724433272438784
76734827233247232
76823424762642432
76827474322292736
76892428862226432
76926373332383232
76932632337426432
76937224743493632
76942622823284736
76964322243723264
77222734793293824
77224322974482432
77224343263248384
77228432229924864
77234226233278464
77242339374262272
77249244992274432
77262764333432832
77272289323794432
77283823682322432
77324944328884224
77333232362932224
77334838223634432
77342233478823936
77372492222398464
77376244863762432
77422729244442624
77422762423222272
77423226622672896
77428376262623232
77436233282322432
77438822224232448
77442462323638272
77632222436278272
77632236222234624
77632284798222336
77742643333727232
77748436422623232
77823272272822272
77837336332664832
77933332433682432
77976233224372224
77988923262222336
78222223698296832
78222328672223232
78223243292393472
78224226266382336
78224338634932224
78232323323363328
78236332472696832
78238343234322432
78248283243282432
78262324332724224
78293922232393728
78322273734426624
78323229647437824
78329224643346432
78342232933343232
78342394337722368
78362343266844672
78422923292442624
78423833834422272
78424337932222464
78424836233232384
78433934323433472
78443342263222272
78447228342239232
78462738323472384
78474222227423232
78642328236982272
78663266243444736
78724366642446336
78772628934623232
78774267642642432
78862266263273472
78926433387282432
78966324222492672
78972434262392832
79227468732432384
79229223362322432
79232926633426944
79272242332286976
79273339242467328
79348737222623232
79394923863263232
79426233773236224
79637227672633344
79669747833274368
79733222292229632
79943874422243328
79966329226463232
82222324836728832
82222473472376832
82223682474737664
82224743733264384
82226422424272896
82227233423333376
82228282323369984
82229363942326272
82232228727226368
82232323733274624
82232364282937344
82232376322424832
82233224784248832
82233487968436224
82234336322322432
82238329243828224
82242328222236672
82242342342623232
82243237723766784
82262233322422272
82263662937243648
82274377222324224
82282239866437632
82293326227832832
82296472324276224
82323348834484224
82323376349663232
82323683222224896
82323696336666624
82324274622234624
82324323727736832
82326723264479232
82327227232223232
82329378222292992
82332229323423744
82332239272722432
82332327223222272
82333323223732224
82333733423284224
82334333223862272
82334369342324736
82336224928333824
82362977777332224
82364377263243264
82367222892724224
82386639422226432
82392842624827392
82393684242333696
82422872723423232
82424327222329344
82436296933343232
82438838223372288
82439622722322432
82442422843342848
82464824226742272
82622323282673664
82623372724666368
82624236223463424
82632633288228864
82637649299423232
82642242342223872
82643246722842624
82667463334428672
82684474684342272
82722262424223744
82722933266448384
82723422872272896
82728329632284672
82728433677238272
82736266246373376
82762934463627264
82822729222324224
82823868762292224
82828922374324224
82832233323626496
82832422248382464
82832444444639232
82832626374672384
82834339723333632
82837334733963264
82838223398633472
82846342472269824
82878224224223232
82887362343862272
82922234942324736
82922628232249344
82922834623463424
82927842333622272
82928728239243264
82933238926393344
82942264636342272
82962266238222336
82962966248423424
82964276832632832
82994423924293632
83223244327329792
83223863232233472
83226234294632448
83232233363423232
83232427432476672
83232632422268928
83233226943627264
83233623243423744
83236939244347392
83242646982623232
83244422824722432
83249936247324672
83263679322292224
83264424822964224
83269232464232448
83273243942633472
83277629242343424
83282244283662336
83283243624824832
83283327264227328
83284772448632832
83293248247824384
83299443372343296
83323447444242432
83323729793332224
83326627782623232
83327223384244224
83332293866422272
83333228264423424
83338873446334464
83342467233349632
83344427663228928
83364322247442432
83389724674228224
83393442423373824
83422776634638336
83423992622874624
83424244477722624
83426328283447296
83429362234294272
83438732968722432
83442243424223232
83447469623476224
83447963242463232
83464386823323648
83466263263444992
83473332226228224
83482472426766336
83493294922727424
83494423624679424
83494622276222976
83496232223244288
83622836798226432
83624843379474432
83624922639433728
83632464948363264
83636232232992768
83643622973374464
83663733432287232
83673734233227264
83674287622324224
83694622242373632
83696363668242432
83724722633244672
83726224782262272
83738433937342464
83742366334943232
83742986424287232
83783222688743424
83832492433342464
83867238394232832
83873826223423488
83887267642343424
83932644247732224
83964844239224832
83993232336233472
84222236227239936
84223622273236992
84237233248272384
84242224433332224
84246222732263424
84246742362488832
84249422263222272
84262249392242688
84263429644222464
84274263367483392
84283423262244864
84322263243423744
84322728324366336
84324626327273472
84329744224223232
84332832894222336
84333678238236672
84334822732726272
84336262428229632
84344363283382272
84346744426463232
84349227236327424
84368466337333248
84379626942234624
84424233243377664
84424496328474624
84428624832233472
84482363328823296
84494822223642624
84622734627766272
84643726477492224
84693233232248832
84724338426642432
84732284422324224
84733463466344448
84823672224743424
84824844322996224
84828727422222336
84829222874382336
84829434234273792
84842376683323392
84876824332468224
84878622229266432
84922822224248832
84923293326262272
84923643223867392
86222237393682432
86224426462347264
86236973224722432
86249234272223232
86264386349432832
86272836349722624
86284463373287424
86293232746463232
86324238272692224
86333936748724224
86342322323423232
86382723427467264
86422226323636224
86422623626723328
86423243883282432
86439282264244224
86443323232223232
86468293224824832
86626222396342272
86639438743732224
86642229324939264
86666462233362432
86673222883344384
86728244232978432
86732263944732672
86736248262623232
86743268324278272
86782633732472832
86784628274233344
86846272828342272
87222242447327232
87223232363323392
87226322289426432
87232442362232832
87232484333223936
87232784224223232
87242394336362496
87263842683322368
87272242232426496
87273426784223232
87322699222843392
87334234222362624
87338922432233472
87344336439263232
87373233466638336
87377484743442432
87384426622746624
87396346272743424
87423223648223232
87439322226622464
87467423282233344
87622333472636928
87679923232333824
87774333224933376
87832329223274496
87832422863732736
87886722364342272
87926323383263232
87933282332442624
88222372499423232
88223268294623232
88232286826266624
88232677297422336
88232823443423232
88266266464223232
88273937624334336
88276924234727424
88323744463847424
88346232442847232
88347332346642432
88422362432667648
88432223346229248
88462344232894464
88489322622222336
88622478334623744
88642436237623296
88742346444767232
89222462626332672
89223292222267392
89224324287823872
89234624228622336
89269334232293376
89287629362233344
89322722963324928
89338242364342272
89366322462326784
89426224932323328
89722438462734336
89743392438239232
89833234426232832
89923442973622272
89923627328274432
89938224872423424
92222432242827264
92222433336692736
92223232422838272
92223436833349632
92223499234443264
92224222893637632
92224842287284224
92228442686226432
92229967422222336
92233232234422272
92233622723493888
92233839434268672
92242474422239232
92242922663227392
92244336362422272
92263226963263488
92264343733223424
92272342467723264
92273349363922944
92282274292432896
92298229623226368
92322423833296896
92323237227282432
92327988226424832
92334393233768448
92336394422329344
92336749963444224
92338372284383232
92342222244937728
92342744624922624
92344482324283392
92348632292622336
92362462438883328
92392478493622272
92422322627346432
92423273433329664
92427463739326464
92432222669242368
92433226724278272
92437737972233472
92438236393242624
92438732783222784
92439762828263424
92462329342623744
92463839223349248
92473494462332928
92633222342836224
92633372836429824
92636227323666432
92637423622324224
92639344422223872
92683622647332864
92693226772242432
92722723272732672
92722996286226432
92724424272248832
92727398223839232
92729423326772736
92732242236383232
92732722464227328
92734847322292224
92742622824628224
92744349822222336
92799229433323392
92823747232333824
92842234868662272
92842772632436736
92862223284436992
92878234273972224
92932223283339264
92938336232334336
92947233739433472
92992324243636224
92999262737332224
93222723473768448
93228228226842624
93232442684473344
93236692247322624
93242822227623936
93242973222862848
93243296282443776
93244477322723328
93247932637343232
93262233643794432
93263672738783232
93264343399374336
93268633383862272
93269229822222336
93284633862733824
93286233394642944
93293324867764224
93293627924238336
93327344226772992
93332323722742272
93337344243892224
93344722944786432
93363362234763264
93373933233982464
93427726432223232
93432222929977344
93432239437243392
93434224494772224
93437234366644224
93464233239822336
93478369282228224
93493782334439424
93622293328822272
93622636239224832
93622732229279232
93623243924293632
93623244448333824
93623646266228736
93623822343733248
93649236337972224
93662264427282432
93684934782222336
93688223282233344
93724324222943232
93733232926362624
93739224844468224
93742422833332224
93744332722446336
93833279233247232
93846222222262272
93863267433234432
93934333329887232
93944332923743232
93962334732263424
94224243624247296
94224734233362432
94226237664362496
94227622247227392
94227932222226432
94228462222442496
94229449842622464
94232732967862272
94233394924683264
94236373972242432
94272348734226432
94274432234422272
94284662932242432
94296223393247232
94322638342324224
94332324277223424
94332422432489472
94333279242682368
94343247938322432
94392346473234432
94422722727223296
94423443824443392
94442774368223232
94462396726247424
94469232239327232
94472228974362624
94472622264287232
94637224632287232
94642467327442944
94723232222674944
94727272288223232
94843422426267648
94844642427666432
94922238262247424
94928743264223232
96222446392246272
96222762428792832
96224232392884224
96233672273743872
96234293247934464
96242267736244224
96246239429394432
96249882234322944
96262224428924928
96272623966224384
96273328276242432
96292398824423424
96396233337234432
96433838723432448
96486463323242496
96622232623644672
96633732842422272
96673934227433472
96722223232223232
96826392232722432
96832487223263232
96863284662239232
96882422892724224
96883322669236224
96922783379423232
96942426663223296
97223239324237824
97224224834322432
97226328623284224
97229649222623232
97232983784423424
97242242282422272
97242322664374272
97262246427623424
97273386423263232
97273822729273344
97282847328436224
97297323722629632
97322624234422272
97322878624333824
97323233872822272
97324433732639232
97332932223442944
97337744632332288
97342269222223872
97372827322638336
97373773292447232
97382223264743424
97443223334682624
97467946422239232
97622474247438336
97666338364342272
97723322387324928
97784222922473472
97829843383222272
97848243733266432
97977436839862272
98224327223672832
98229293942243328
98232336492724224
98242644443922432
98243364663263232
98282927422439424
98329823232786432
98333423227662336
98334623978422272
98337444228366336
98342222344224768
98364274226233344
98372822262349824
98424343242473472
98432868346232832
98622224386228224
98622442498424832
98636238222262272
98662672923623424
98732233696223232
98739376263263232
98742363796242432
98829483462623232
98922222424424448
99222323232227328
99222628734222336
99224722476343296
99228334483832832
99229249699872768
99242362636664832
99242638362427392
99244263693238272
99262436923367424
99322286344372224
99322468226629632
99323282343223296
99324932344233984
99393232223223936
99427642227228672
99429348239327232
99432228364222464
99433223637479424
99822278233423872
99893438233362432
