28224
23232
72224
24896
72896
43424
72288
32224
26944
33984
36672
92736
64928
27968
34464
72224
82336
22336
37984
49632
39232
48832
23232
39232
23232
36672
32672
62272
22624
93664
66432
97792
43424
24288
43392
94464
63232
97632
22432
86272
63424
27264
42624
32224
22336
77824
77824
79424
28832
96384
38272
44224
23232
39392
23936
36224
94432
23744
34624
42432
22272
48224
64224
33472
69248
92224
42432
32768
74432
23744
74336
22432
63232
83232
62336
42272
39872
62336
27232
73344
42624
24224
86624
92224
72928
32896
62944
39232
34368
87296
23232
79328
66464
34432
24832
42272
42336
29632
62272
23424
47936
34464
22272
76672
24288
33792
26336
74432
44672
27424
22336
22432
47872
28384
47744
63424
63424
73344
83392
23232
43936
47296
63744
23296
43392
23232
72384
32224
92224
22368
24736
37792
73344
47424
63424
32224
32448
43328
62272
22432
32832
23872
83328
93824
62272
36224
22432
62464
72928
78272
62272
47424
22272
27328
77248
23936
24224
74432
96672
22848
73472
82624
32384
62976
93632
29376
32832
26944
94432
83392
33248
68224
22624
86432
26272
32832
42432
28224
72832
96288
26496
33728
42272
88224
22336
32224
23232
32224
32224
27392
32384
23232
26336
39232
24672
87424
33248
63424
83264
66464
96928
22272
26432
33792
44736
72224
27424
93632
27232
32672
46272
29472
24832
27232
22272
24672
29472
73344
29728
23232
82432
92672
49472
39424
49472
22464
23232
23232
98432
27872
22336
44384
93632
72224
22272
36928
22272
93344
67392
43872
82336
39872
72224
46272
34368
86336
44832
27392
32224
26272
43328
22944
36832
63232
34688
67648
99232
22272
23232
47232
62336
49984
33472
32224
73824
24224
36672
28224
32928
26784
72224
39424
34624
83648
92448
22976
34624
64992
66432
98432
39232
32832
22272
39232
23232
32224
23424
83232
27424
64288
67232
28736
74944
92288
62272
26432
93248
23744
34464
24832
37824
23232
62496
92224
24672
23424
22272
24448
46272
27232
72768
22336
42368
43744
44224
26336
86432
22272
23232
82432
72832
22272
33344
33472
78272
34336
74432
24384
23872
47744
36224
28224
33824
23872
83264
24384
63392
29632
48224
32384
39232
68224
64832
82272
33344
67232
42272
92224
23232
72832
76224
27424
48736
42272
43232
26336
32672
39872
28672
62432
82432
36736
82272
42432
27744
29344
23744
48224
23648
94624
24224
22464
39232
72224
72832
44832
67264
22272
36672
82624
68928
42432
78272
22432
22624
38272
37248
22432
79232
43424
63744
32224
79744
44736
72224
74624
49472
43392
23232
23232
68992
37664
79232
23232
72224
82432
72768
93248
79264
22784
72448
98432
22432
83232
22464
93632
82624
62272
32288
82272
37632
39232
24224
63232
42432
33344
46624
34432
33472
39744
24224
92928
47232
27328
97376
43936
72864
79232
23232
44224
43328
82272
36448
83264
72224
84224
38432
38272
22336
24928
87232
26432
28224
84224
94432
92224
77632
28672
23392
33472
72224
49824
33728
23872
29376
97824
62432
39392
42944
23424
93632
46368
72736
43872
98944
83232
23232
22272
43392
28224
33472
72896
72224
46432
22432
27392
92832
63264
26432
42624
22336
26624
78432
22432
34336
38944
22432
34272
64832
27264
42944
23488
63424
23648
28224
24224
23424
48832
22784
74432
32224
42432
22272
66624
22336
84832
62944
22432
27424
43232
67232
63744
62336
83296
23648
49728
76224
82624
32224
36224
72736
34432
24448
96224
34336
36224
22432
24896
92864
67328
22272
22688
24288
24224
93344
26432
42432
62272
43232
34624
62432
89344
23232
22336
43232
23232
34624
49344
87232
32832
26432
26624
42464
22976
22432
73472
22272
26624
23872
32768
22272
94272
83264
23232
72832
82432
97376
84224
32736
47424
22624
64736
92672
63232
27328
86336
26688
34432
24864
62336
37632
32448
44224
47744
23232
34272
34624
83232
37248
22272
24224
94272
23328
22272
28224
36832
93632
34496
72832
88224
23328
36736
32224
27264
32896
32992
64448
44224
27232
49632
27232
33632
38368
36384
38336
62464
23328
24736
63232
24992
23424
22272
27232
74624
23232
63232
48736
29632
62624
22336
27392
27744
83328
22272
22272
62272
82432
23232
22336
24384
42368
22272
39232
23232
87232
99232
23232
67232
96832
92224
27392
22272
33344
72224
44672
33728
46272
28448
64384
64672
43424
33728
63232
67424
23264
23328
29984
47392
87232
64832
72992
32832
22272
24448
47232
36832
62624
23424
62272
94272
33824
27264
72864
83424
32992
74624
32224
78464
64224
64224
39424
33344
28384
89824
67232
24768
34432
33376
63744
22464
92288
23424
29248
88448
43936
26432
26624
68672
39264
39872
37632
92448
23872
74272
28224
23232
74944
32224
64224
28224
77344
92224
22272
24224
34432
44832
32832
38624
22944
28832
23232
36224
39232
37248
63232
83392
77824
33376
42432
32224
33344
82624
94432
63424
83264
63776
27392
27232
62272
46432
39264
33248
32672
34624
83872
24832
62272
24288
22272
38272
33376
44224
96448
84928
37344
23232
63744
48832
33824
82336
92224
49344
43232
46336
83232
38432
74944
43232
23488
23744
92288
46272
22336
62272
82624
23488
22432
43744
67648
22624
23232
22272
26432
27296
34336
47264
86464
32448
87232
23264
23232
72224
78432
77248
22784
82432
76736
92928
44224
23232
66624
22784
94464
22432
42944
22624
47424
23392
23232
33344
32224
22464
92224
44288
27232
23232
22272
42272
82336
23424
23264
24224
97824
87424
97472
84832
23232
73632
32672
32384
72224
24224
63424
73632
92928
44224
66432
23232
32224
92224
92384
22624
34336
32672
66624
43232
72224
62272
22336
23872
23744
66976
73824
23232
26272
32384
43232
33472
27392
64928
34784
28832
36736
62944
23648
73792
92832
72896
73632
34272
62272
72448
83392
27328
77248
82272
47424
43232
24992
39232
62272
23744
44224
22432
77248
96224
22432
62272
22976
83232
63424
23264
24384
23488
24224
32832
26432
44832
72224
63424
74432
39232
38272
23232
66976
68224
87424
26272
33472
23328
29632
22336
22464
26784
22432
23264
63232
42624
37824
92224
22464
63264
28224
73344
23232
24832
23424
43264
23232
39232
24224
33344
26336
26432
73664
63232
42624
36224
78496
48832
42784
82432
28928
47424
22464
47232
33824
23648
32928
89248
43328
72224
74624
28224
63232
24832
24672
24224
77824
23424
44928
47264
46336
26784
22272
23872
62272
72448
84224
34272
73472
32736
94624
22272
93696
74336
49824
36224
78432
22272
74272
32672
34432
23232
42624
23232
44224
44224
22432
23232
32832
83232
49344
73728
96224
32832
22624
27232
42624
24736
36224
44224
84928
77376
92224
66368
62464
39232
23232
32224
92224
38432
27424
22624
46944
26272
83392
23232
42272
32384
23296
23232
47232
39488
74432
93632
47232
67232
33792
43424
23232
64928
93664
34624
33728
23232
43328
39424
22336
82432
39264
67232
22464
22336
63232
28832
36672
79936
38432
77632
46368
84288
27328
44832
62464
32672
96832
22624
63232
27232
24384
94272
34496
28224
87232
33472
23232
27424
24224
26432
23392
46272
23232
82272
44224
23232
73376
83232
92736
38272
62784
37632
44224
37472
47232
73344
32896
99744
64832
33248
33344
67296
33472
26272
24384
27424
32832
23648
24224
38272
87328
22336
79424
74944
46432
42272
48832
23424
23392
82272
46336
23328
83424
63392
49344
22432
93472
28288
84672
33632
23232
34944
37248
48832
67232
72736
32384
63232
33824
34336
28832
74432
83424
46464
23872
22272
23232
76448
49632
46624
22624
79424
28288
62272
44928
37344
74432
24384
72768
73248
22432
38432
23232
42336
82432
24224
27488
32224
66624
47424
44672
42368
23424
38496
33824
77632
36864
67936
37632
23872
84672
39232
32672
66624
23424
76672
48384
38432
26272
63872
27232
42944
22272
32992
22272
22272
32224
23328
22432
87424
43264
64224
83488
42272
47424
23488
64384
62848
33472
94272
22336
46272
33632
83424
24672
23424
26272
47424
43648
64384
72384
43232
86336
29632
32224
43232
22272
74272
37696
26336
39232
62432
83264
42784
46272
96672
74944
88384
73728
87744
36832
99424
22272
78272
36672
26432
63424
82336
32448
29248
24864
22368
23232
22272
84672
43328
22784
77472
99232
32992
37248
83872
73632
89344
24832
28224
27744
72768
93344
26624
64448
23232
34624
32224
67648
27648
26368
29376
47232
86432
23232
22272
33824
63232
63872
99232
24672
36224
74272
27296
27264
74688
69824
23648
28736
22272
24832
38336
26272
23232
22464
76224
23232
72832
23424
67232
34432
23328
62432
66496
62432
32832
22336
23232
94272
87264
42432
68384
23936
88224
63232
42336
84224
44832
34944
74624
42336
32224
69248
83264
98624
83296
22272
24832
38432
63424
22336
24672
33984
33728
23744
32384
76224
32448
63424
23392
32672
22272
34944
24224
42624
28384
32448
22432
62624
32224
42432
68224
36224
23424
93248
27328
28672
24736
63232
26432
43648
66624
64928
36832
23232
23232
33824
73248
93248
22272
23232
62336
43232
33824
38624
84224
23936
73632
73344
99392
92224
26944
28224
94432
92736
99264
27424
46272
23328
78432
33728
22464
39232
93632
39232
22432
43424
43328
62272
22848
93248
94464
23232
23232
83392
43424
84864
36288
63232
78336
22272
43328
79648
43328
26272
23232
47232
36992
92672
33248
22272
39872
32768
37472
84288
26336
22432
37664
62272
22272
73248
83232
39232
42944
36864
36288
39872
23232
46336
29472
22272
22944
63232
33664
42624
33344
93632
67776
39232
38624
83392
38464
24832
68224
32384
62624
22976
43424
93248
32736
62624
32384
66688
33632
22464
64832
63296
34272
22432
76672
39232
33792
23424
76224
72224
32992
22272
62272
74432
22432
22432
27232
33888
72384
36736
27392
62336
36896
94432
23232
72832
73664
93376
34432
33472
42944
67424
63232
87232
23424
76224
23744
64224
34272
22272
87424
23424
42272
42432
74272
23744
37824
62432
22272
73824
62272
98464
44864
39232
43296
43232
22976
37632
22464
69376
92672
32224
24832
44224
22336
32384
44832
26368
72224
87232
22624
23872
63872
34624
63264
36672
86272
43264
48448
23328
32224
32384
73792
49824
74432
24224
47232
22784
32224
62272
32832
72224
22464
23232
89344
43424
62624
23328
66496
73632
34368
73472
32224
63232
72672
46624
26624
22432
36864
32384
23232
82432
76224
33344
84224
36672
47232
22272
39232
67968
26496
47936
22624
33664
29248
23232
63872
74624
73824
32672
24224
42432
42432
63424
72224
24896
43424
22432
43328
74432
42432
63264
33248
22432
92224
36288
39424
44224
93728
72288
83424
83232
36224
83328
26368
87232
83424
36224
22272
22336
77632
37632
23328
22272
22624
68448
82432
67264
23264
39424
83328
74432
33472
43424
29248
34432
26944
22272
22432
42272
84224
64448
23392
43232
39232
22784
93248
24832
23232
23392
23232
23232
62336
33344
23232
44672
34368
62432
63232
32832
62784
22496
82624
22432
32736
43328
27328
42496
82432
24224
72384
69344
23232
64288
32448
93344
42944
28832
84224
32832
34624
32832
72864
82432
28736
67264
72224
43232
87232
26432
47424
42432
73984
62432
22976
22272
23232
27296
87744
36224
33632
27328
62368
26432
66432
24832
62944
43328
38464
42496
33376
28224
32224
33728
23232
23232
72224
63232
62272
33344
92224
42272
92224
63872
44288
42432
84992
46336
39232
26432
47232
39328
73664
77824
49728
22336
62496
78336
69632
62272
79232
72224
27392
33344
47232
34624
24384
46336
93632
86432
36224
83648
43232
29632
83392
22432
34624
24384
62432
22272
68224
63424
26432
33664
32224
93632
62784
23232
43392
27328
94432
23232
23232
23424
22336
67328
74272
27392
46432
84224
47328
93248
33664
83328
62336
22272
63424
73376
63424
24224
83328
38624
24224
37344
33344
42432
22624
83232
48448
24736
23424
93728
93632
28736
47776
62368
26336
43744
42432
43232
26272
22432
84448
63232
27648
63936
44224
23232
26272
43232
97664
93824
72224
63424
49248
73472
22432
73344
82368
24928
46272
22336
33472
63232
33344
63232
27328
63232
62272
42624
43232
27232
87232
62432
34944
63488
42272
83232
28928
22336
23328
42368
23264
46272
62944
26432
93728
34944
42432
36864
24928
82336
24224
43968
26976
22272
84224
27232
23232
22336
76224
92864
76448
29728
38464
42432
22624
82432
26272
43872
32224
23232
22336
92224
93728
42624
23232
42496
37696
47424
76768
22464
39232
73664
32384
23232
34272
22368
62624
99232
33472
42496
22496
22336
42432
39424
38432
22336
43232
22336
73376
24832
69248
44832
67872
82432
74432
34496
96864
67264
22432
24832
22272
78272
42464
63328
34624
24736
24896
33824
36672
36224
28832
63232
36672
32384
83264
36224
22944
36832
22624
33824
68992
62432
23232
23232
32224
62272
22272
66368
26432
23232
63392
78272
38272
22464
26432
22336
86624
43424
78976
27328
23232
32832
26432
23232
23392
72224
28288
22272
28224
76832
32224
42272
22624
43392
27392
27232
33344
92448
47232
73824
23424
33248
22944
23232
73632
46432
28224
24224
43424
22432
43232
28928
62432
22432
29632
39232
32224
32672
89984
87232
62464
47232
23232
26432
73632
42272
63744
37248
94272
32672
66432
23424
34496
23392
93248
42944
62272
32224
42624
92224
34368
28832
84224
33472
23232
86432
22272
22464
79264
44224
44736
42944
38432
29632
24224
84224
26272
62432
92928
27392
44224
78496
34336
76224
33376
37248
79424
99424
23424
63488
42432
33248
23296
32832
62432
63232
39232
68224
32928
22432
22432
32384
23392
34944
28224
76832
38624
88224
62432
23232
42432
47264
62272
22272
67328
96832
82624
32832
43232
82336
23872
32896
43392
32832
43232
42432
86272
28224
34432
43424
42944
23328
48224
46272
42944
24224
63296
32224
23232
33984
49824
32288
94464
74624
67232
78944
22336
69248
99392
24224
27424
99392
22464
33376
72384
43424
43232
47392
33344
62944
34624
33248
28224
32832
27232
44224
99872
42368
23936
93696
22272
44832
22336
72832
36224
24224
29344
37728
23264
37632
84224
32928
34784
36736
42432
74784
86432
23424
23232
39232
43328
87232
92224
23232
64224
46432
22432
22272
22624
39424
39296
99264
22336
34624
62464
42272
48384
33344
42496
37248
43392
47232
43296
83392
73376
43392
22272
48896
43328
23232
64224
27328
68224
74496
32448
32672
24224
33664
76928
73664
23232
63232
76672
23232
63424
26624
28928
34624
78272
92832
84224
43392
34464
29632
47328
32224
76736
23264
28832
69632
23936
82432
67392
67328
94272
82432
33824
32224
34272
92672
47232
92224
22272
34432
69344
83744
97728
32224
68896
93824
33824
47424
48384
22336
82624
62272
23424
22272
92224
72672
26784
39424
28224
34496
23232
92224
34272
37248
39488
93472
23232
22272
74624
32832
78336
73632
92864
23776
37824
22624
27232
27264
44224
44928
23392
79232
86272
63424
63264
32672
24384
22624
32224
42272
39424
87232
22272
44384
32832
64672
72224
76384
27392
63424
63296
22432
24832
33824
87424
23392
36736
22432
74432
97632
33984
62272
63232
28224
63232
22272
33248
77472
22368
28224
22336
22272
46432
67232
26432
33824
42368
42432
22336
24672
44224
93824
44224
82432
23232
46624
42432
94336
23392
82464
43424
33472
83232
88224
36224
23328
22336
48224
78272
29824
83232
23296
63424
32832
27328
32832
32928
76672
44832
63648
79424
72832
69792
22272
38432
26272
23872
27424
24832
34432
82272
22624
22336
32672
64384
22432
68224
36224
33472
38336
62336
23232
22272
69824
24224
22432
28224
43648
22336
24384
34272
32832
83328
23296
68224
83776
73376
64672
23232
28832
63424
23424
22432
73344
49344
22336
28224
36928
22272
29472
26464
23424
72224
23232
64224
22432
74944
23232
36224
76224
22432
23264
39424
36224
92224
27232
24832
22624
22272
24224
43392
62272
27328
26624
28736
32992
43424
24832
23424
43776
39232
73632
67264
23296
46272
36224
22336
62272
99328
22784
33984
72448
39232
48224
34432
68224
28736
49344
22432
86336
84224
44224
83264
42432
38272
44224
32832
26432
22272
63232
32224
27232
64672
36864
43392
26432
43968
22944
99232
42432
23424
28224
22464
23232
27232
89728
87296
22272
23232
34432
43232
22272
96384
72672
32832
39232
22848
38464
33472
22368
22624
32896
72224
33344
63424
48832
23392
87744
39296
42272
22272
49728
66624
94272
32832
43392
37664
82624
43296
32832
66464
67232
22368
67328
73248
92224
27328
39232
24224
39232
32832
74272
23424
93344
78336
62272
64832
23392
92224
24448
83424
22848
32224
22432
42944
63232
37632
22272
72384
94624
22272
36288
28224
84224
27936
24448
62272
24768
39328
32832
84736
23232
22432
43264
96832
33344
33984
67232
22624
24384
24384
27232
24672
63392
32768
32672
94272
93344
28224
23424
23296
37472
22432
23296
47232
32384
67264
33728
63424
32224
38336
62464
64224
62336
24224
76448
23392
26432
26432
22336
32224
92224
22432
93728
22272
32832
99232
72672
22336
62272
24384
39232
23232
69344
32672
23232
43232
92224
82464
72992
82272
94464
74368
29248
46272
97472
62272
33632
98624
23232
43296
23232
43872
92224
79232
44832
27392
43424
43264
28736
23232
38464
24832
38272
77248
32384
94432
38336
34272
34272
22624
87232
99648
23872
83232
36928
29728
23744
76224
24736
92672
67232
73632
26624
22272
38336
22432
26272
74432
43648
36832
42432
33472
28224
83264
24864
42688
46272
23232
47648
47296
83872
32832
23232
76224
46784
27392
29376
43232
32448
39328
23232
93376
34624
23424
44736
86336
24224
23328
36224
89344
74944
63232
67264
23744
82272
42432
23392
36224
62432
66432
92384
24928
36224
42432
32224
47392
24224
47328
22496
72384
29632
27392
23232
23744
82432
43776
27968
62432
22272
63264
32224
43232
72448
23232
63232
23232
77696
22272
34432
72768
29632
22272
47232
22336
42368
62272
22848
34432
67392
26432
24224
22272
83232
23424
44928
92864
39424
89664
23968
22272
42336
27232
23872
46272
44832
44448
33376
44448
72224
62272
27232
83872
72992
63232
22944
39232
86432
24224
27296
23232
39424
29376
36384
27264
48224
72224
24768
83232
96672
23392
29824
78432
63232
67232
46432
27744
42368
62624
23232
22432
27232
28672
44288
22464
33472
69632
27232
94336
26432
27232
38272
27264
22272
94464
64832
23232
83232
63424
29824
43232
33344
22272
32448
68384
22432
93472
64768
22848
33344
44224
62336
92224
28224
38272
62432
22432
27232
82432
37632
43872
37632
88224
43424
23424
63744
72768
44224
26624
28224
34976
22432
27648
62624
22336
72224
67392
33472
42624
29632
26272
47232
42848
62272
29472
43232
23328
49472
23232
44224
22272
78464
23232
22464
88992
23328
47424
33472
29248
44224
66432
42944
23232
23264
23232
22336
43424
23392
37248
43392
36224
82336
89632
22336
38272
44224
38336
29664
23296
44224
68448
47264
39232
46336
29632
78272
22272
29472
39328
22272
22624
24896
44224
79232
32832
22336
23328
24992
62432
32224
63232
33248
22464
64832
23328
27232
83872
27264
43264
38432
72832
44672
42432
28832
33376
33472
82624
72224
22272
62368
24224
22272
33472
42464
47232
36672
36224
32672
46272
24224
62432
92224
33472
32832
93632
32672
26432
26272
68928
83264
22496
93472
24224
23424
44224
47424
47232
32672
33792
23232
74272
63264
23232
84224
47392
83264
33472
42272
34272
43424
37824
87232
84224
89344
32224
22848
34432
96224
27232
67232
83328
63648
43232
23488
23328
73632
37344
23328
66432
83744
93472
33984
22624
43968
28864
36672
67264
32288
44224
84224
42624
22336
94624
22432
37344
33472
72224
23232
72224
74432
92672
26272
32672
22688
38336
64448
49824
63744
33344
28672
73248
47264
23232
43232
39488
33984
63392
82432
23232
24224
23232
62464
26432
73984
33472
43328
63392
22944
43232
87424
43392
22368
42624
33472
32224
62464
23328
42944
22336
34688
22432
34368
22432
39424
47328
23232
38272
22336
48832
22432
34432
33792
64832
44224
22336
22944
92832
62432
32832
24832
88224
82784
23424
44224
37824
98336
22432
39328
23232
63232
36672
32832
62624
47424
28224
23424
62784
73728
64224
72832
23232
36224
29632
22272
44448
26432
23232
36224
32224
22944
89824
34336
63488
27648
28224
22336
44832
23424
63232
22432
74432
82336
43264
92448
79232
34944
43424
72224
82624
42688
72224
23264
32448
66432
23424
23232
23328
23232
63232
22272
43936
42336
62624
84224
34336
33728
22272
72224
68224
42624
29632
23232
22432
63232
38272
74432
42432
64288
84736
34624
22432
22272
62336
79424
34432
32832
26432
28224
39232
39232
69376
72736
23328
29632
82432
78272
63232
62464
43328
22432
77632
23424
42432
98368
32384
42432
82944
62624
62272
62432
22272
89632
22432
82432
67392
42432
23264
27392
38272
22432
23232
34432
22272
22336
43232
33344
33824
22432
97344
93824
63424
33728
82624
84224
23232
33824
33632
33792
23264
24864
22432
32992
32736
87232
29728
34432
82848
32224
27264
32224
76448
23232
38432
29824
32288
33728
48832
64448
32672
34336
39232
33344
43232
22272
82336
62272
33472
23232
88224
38336
63232
27328
72864
62272
43232
27328
83424
32896
43424
42624
22336
42432
49472
34336
64224
34432
23232
38432
84992
42464
33728
33472
37824
42272
23296
76224
33696
93472
44224
36288
63232
43264
27968
39328
27424
86336
34432
23232
43328
42432
84832
33632
37824
29344
38976
62272
22464
73248
44224
43264
23936
39232
22272
34624
23936
94272
36224
22336
23232
22464
22464
73248
62464
22272
66432
99392
34272
42272
92928
34432
76448
22336
24288
23232
33632
23744
23392
23232
36224
37824
33344
62432
29344
22432
29344
42432
44224
62272
37472
68928
22272
43424
88736
32832
72896
66432
49344
82368
22272
98976
22432
23424
69824
63232
68224
27232
92224
22464
93632
76832
83424
62272
43392
24224
42432
26272
72384
23232
47232
22432
34624
63232
42272
83776
22624
42624
43424
24832
33824
42272
32224
83424
22272
82368
42272
28224
42432
22272
44672
76672
28224
63232
77728
28224
23936
27232
74432
27488
43424
26624
98496
26432
77984
23232
32224
98624
22624
42944
62272
66624
82336
29344
36672
27264
33824
28832
23328
43328
93632
28864
62432
23232
39232
42272
24224
23328
24736
23232
36224
43328
23872
77344
36288
32768
32384
23232
22432
24224
66272
74944
24448
24832
43328
74432
32672
42272
22624
24768
82432
66432
84224
47264
47232
27424
86272
33728
74336
93632
46272
93632
27264
96928
82464
32832
24224
67296
23232
67264
83232
42464
87232
94464
62272
42432
22784
23872
28224
32384
42432
32384
36672
23232
42272
38272
22272
67328
29344
64384
33632
92224
87232
43232
43648
72736
47232
64224
43392
22432
92864
62848
66272
44288
43648
77344
49248
64832
63296
87232
88224
87232
49728
23328
43936
63232
32224
63232
62336
73344
26784
87392
22336
39392
82272
26272
23232
23424
22272
99232
24832
24224
44672
72832
44224
83872
77824
23232
72832
49632
66272
29632
62272
72384
66944
63232
42272
47424
22336
63488
27328
42272
22432
23296
47296
32832
32224
76224
43232
74272
27872
22432
99232
23232
47424
26272
33728
24224
27392
44224
62432
28224
77376
33728
23232
37248
42688
42624
38848
22272
23232
63232
84736
62464
22336
46272
34464
32736
62272
32224
63232
33376
63744
64672
22432
48832
23328
34336
42432
63232
47232
43232
27744
37344
23232
23232
63296
26432
93696
29792
22432
43648
37824
28672
26432
42432
63232
28832
22272
44224
39232
32896
23232
42464
82624
82336
42624
43328
23424
22272
34496
69248
28224
22496
94336
63232
26464
23232
36288
36224
39232
82464
78624
24736
92224
86432
24448
23776
43424
92672
66624
39232
97344
32224
82432
72224
36384
22272
74432
22784
23232
83232
63392
72448
23424
27328
82432
23296
43232
28384
33472
24224
42432
92224
36384
68736
28448
23232
22336
23232
82432
22336
39232
38432
67232
92672
33632
29632
63264
23328
47232
28832
32832
34272
27264
28224
24832
22432
32832
63232
28224
86464
32448
27744
22944
38272
48832
36832
68224
42624
76224
68736
49472
27744
23232
39232
84672
34272
32224
63232
43264
32224
22944
23328
27424
82432
62368
92224
67264
23424
22432
69696
32832
77824
28832
83744
27232
72672
42368
63232
23232
68928
22336
28448
22272
72224
22464
26272
44224
23488
33472
29632
26496
39424
43264
46272
47232
94272
72832
23424
26272
32224
23296
23232
37344
37472
22336
22432
23264
23232
67232
23328
74624
73728
36224
43744
33472
24832
32672
92224
33664
43872
48672
44992
22272
46272
28928
98432
82432
24224
36672
74272
29248
29376
63424
36672
23232
27776
43232
73824
43392
22976
67648
24224
32224
92736
82464
27328
99232
48224
44224
23328
83392
28672
24864
48224
42432
43264
22432
42432
63232
24448
84224
23424
48224
38432
42784
42432
44384
47328
34368
22432
67392
22496
27424
22432
23488
63264
23392
74944
62432
32448
22432
74432
63392
22336
87328
42496
28224
27264
33728
27424
24768
22272
22464
43232
22624
22272
23424
44672
28992
22464
63328
47232
44224
22464
46272
43232
24224
46336
22432
62272
46272
23488
27392
38272
62336
23936
33984
23232
72832
66624
23872
32224
28832
67232
23776
22272
22432
24928
46272
23232
72832
32224
23232
33632
78272
28224
24224
37632
27424
39232
83232
29344
33728
32832
22336
23232
23424
23232
23232
44224
23232
23424
22336
22272
23424
22464
73632
23296
22624
39232
28672
27232
26336
43296
23232
38432
44288
36864
38432
27424
23232
22624
92224
26432
23232
64928
44224
43424
22432
33344
42432
23744
24384
26624
84224
23232
32832
26944
23744
29728
76288
93344
72224
23232
49984
26624
23424
22784
24832
67232
92384
23232
22336
39424
33472
43232
22368
34336
34624
38272
28736
34272
74432
27232
43264
43232
62432
68224
27424
23424
83296
64288
39232
22368
93664
29632
23232
84288
23232
26272
29344
27328
22272
26432
67968
22944
62624
63264
24768
24992
92224
34784
94272
24224
37664
38432
34624
23328
23392
33632
23744
22624
22432
66624
62272
34336
34272
43264
82464
73632
38336
22432
47424
32832
33472
22272
39424
22432
34432
22784
28384
24224
73344
27232
22336
34336
92672
23744
23232
22464
47328
83328
62784
34624
34336
42432
36928
44224
82624
67232
39296
64224
43328
93632
42432
79232
72224
84384
42432
36224
33376
23232
34624
63424
22848
22624
33664
34336
23264
22368
46336
39232
22272
22432
63232
82336
36224
93632
46464
23328
76736
29632
67328
27776
26432
63232
73632
42624
22432
49344
33632
43232
73344
29632
26272
44864
23296
42944
22464
63232
32384
99264
22272
33632
92288
48928
66432
26432
43392
67232
83328
22464
46272
34496
76832
94336
44832
83232
28224
96224
44224
43264
82432
36288
47232
22272
88224
43328
63424
24224
28992
26624
44672
94432
22464
36672
92224
32224
42624
74944
43264
83264
64224
23232
34432
62336
32224
39232
37248
22432
24736
63744
22688
32224
22272
22336
34432
28224
24224
82336
23232
23488
32224
23424
83232
63232
23232
86272
76224
89472
96928
23872
27264
44224
22272
24384
78336
32448
38272
22432
28224
24224
22336
34432
97632
32224
22336
34432
36928
63424
42432
28224
39744
47424
34432
27328
34368
96832
24224
49664
83424
79872
24384
23264
72224
29376
66848
64224
63424
44672
23744
22336
86432
22432
68224
63392
84224
28384
92224
33632
62432
26336
63232
47328
83392
26688
83232
42624
46336
94944
23424
42336
36672
29472
48832
29632
63392
77984
68928
82624
23392
27232
44224
67232
64448
82432
72736
22272
63424
22336
27264
46272
26432
62272
24384
46624
63424
72224
33472
39328
32448
32224
43424
96224
92224
87424
73248
37984
48832
24224
76224
22336
23232
23296
43872
74432
37472
37824
22336
24224
92992
22432
24224
46272
22272
32224
24992
26432
73344
94624
27232
39232
82272
47424
82368
24224
44928
24832
44224
39424
43264
72224
98336
66624
22848
74336
33792
43776
32448
72832
74272
24224
36224
94272
33824
27328
63232
27392
64928
42496
44224
98432
23264
23232
63296
33472
44224
74432
27328
22624
32384
72736
22272
46336
63264
24224
74432
22272
74336
49344
29344
42624
32384
46272
69248
43232
74624
43328
42272
68224
24832
32672
32832
63232
32832
38272
46784
38272
24224
37632
28224
42272
27232
72224
63232
22336
36224
84736
32768
47424
29728
92864
92448
22464
23232
72448
93632
42432
36384
23232
62784
26432
26944
32224
63232
63424
22464
22272
24224
72224
44832
36448
36224
74272
68832
64224
36224
23328
23232
92224
34624
44832
48832
22432
22432
63232
72832
97984
83872
24224
92384
32768
23744
32832
42432
32224
22432
64224
43936
26624
24288
33344
29664
73376
72928
42944
23424
62336
72224
24224
23328
24832
32448
66784
63232
62432
44224
42272
38272
63232
22944
74624
43264
22368
22272
68832
27264
33472
82272
84224
62464
82272
82624
47232
43328
26848
23232
23424
68224
34432
44832
46336
39232
34272
83648
24384
36992
72832
22432
36224
67232
33344
92224
26432
33792
37984
22464
43328
23232
94784
64448
22336
47232
24832
92672
22272
64224
22944
24224
63328
23328
77344
42624
23392
22432
23232
32224
27328
22944
66272
37824
72384
26336
42272
83232
26272
32224
34336
68224
26624
82624
27232
89792
23328
84224
33472
27424
44224
34784
73248
43232
23424
62272
23232
92832
86272
37728
29632
23232
86272
23296
23424
69632
92224
92224
32672
23264
22432
76224
63232
49824
72224
24384
43328
67744
23232
64224
63424
82464
29632
23648
82432
24224
82944
22336
42272
24224
48224
34464
23424
92736
22432
62272
27392
24384
63936
32736
32832
92832
46272
92448
42848
24672
23232
23232
73632
62976
22272
27424
27232
23872
76224
32832
42272
23328
32224
74432
42272
26624
87232
84224
32224
72864
33792
73472
34624
47232
32672
72224
23424
28928
84224
23232
28224
82272
92672
23232
23424
72832
87424
27264
43936
48224
28224
83232
42496
82272
23232
42272
22336
87296
49344
24448
28832
44448
28224
28864
34368
34272
82432
82624
29824
47232
22784
22272
23232
62432
63264
32832
36224
27232
43392
23232
32224
92672
72832
29472
22432
32224
63232
63424
24224
84224
27392
46272
87328
46272
24832
39328
44224
27232
22272
44768
28224
74432
94464
27392
33248
39872
83232
93472
27392
44224
43392
67424
42432
22432
63232
43424
42624
44288
27264
26464
32896
67392
32832
22432
34944
63968
43264
22432
26272
33472
24224
42272
29248
23232
73664
22272
27232
42944
22272
23872
44224
32832
42944
63392
42624
22432
24224
36224
44224
34624
43232
22464
82432
23264
22368
22464
23488
22272
22464
43264
46624
37344
22432
83264
38336
92384
92224
64224
42432
22336
23424
73632
47232
48224
44224
34368
42944
23296
23648
22432
22432
24224
22624
67328
69632
87264
22272
73632
44832
23488
27328
23424
72224
62272
26944
32224
78496
22336
22272
94464
74432
92224
97472
72832
32224
34272
22272
29632
26624
23264
83232
23232
36832
24224
87424
24768
24224
77632
28288
28224
32832
22464
22368
73632
63424
48448
33792
62624
64384
87232
27232
67232
79232
27328
27232
23744
38432
63264
87232
37824
26432
22464
22272
62272
22272
22336
67232
63424
47424
22272
67648
39232
63232
63232
72448
43424
28736
73664
34432
22336
23296
74432
24736
34432
42432
79488
32832
46336
43232
88384
99392
34432
23424
36224
42432
36224
86464
92928
23232
22272
23232
77472
29344
22432
43648
23424
22272
44736
22272
63232
34432
22432
93824
34464
83392
68224
47392
23872
39424
72896
34624
42624
22432
38272
86944
23392
22432
23232
23424
27744
42272
43648
42688
49824
42624
79392
22336
82432
43232
23744
66464
43232
22368
34464
32224
43424
22432
73664
22272
82432
27232
23232
69344
32448
23232
23872
34272
44224
73664
62976
23232
23232
23744
36224
32224
24832
27264
24736
63232
22464
36224
49472
86272
46336
42432
43264
74624
42272
28224
23488
84224
22496
43424
62272
26432
23232
27232
47232
43232
69632
73344
74432
92224
42432
26784
42624
34432
29344
42784
23232
92224
27232
43872
43328
23232
32672
63872
82272
66464
23296
89632
26624
94624
93472
49376
83424
73792
77632
28224
22272
42432
34624
22432
62272
67424
26624
79232
23872
43232
39232
23232
63232
62272
42336
82624
24224
34432
92832
22272
27328
24224
68224
23488
42432
74336
42464
24224
44224
29792
44224
78272
22432
27232
74464
42432
26624
22272
27392
62432
72672
22848
99744
28736
24224
42432
22432
82432
67392
23744
94336
26944
86464
88224
68864
38336
73472
44224
24896
79232
23232
42272
47424
42432
32928
82624
43648
46464
43232
83936
82368
22336
63872
32672
92224
38368
42272
23296
73344
73248
29472
26272
63424
83232
86944
24832
33472
28224
37376
26336
24224
34464
62848
34624
64832
67232
32288
32224
22432
73728
26848
88224
22336
42432
38336
98432
46624
38432
27392
73248
32224
27232
26432
23232
97344
79232
93824
64832
22624
64384
88448
42432
94272
36224
23232
23232
72224
87232
33824
27392
24384
82944
32224
37376
62784
83232
23424
84224
64384
32224
22272
27232
66432
63264
39232
62976
36224
23328
22784
44928
23232
44224
47744
37792
43232
23232
83328
26272
22272
43232
73248
93888
22464
22272
82464
73472
43232
74432
73664
23232
32768
62336
73472
23424
84992
24864
74432
29344
22336
42432
62272
26272
32832
33792
73632
23232
22336
23872
23232
32384
72224
24224
42432
82272
24832
24384
44224
74432
72224
22336
24224
34688
42624
48224
82272
37632
92672
32448
48672
67232
93632
38272
89344
63232
22336
74432
67328
22272
89728
22944
23264
22432
74336
22432
83968
46848
22624
83232
62432
23232
72224
44224
92224
22336
44224
66272
67232
36224
83424
23232
43424
63392
32288
63232
73632
94272
22464
22368
24224
86272
22944
63264
23232
73632
26272
22464
34336
62976
22336
22272
44864
42432
22432
42432
92928
92224
22976
97664
22464
23424
33248
34624
42432
36384
44992
43328
27392
82432
76224
72224
27232
22848
22432
67232
22432
92224
48928
44672
48832
27232
22272
49664
73632
27392
32928
23232
82624
34432
33472
92672
29344
46272
43424
36864
23264
22496
87232
82272
29472
82432
34432
63936
72832
34624
26432
62432
23232
22624
39232
46432
22368
23264
44864
24224
62368
24224
62336
63264
22336
24672
92224
27488
23232
33728
83328
82496
74272
72672
64224
22464
27392
37632
32448
68384
39392
79232
83264
76992
23936
24448
27328
43872
83232
94272
62464
23264
74272
62272
23264
63232
92224
23424
76224
34336
23232
28928
74336
92672
66496
22624
86464
74432
82432
43648
26432
83264
47424
23424
47744
76672
33344
79232
34432
44224
23232
63744
96672
36224
62464
66432
47488
43264
92832
27328
23424
82272
23424
23232
32224
36224
39232
83232
49344
24224
72832
72992
42336
23872
93632
62272
44224
32672
32224
26624
26432
47232
49344
33888
32768
42368
63936
43232
24224
27328
26272
22336
42464
26432
23232
47424
82336
93664
62272
24672
92224
22272
48672
62272
82464
43232
33472
63232
46272
33344
37344
77344
29824
83232
82432
23424
43392
86336
32384
96384
33376
23232
94336
23232
22272
39328
37472
22336
63424
92224
23232
66336
73984
22336
28224
29344
43424
23232
42624
63488
24384
27232
26432
28224
37376
42272
24832
27232
27264
46432
42432
34432
44224
28224
23872
63232
76832
27264
22272
22848
47744
93824
73248
33344
27296
42272
23232
34624
22432
22336
23232
22272
26432
32448
47424
43264
42944
82432
23936
27392
23648
93248
82624
46432
36928
23392
92864
42432
43328
23232
43232
34432
63232
63424
34336
94272
23744
73472
23936
32672
22432
22432
28224
43936
93632
32224
24224
84672
63232
23488
23648
39232
23872
46784
22464
22432
88224
22624
27328
28224
63232
23424
22624
23264
33984
22624
32384
72736
44224
24992
47872
27424
83232
76224
23232
23744
22432
79424
32672
44224
83232
23232
24224
42432
23232
27264
23232
44224
32448
22336
42272
72832
42496
23424
67392
43232
63424
22848
26272
34784
23232
24672
26944
62272
33824
64384
22624
26368
43232
74944
32448
92448
62432
36928
83264
64864
93248
73728
28224
62272
22336
77632
36288
64224
37472
49344
27296
36224
44224
42624
42336
42336
48672
22272
26336
27648
33472
29376
64768
29632
24992
34432
26432
83424
43296
22272
33824
23424
92224
28864
22336
63232
73248
63296
82624
73344
93472
22336
37632
26272
32224
98272
33472
23232
24224
22336
87232
22368
27264
92224
26432
27328
34432
26496
24384
23232
43232
36832
23232
83232
32384
82464
82432
24896
47328
32224
22624
92672
33824
47232
44224
23936
84448
49344
22272
47936
62464
22272
62432
22976
44224
23936
62624
34624
72224
48288
62432
37824
27232
22432
49376
84928
64832
34624
43264
37792
47424
36224
22272
82624
38432
64832
26272
32224
87232
24384
22336
32384
22784
62944
84224
83392
83264
43264
22336
22272
24224
99392
42432
33472
22272
83264
24224
72448
23744
27264
36832
27232
23232
26272
33344
32224
73632
28224
29376
62624
43328
23264
43232
23424
29376
32224
64224
43232
24672
67392
32832
22432
22464
33472
62336
93632
24992
33344
47232
39424
87232
28224
92832
26624
32224
73472
24448
27424
47232
33344
63232
22272
84224
44224
32224
22272
22432
86272
23424
32672
22272
87264
23424
63232
44384
39392
24224
23424
44224
22336
62432
23232
23232
43264
47424
99392
72384
22464
63232
48736
22688
67776
26432
94272
23232
23232
36384
72224
34432
83424
62432
29248
22496
33344
23232
23232
42432
36224
32832
63296
42624
92224
82624
94624
22784
29888
22336
22336
83232
82432
22336
22432
72384
24224
22464
27232
42368
32224
63232
38624
94432
66432
44864
33248
34272
33472
63392
42464
43232
82336
92224
22464
47424
74432
22336
64384
94336
23424
28224
78272
28832
34432
32832
93376
38624
46432
47232
96224
39232
23744
66432
42496
24384
74272
43264
24384
42336
26624
86336
43264
33344
33824
44224
47232
77248
23232
24672
37632
27328
23424
64864
68672
89632
23232
28224
22432
68224
86464
22272
22272
23232
32448
22336
42624
34336
42624
46624
42368
33472
63232
42272
23232
22336
32928
23232
23264
29376
42432
73248
76224
42432
62368
27232
26272
49344
79392
26624
72224
27392
86336
67264
28448
32224
23232
43232
22336
83232
24224
23232
42432
33728
42624
92384
78272
72448
42272
89472
43232
22976
22624
29248
63232
23424
74432
68224
73472
23232
24224
43392
32832
42432
44864
63328
43296
43232
63232
44832
42432
42272
64832
79232
24992
29344
27232
62272
67392
23232
22336
44224
24832
22272
26432
73344
47264
97792
23744
49728
76224
23424
23424
42432
32224
22272
29248
43424
72864
44288
47424
32832
44224
32224
43232
36224
33344
82496
46272
62272
22976
62464
68224
22272
32768
63232
22432
83232
47232
28224
86464
24224
72832
42944
63296
32832
66624
22272
27232
32224
72736
23232
22464
34272
44224
83232
33344
23424
26432
64832
22464
43264
46272
22272
76832
92992
28224
63424
42624
83264
27232
23232
73344
62272
36224
28992
22944
23744
23232
24832
23232
22432
42784
23232
23392
72224
82624
43232
23264
23424
64288
22944
64224
84992
62624
93824
23392
22272
27264
39232
42432
28224
23232
44736
34272
63392
26624
26432
23232
74432
83232
42272
34432
39264
23296
82368
82432
23232
47232
23232
24224
27392
63424
23968
22464
23424
62272
22784
23424
22944
42432
28448
22464
24832
24224
22272
64832
42272
22624
22848
33248
29632
44832
23232
32224
78272
23872
83232
22336
78432
42432
22432
27232
23744
46336
86432
22272
72832
23424
34272
84224
32864
66624
32224
44864
32224
26624
22944
22432
23232
33632
24832
28224
22272
33664
49344
27328
33344
24224
22272
64672
48224
22336
24384
82272
23232
38432
24224
63936
26432
84224
47232
22272
33824
28224
42272
47232
92768
23232
28224
67424
94624
34432
43232
32224
42272
32384
82432
82432
24832
42624
74432
23424
82624
23488
26272
46464
44224
87232
34368
67424
33632
63392
36448
23232
94432
32448
33984
23328
74432
73632
92224
93632
44224
23232
22464
44224
22496
26432
23328
22464
38336
43424
24832
24832
23232
43296
22848
28224
32832
86272
23232
24864
23232
22688
34624
43232
47264
42272
24224
22336
63232
63232
27392
23232
22272
94624
28224
42272
32832
62432
23232
82272
63424
44448
83328
44224
34464
29824
32832
24224
38272
22336
22432
68224
86432
34624
29248
23232
36832
26432
28224
22464
84224
24224
36224
37664
23232
32832
99744
38432
63232
28224
99232
64832
26432
29376
28224
22464
43232
42688
64448
49472
64384
23232
62624
74624
26624
47232
92224
47232
28672
22944
23392
29632
23392
82432
28672
22432
42432
23232
26432
44224
33472
22272
24224
73344
22464
22432
42464
44224
62272
34624
23232
23424
94432
42624
43232
82624
32224
38272
32224
62368
74368
28224
44672
49344
84224
44224
82432
87232
22624
32832
44224
82432
28896
82336
