2234292224
2246623232
2292242432
2433247232
2482792448
2863228928
3234228224
3283423232
3326222336
3387766784
4233242624
4234422272
4987922432
6939636224
7223263232
7339384832
7344223232
8322934784
8793227264
8938379264
9229372736
9762842624
2224233472
2332323328
2484732928
2972443648
3282322432
3469983232
3673636672
3943634944
6643337728
7932722944
9224223232
2223243264
2238947328
2336489472
2378293248
3743883264
3862327296
6276882432
6326427648
9286367232
9846239232
2324666368
4962783232
9232242688
2278734336
2624873472
2882663424
3222222336
3223222272
4422629376
6329273472
6383734784
7724939264
8268222464
8278839296
8424722432
8836222976
2297227264
2326838272
3376287232
4732732672
6484323328
9488223232
2246729728
2279243776
2683346944
2822324224
2983438336
3396623872
3429842944
4244242432
4922834944
6232244224
9298794496
9963922432
2472397824
2748767232
3264927744
3432889344
4276927488
8872246272
2393827328
2424682496
2498336768
2946234368
6934762496
7393297664
7932827648
9646782464
2266297344
3482339328
6263783424
6334327296
7839263232
2379327488
3947622272
9298723328
2274629632
2432223232
2687248384
6832794624
8338228224
2498377728
2942736384
3328923648
3388643328
4296382464
7866292224
7928223744
8363292672
8673337344
2262324224
2264978432
2282396672
2794492928
3333369728
3846222848
4982223872
6337362944
7664632832
7736628224
8274228224
8793334784
2339688448
2928922624
3438779392
6246682624
6249336832
7244664832
9223376896
2922324992
3273364736
3493394432
7449823232
7226294272
9239794432
9424282624
4733878272
4849483776
7262748672
3347262464
6294428672
6333246464
8732982272
2272393792
2342324224
2684274688
2972933632
3262947328
4367263744
8247273472
2222226432
3292494336
3442664448
4366328832
8272438272
2487222272
3736346624
6242333696
2422634496
6243427328
7942286336
2274783232
3366326272
9636892672
3264863232
2348347392
3323768832
3738322944
3872443392
4266676224
4282933248
4932343296
4992436224
6432924672
8363446272
9267743232
9392283648
2266293248
2729727296
3224296448
7269247232
3333842944
7262236672
8343328768
2226827264
7293938432
8334823424
4737623296
2222966784
2629392384
2662298624
6922364672
2274424832
2846947328
3873462272
6329268224
6432782336
6934427648
6962296832
7742633984
9742247936
9832822784
2934264832
4787344384
3833227264
7623436288
2333328384
8377844736
3397394432
7222439936
6834322432
2737844224
2878738432
3242364928
3484229632
4678623232
7662367744
7973283328
9232248832
9834422272
4342262784
4723939968
4927327232
7264274432
8422836224
2324476928
3928696832
4234677248
7242226688
8282676224
2233464832
2263324672
2346932224
8266332672
