288768
443392
783232
768384
286336
364672
377728
284736
424384
242624
338432
687424
293248
379328
926272
386432
779776
428288
924224
266624
476928
283392
469824
263232
423424
799232
347264
463232
444992
884224
273472
239232
692992
272896
783232
233344
273728
747264
324224
447744
374336
836224
738624
342784
222336
322432
262272
782336
793984
229248
327296
232832
278336
383744
866688
297664
372928
623232
223744
327232
326464
236224
284224
282432
776832
727424
263296
332288
329344
244224
639232
397824
623424
343232
222336
662464
674432
382272
827648
292224
236224
277248
733632
893824
262336
726272
363328
266368
398336
484224
972224
343744
233472
222336
463488
262464
646272
647232
422272
374336
636224
762624
446272
843328
767936
283264
239936
399424
232448
372224
327424
324672
287232
923264
672384
232448
689792
423232
474624
422272
346368
247424
932224
822272
339776
342272
767296
487232
372224
732992
247424
233728
239488
222336
998464
372672
244736
972224
239232
233344
748224
367424
227328
233472
622464
226624
243392
293248
286272
273344
743232
227264
486272
476224
629632
266688
222272
379328
362496
294272
238272
262464
242432
997248
476736
367424
622272
427392
644224
634624
373248
282944
443264
436864
242368
444992
222272
227264
972992
226624
242432
623232
468224
267392
272768
726336
474432
294336
288832
297728
747264
783232
232832
984448
223232
332224
327232
282624
222976
326336
343424
343232
732224
443264
623424
628672
722432
223232
682624
823296
329472
842496
926272
343872
327232
742272
724672
932672
722432
234368
449472
962432
326272
236736
293376
287232
447232
373632
632832
362368
422272
924864
232384
462464
742272
622336
648768
436224
962944
428288
222848
322624
433664
873792
447424
962624
324992
282496
232448
882432
322432
226368
292672
267648
442368
347776
373632
948224
664832
262784
342272
292864
472832
334272
722432
746624
243328
323648
638336
399424
226432
743232
242432
447232
446464
743232
397824
424448
228224
724736
362624
223232
823232
343232
442624
422272
222336
284736
932864
377728
438464
393344
374272
794432
776832
887424
237824
382784
442432
622336
483648
299392
342272
833344
442432
422976
662272
226432
823232
247232
333632
244288
627264
379392
836224
276224
482432
233344
223232
486272
623424
292672
923648
276224
237632
348928
628864
772736
666944
277696
636928
646272
274432
324224
879232
824896
837632
642432
732224
924224
926464
322432
346624
332224
772992
623232
272384
327232
622336
328384
322432
464448
722432
233792
327232
244864
286464
667328
222336
633472
623232
322624
474432
276224
794496
232832
422272
233344
229632
393344
934464
479232
324672
226432
327296
932224
222272
444288
324224
647232
224768
223232
332992
424832
244224
327296
928384
983424
832832
423232
336896
339392
644224
223232
423424
642688
384832
226432
292224
288896
237632
292224
223232
272832
268672
227392
892224
629248
746624
644672
626432
322432
734272
836288
244224
469824
243264
983424
824832
463232
242624
493376
283392
479232
967424
993472
623232
239232
342336
722624
743424
376448
393344
233472
239232
283328
796224
327424
362496
443264
342272
897344
367872
228224
223232
338944
284672
422272
623232
264832
223872
868224
324672
332672
244224
263872
326272
822272
787328
882432
222272
622464
246272
232832
787264
724288
733248
223424
462272
327232
622272
263232
223872
343232
796288
226432
422272
728832
239232
434432
944384
432832
236224
826432
294272
443264
232832
326272
223744
646336
223296
423424
723328
922432
932224
343424
972672
292224
628224
223232
823232
492224
443328
263232
847424
344448
783936
334336
679232
332224
362432
296832
466368
223872
942272
863872
326464
329792
232448
932992
389248
839744
424832
266624
364672
823872
628224
822272
342464
327232
642432
222272
423232
924224
736384
373248
483264
844224
772224
376448
238336
277824
394624
368896
249472
232832
334784
722496
739264
343232
387392
477632
826432
664448
326784
228224
294848
264896
248832
996224
428288
879232
382336
687744
773824
222976
243328
434432
623232
476224
266432
723264
938368
743424
262272
228288
382272
422464
322624
647424
272384
732928
222336
922624
284224
262272
377344
223424
482688
749376
399232
327232
639232
347264
339328
323392
922368
442496
448832
283968
437696
223232
322688
723264
824832
332224
424832
323328
223424
384448
422272
479232
344832
743232
226432
483648
322432
379392
248384
222464
262336
433664
384448
328384
334272
274432
433472
647232
722432
287232
889472
263424
392832
322432
247232
437632
373376
274432
223232
224384
882496
767232
293248
723328
223744
472832
324224
762432
422784
362432
222848
772224
322432
732928
272384
992832
722944
938432
982272
442432
343296
344384
228224
294272
279424
274432
239232
374336
489664
382336
287232
383232
247744
346496
392832
292736
644224
227264
733248
462272
284672
623232
228224
329792
326464
334272
233728
483328
223744
278336
423296
287232
647296
234368
372224
228864
926336
623232
826368
793392
844672
922432
243264
263424
343232
323264
362432
223232
883264
236928
836864
637376
633344
386432
299264
343232
222336
732736
722432
799744
648448
322496
422272
263296
324288
687232
222272
469824
882432
466944
324224
833344
492928
442432
724928
282944
483264
342784
484736
333632
927232
234624
224832
263232
373248
424832
839232
823424
878464
326784
623232
226432
824832
232832
937472
294464
342336
742464
636224
367488
742464
624384
239424
232832
644672
932224
263424
384768
323392
882368
844288
942976
292864
722432
632384
393472
924224
469632
642496
294272
738432
373632
326336
388224
274432
233472
223488
247232
276224
744832
262272
223424
922432
334336
382272
834432
246272
743936
687232
742272
723392
367232
333824
423296
762432
676224
623424
729728
239232
723264
773248
424832
923392
242432
332224
733824
249344
372736
378368
473472
727424
482624
222784
989824
333632
423232
277632
323328
786432
343232
777344
226432
322432
472384
242432
223232
362624
474432
423232
349824
973632
743424
943232
264832
232832
732224
293376
342976
324224
767232
463232
622272
322432
662272
838272
223232
233472
444224
232448
676224
622272
337472
223232
836672
273344
287424
826496
347392
283264
932736
234624
236864
266624
332288
287232
262272
247424
223744
229632
734976
486272
447232
422272
722944
223232
243264
372224
772224
338432
322624
294272
244288
442432
633472
837248
423424
472832
228928
343872
492672
423232
222272
293248
328832
232832
384384
324224
674624
634432
946432
333824
427264
862336
767232
943872
362432
233472
229248
483392
828224
328768
274432
239744
277632
633344
333888
892224
478848
672448
229632
689472
323392
924672
324224
833792
342784
262464
276928
234368
674432
432832
376384
423744
797248
322432
382272
223872
232832
236288
968384
423232
298624
862336
234944
747776
338624
232448
932224
422272
223232
687232
244224
223232
223872
393728
924928
262272
332928
329344
462848
868224
863232
727744
843648
886272
847744
839232
984448
296768
274496
393792
823424
249344
247232
472832
732288
287232
372224
836224
726272
422272
292224
894272
636224
244224
626432
767936
222272
348672
922432
692864
722368
447232
742272
292224
972288
478464
739264
374272
223232
373696
692224
297344
788224
222464
648832
372224
287232
348224
224832
222272
228224
233664
342336
624832
327296
932672
386432
227648
232832
643328
332224
797824
324736
222272
244288
642432
823744
863232
236224
326784
822336
237696
633472
332288
394624
746624
243264
292672
232448
222464
646272
362432
267264
298368
422848
222272
833472
742464
266624
222848
324864
788992
237824
249344
944448
344448
423296
238336
434368
432832
732224
278464
468224
399232
232832
484864
844928
223424
237824
339392
372224
334336
627328
823424
226432
934272
323328
222272
243968
863232
223424
242432
428224
324224
377472
922432
234496
388224
723392
677632
487232
378432
223232
949632
368448
243328
284288
223232
249728
367232
742272
774464
343232
323264
223232
222336
976384
262272
826496
342272
274432
282432
276992
346432
623232
623232
937472
228992
623424
628736
624448
843264
222272
724992
229248
428672
767936
473728
439488
726272
699264
323392
327232
298432
642624
287424
882432
368384
622272
628224
284672
833472
282624
322432
223232
324224
748224
772736
227328
247424
849664
927488
623232
722368
646272
463744
783232
348288
923392
492992
373376
322432
433344
262272
924736
372288
347264
342272
239424
323264
727424
243264
364224
237824
877632
264384
628288
239936
279424
223424
263424
892224
738432
332224
463872
843392
334272
339328
242944
234432
328832
246336
799232
223232
242944
362624
943872
793344
764224
436224
742272
494336
442368
843776
623232
289344
383232
662272
239232
223232
642432
422464
223872
393664
892224
223232
943232
393344
983424
429696
328384
383232
689792
892224
693632
228224
364288
674432
244224
423232
324224
348224
274624
223232
387392
226432
439296
263296
992832
287232
926272
242432
847232
372992
222848
623232
444864
736832
482432
384832
233472
632832
239232
329344
422272
926272
223296
932864
292224
279424
342336
823232
783232
839296
943744
893376
422272
972224
242432
222272
232832
842624
364672
434432
246272
773248
928896
237824
333632
622464
373376
432832
663424
324736
396928
676224
462848
834432
223424
333824
829824
468992
738624
434432
497472
329344
776832
429824
623232
422784
428672
323264
862464
434432
772224
333248
229376
463232
263232
422272
228992
438272
636288
467264
323392
226432
338432
324224
222336
624832
372224
372224
327232
224832
342272
663232
342336
434432
479232
222272
364224
222272
332672
472384
426624
824832
279424
226496
669632
623232
762624
863232
932992
422336
423232
489472
393472
324736
364224
983232
237376
942336
384896
723264
222464
963392
239232
426432
382336
747328
323264
233728
223232
442496
646272
732288
227648
679424
374464
223232
662784
263232
647232
927232
222336
242944
349248
949376
332672
847232
647232
836224
224832
667264
733696
462464
343488
943424
934336
243264
247424
774272
792448
244224
827264
482432
363648
337472
322624
422976
274624
623936
822272
237376
333824
289472
372224
836224
273664
382336
242432
662272
432832
433792
324864
222336
249664
767424
222272
623296
224768
294272
444928
484672
226432
223872
297728
324736
838272
226944
423744
444288
478272
666624
638272
223424
732992
342336
942272
246272
433472
633344
733376
478336
623232
968832
492672
232832
784384
496832
346688
693824
462464
623232
242432
229632
839872
376448
262336
823232
283392
322432
327744
386624
222272
962432
373632
292224
783232
226624
343424
227328
783232
436224
284928
743296
437376
243264
293248
222336
693376
423232
328448
822272
224384
242624
396672
383232
284224
764224
372224
293824
342272
374976
672384
623872
822784
972672
226432
832384
422336
628736
322624
236736
362624
364864
332736
934272
686272
843392
362432
662272
772672
282944
263424
226624
223424
848384
243328
962432
267392
322432
342272
999232
423424
437696
274624
927232
963328
239232
638464
972672
444864
863232
836864
343232
732224
484224
476224
932224
474624
932224
829824
332736
422336
266624
244864
467264
428224
432832
342272
222272
683328
346368
298496
367232
627328
338432
233472
443264
223232
393728
262272
333376
623232
279232
327232
723328
282432
343424
222784
493824
747392
644736
223232
362624
966272
477824
668928
842432
644224
667264
328384
223232
222336
367232
322432
263424
627392
932224
244224
233344
234624
447232
244224
738432
348672
922432
364224
442496
367232
292224
392832
264832
328832
224384
733824
332864
692224
794624
622336
222272
722944
722432
232832
327424
884224
243328
247424
223232
677824
292736
227392
229248
247424
329344
283264
327232
427264
844224
462272
834432
234624
432448
626496
883328
223872
727424
649344
273472
863872
322432
287232
428224
342272
239872
822272
277632
923264
722944
343424
639232
463424
732224
236224
872832
222272
367424
836224
326272
232832
273792
332864
643328
676224
274432
232832
844672
829248
339264
722432
947264
284928
232832
823936
374272
243328
482432
362624
489472
837632
327232
733376
827648
434432
999232
437824
243264
793664
422272
634624
627264
948224
223296
262272
672448
433728
922368
332672
227264
432896
623488
429632
324224
223232
324224
438272
423488
223232
444288
467392
222272
637248
287232
243264
224832
322944
264448
287232
234624
627264
472448
333632
423744
332288
634624
223232
422272
222272
487744
622336
292864
788224
928768
234432
272768
499328
223232
433344
893824
342848
362432
344832
672384
322368
932736
729472
324224
283648
394688
428288
342464
322432
469824
664448
332672
444736
932224
377472
422272
436928
442432
833344
236928
779328
924224
633472
228224
822272
223872
332224
222336
623232
724224
222848
822784
922432
739328
322432
382272
792448
372736
332672
234432
322432
223232
623936
647232
482944
372736
633472
332672
723328
423232
922368
927232
423232
633984
723264
373248
469632
229632
262784
623232
364224
786432
627328
232768
433344
847232
827264
426624
742336
642432
728896
484224
324224
223744
466368
226432
222464
224832
874432
428224
274944
267392
739328
229376
432832
262272
224384
947328
883392
322432
626432
244224
823424
243328
623232
646272
324992
994944
724288
974272
224384
423424
326784
742464
427328
323328
636224
733632
624384
927232
944832
437248
348992
223744
329344
683328
233728
227328
227392
443264
262272
267392
442624
423296
226624
337344
744384
732224
836672
293632
288832
732224
267328
642432
988224
322432
862464
662272
242624
343424
284672
634368
383488
982784
223232
928896
687232
837824
333248
422272
482368
734272
948864
887936
422336
842368
484224
732928
426624
943232
722944
244224
223232
622272
279424
288384
327232
379264
447232
327744
823296
383232
427328
679424
374272
228224
722496
482432
223232
322624
222272
332224
222848
228992
422272
277632
232832
322432
823424
732736
733248
634624
228224
223424
238464
223232
388736
968832
242432
223232
422336
332224
222272
393344
233984
463232
882432
423232
243328
638272
442624
232832
894272
283648
383872
962432
223872
329344
326784
223232
246784
399424
722432
692288
322624
622784
722944
222464
232832
277632
226944
242432
732224
222784
983232
227392
342272
776832
232832
423424
224832
223744
224384
363264
383232
322432
276224
393344
239232
444224
882432
493632
927872
237824
682496
292224
722432
334272
343424
943744
332224
883776
236672
492224
222336
634432
636224
367744
926336
727232
226432
623232
423744
642624
669376
639232
332928
793344
284224
423872
434432
239232
372224
226432
732224
779328
992832
286272
423424
223232
362368
332864
227392
336384
924224
892992
866432
948224
922624
228224
483328
322432
773632
863232
284672
232448
622848
223872
422784
223232
324224
743232
623232
236672
242944
224832
492672
242432
342272
272448
648832
423296
439232
332928
234432
246272
927232
423744
622976
248384
664832
932224
342272
386944
227328
432832
922624
444224
233472
428224
332928
663232
242496
324224
423424
383232
622464
329472
223232
327424
822336
276928
327232
372224
228224
228224
927872
242432
248384
924288
262272
292224
232384
222272
423424
242432
294336
223488
366464
678784
486272
223424
623232
226624
474624
343424
723648
229248
462848
639232
286848
622464
822272
427392
228224
222272
346432
473728
733248
693824
772224
292224
822272
222336
247488
423296
949248
727424
923264
863232
233344
226432
226432
422272
922624
299328
226432
236672
268928
226624
924224
847872
332224
632832
238976
333632
223232
222272
324224
946432
329472
243392
844224
239232
332288
992448
363264
762432
323328
223296
332224
323328
228928
927232
422272
223872
926336
667328
663424
339264
632832
468928
223232
244224
222336
367232
772736
844224
437376
422272
322432
642432
239232
742272
442624
346944
364672
434432
223232
663936
362624
423232
842624
484224
242624
743424
934272
447232
228736
279232
622272
762368
274432
226432
274368
322496
239296
223232
278272
223232
249472
327232
623232
623744
423424
447232
644224
922944
324224
322944
829824
442368
432384
423424
727936
322432
743232
229824
342272
434624
843392
267264
223232
326272
482432
344768
644736
244672
622272
724288
243264
742272
287424
233344
269632
344832
446272
332672
649472
679424
674432
924224
334272
636288
223872
386496
333632
242368
443648
222272
228224
247424
832832
222848
342272
422784
342336
343232
372288
346432
276672
226432
466432
823424
224448
262272
693632
724672
242944
223232
923392
367744
393792
272832
424832
238336
927232
332224
427392
722944
422336
342272
444736
372224
348736
242432
226432
439872
373632
922496
422784
722432
822464
623232
322432
223232
243776
293824
342272
824384
723328
474432
442624
327424
322624
922432
223232
732672
283264
844672
463232
822272
242432
283264
263296
727424
486464
638272
683264
377344
372224
834624
829248
729344
263232
623424
734336
364224
268928
792832
774272
842432
363392
384768
743936
222272
924224
378368
393984
296832
332672
633728
636672
342272
222272
223232
722624
244224
366464
822272
444224
624448
483328
344832
273792
222464
292992
329728
744448
293248
233344
929472
766336
226688
332736
783232
327232
332672
928384
323264
887232
223424
242944
644224
222336
274432
233728
932224
927232
326784
372224
724224
476672
228928
237632
244672
732736
434432
362432
438272
223232
636672
262272
262272
687232
382464
323648
322432
229632
229888
274432
222848
233344
393344
436224
277632
386432
793792
224384
223232
837824
434432
348224
823232
423232
223424
226432
434432
272896
322432
638272
887424
223232
332224
238272
823232
482624
242432
222272
433984
432384
243328
292992
873344
298368
226624
496384
232832
463232
462272
666496
923264
682624
726272
239424
382336
342336
222336
279232
229632
224832
942272
326272
239232
937792
644224
262272
727424
724224
342272
242624
432448
883328
332224
636736
294784
226432
299328
742784
332928
223232
348224
639232
297664
236224
276992
326336
223232
923264
927232
924736
736832
273664
962432
782336
922432
662272
239232
342272
323328
726272
994432
263424
362368
727424
424448
678272
222848
496384
633728
822272
333632
967424
332992
279424
272448
422272
223232
279232
344896
323392
223232
622272
773248
838272
223232
766336
463424
762432
476672
373824
229824
342336
322432
332672
246272
744448
384832
327232
372224
296832
242496
224384
722432
936832
229632
332928
326272
644224
826432
249344
722432
228224
842624
663872
293632
822336
342272
238464
324224
473344
237248
239296
433792
322624
232832
724928
729344
223936
323328
667264
282624
342336
938432
282432
722432
386624
782272
484224
223872
746624
748928
272832
237632
223232
634432
926336
664448
222272
292736
222272
437632
364224
434624
242432
436224
292224
242688
873344
489344
227328
324224
482432
434432
223424
423424
263296

