2222629632
2223438336
2224244736
2228622336
2234324736
2236626432
2248372224
2272822272
2276999424
2283282432
2287222784
2293422336
2349992736
2364899328
2484338688
2633637888
2639423232
2643342336
2723922432
2736623232
2836242432
2873332224
2877493248
2882322432
2923733232
2996434944
3222277632
3222343296
3222623232
3232244736
3232343232
3232438272
3238299648
3242322432
3322674432
3323322432
3328722432
3423337344
3434876928
3462262272
3466937376
3472342272
3872727936
3922463232
4222328832
4232466432
4237422336
4264372224
4276242432
4322322432
4322723328
4328423424
4342367232
4426727424
4432223232
4432232448
4796983296
4969423872
4974649344
6232246272
6323334336
6332442624
6348367872
6449974272
6942692736
6979924224
7223634432
7227263232
7329377664
7363343232
7373322432
7422234624
7442233344
7672299264
7873479936
7928347392
8223399936
8233242624
8249278464
8332222464
8632479744
8642322432
8648736768
9332226432
9346223232
9382334976
9443423232
9822394368
9832223232

