823232
928832
239744
424384
474944
724288
332224
622336
988224
324864
972736
793728
682432
346432
834624
228224
483392
222336
274944
868672
639232
338496
674432
422464
277632
642432
344384
734976
279424
327232
479232
424384
222336
847232
282368
938368
267648
679424
328768
497344
276224
432832
472384
239232
636672
692864
422272
438272
638464
477632
346624
249472
322624
324736
322432
364928
933376
747328
982336
393472
372224
828224
667392
267264
283392
627264
323328
933248
223744
642368
993344
224832
842944
287232
322432
266368
277248
223232
643648
383296
449664
282368
286464
623232
772736
369664
239232
363968
332224
726272
243968
338432
429632
864896
348672
433664
247232
822272
392384
994624
732928
382272
297472
489472
222272
933248
887296
942336
962432
234368
823232
792832
343424
329728
222464
842624
927232
473472
633472
322368
266624
449344
882432
623744
827392
684224
422848
333632
393472
946432
367488
236672
276224
492224
323328
287232
378624
224832
466432
329792
373248
628224
243392
246336
483264
782464
323264
242432
273728
622272
826432
886272
632384
734272
622464
327232
239232
223232
244736
367232
737664
283776
293248
267264
729664
779936
672384
962624
933248
373824
722944
223232
733632
793728
227392
632896
226624
262272
287488
222272
692224
822464
373632
282496
342272
627392
763264
879232
372224
628864
279232
686272
242432
222272
897664
963328
222784
276672
838272
322944
924224
663232
732928
774464
286336
282624
873344
644288
297344
222464
263296
397632
376448
283392
243264
672384
777344
324992
493632
762368
438336
434624
726784
732288
927232
322432
326272
227776
482432
223424
478336
972224
233472
843392
247424
227328
228224
327424
262976
363968
826432
464832
247232
228736
424832
399232
729344
474432
332224
363264
486464
627264
833664
733824
622976
244224
343232
834432
772224
646272
927232
343424
882624
643936
282944
292864
733632
844864
349824
464768
998464
476224
493632
283392
246272
239232
347392
964224
437824
394432
932224
222976
329344
772672
233792
299648
786496
292224
363264
999232
372736
987392
344832
222464
884224
932992
273472
844288
386432
434432
786432
923648
724224
477824
272384
343936
423744
439424
436736
439424
322432
924224
728448
743488
342272
226432
237632
663232
662464
794624
724224
466944
274624
739264
282624
264832
396224
229632
743232
298496
274432
333824
932224
763776
873664
822336
332672
342784
836224
292224
932224
432384
262272
324864
926272
273344
383424
232832
774464
344832
932736
736832
483328
772224
838272
646272
329344
479936
422848
236288
367424
776832
263232
724224
243328
373632
439872
923392
236224
343424
992384
638272
228224
839232
773824
833792
226432
923264
337792
927744
862272
422464
727424
292224
873344
332928
847232
429632
293248
323264
293632
962432
837824
647424
228224
648768
443776
722688
386432
428224
382336
436224
877248
462272
268224
823424
263232
342272
962624
239232
242368
439232
733632
472768
367232
744448
882624
669824
226624
447232
932928
396736
377984
222336
228224
834368
922432
277632
679424
483648
243264
894272
927232
479424
497472
434624
262272
326976
888896
462272
263232
722432
793728
247232
446976
729472
282432
343232
493824
794432
377344
239424
332736
933376
324992
986432
222336
692224
824384
243392
944384
837824
223232
244928
647232
229376
426944
823232
324224
836224
266432
793472
734336
444224
668288
943232
726272
243776
442624
239424
243328
964736
834432
623232
437632
347328
932288
334336
242432
434432
962432
623232
242432
373888
923264
343872
327744
277248
239232
322432
324224
843264
334336
392768
234944
232832
263232
223872
262976
247296
649792
668672
837248
622336
742272
868928
326336
263424
327424
836224
783232
444672
223744
222272
223232
242368
474496
229376
333248
363392
244864
633792
748928
866432
272832
297472
663296
823424
262784
323328
422272
342272
343424
424832
243328
263424
247232

