
2474346496
3979282432
4343934976
6243262464
6733748224
6882383872
2744986624
2236434432
4767463424
2663732224
4936247296
7322343424
2672483328
4427249664
2843743232
2373496832
2622328832
3482292224
3248692224
6293727232
3823934464
9778832384
3767222272
2783336448
2446222336
2462482432
2662774784
2367689728
3927263232
3429993472
3732363264
2238862336
7464334336
3323922432
4332434432
4637672448
3433929728
4264224768
3479263232
2279442432
2328244224
3427423232
2833272832
6638262272
7622879232
2738422784
3229622272
7336466432
2394723328
2432274432
8674228224
2284263424
4327222272
4773343232
9262823424
2267327488
9964383232
3246462976
3879733248
2244622336
6864699392
6272268288
6623378432
2726729728
7667342336
2424633344
2248246272
2274793472
3927734272
2236684288
7623822336
4442636288
4234463232
7934943232
7242268672
8332263424
6232246272
4423263232
3323644928
7238243328
3234783232
3226642432
3462324224
4632287232
2492222464
2464223232
3423634432
4432487424
3432334336
4243423232
4234422272
6237492224
6242363392
9222228992
2743222272
2223927296
3344396288
6347666432
6243433472
3496423424
6439732224
2922847232
6327222272
2334324736
2283623424
2462972928
2376372224
7849673728
2473274368
2236239872
3347423232
3493736448
4223372288
3696248832
4843922432
9734633472
2327436288
3696948224
2482382848
8683292672
3922322432
2324242432
2672999424
7483963392
7428622336
2373687296
3228342272
4249342976
2328722432
3268222976
8397627392
9962422272
2733237248
3339337728
2722322432
8834424832
9363277824
3224336384
4244429824
2622687232
2294324224
4298232832
4262283264
9343463424
2227923968
2786484224
8673487872
2362836992
4344244224
8739423232
6289682432
2672223232
2493323264
4273332224
6244323328
4474299392
3382879232
9223826432
2432223232
2222332928
2372236288
2632379392
2323226624
2374334464
3272423424
6342324224
4732432384
2327422976
3336927232
9762834432
3927222272
6268233728
3842228224
4674322432
3232333824
6333338624
8333279232
3336696832
7272223744
3943636992
8332982272
2232733696
4742223872
3742439424
4327692288
6929383424
4337332224
2242322432
2274842624
7832244224
8262247424
9286623232
6229942272
9224372224
6362266624
6223327232
6332727296
9674344448
3773727232
2232372224
2362473472
9322232832
3429482496
6662243328
8633234432
2843834368
4423333888
3823246336
6423337472
2237663232
3728333824
8377242624
2222226432
2344476672
4377239936
2764243968
2497844224
6442339328
7222349824
7327627264
4224272384
2223222784
6422226944
4438324224
2823272448
2483474432
3274622976
2334328832
8244677632
6278392832
8932363264
9744283648
2228622336
9299432448
4248244224
2683674624
4248393728
6622222336
6238947328
2423222272
3622627328
4424927232
2772344832
2337337344
6242444288
3274343424
3273228288
2322962432
7222392832
7673336832
2473234432
6924468224
4298962944
9722322944
9844327424
4233242624
6429663232
2726326272
2442642432
3628828672
8727273472
6438692864
6264824832
2836622336
2947344384
3223263232
6922932224
3978872832
2424927232
2422243328
2622364672
7269496832
6427467776
2224333824
3229722624
3462863872
7222226944
2774923264
7392223232
3222239232
6296244224
8234723328
3223222272
4846482432
4924726272
3347324928
7264282624
2822923264
9493223424
3434396672
7433293824
3962683392
3948729344
9226876928
4232999936
2624233472
8247779328
6378266624
6334624768
2637842432
6336722944
8824228864
2234343424
2974332928
2237236224
7466422272
9339679232
2727267328
4832827392
2332473344
2836242432
3674939392
4349724672
3297424384
3923342336
2772323328
3223732224
7423634432
3274292224
3233334272
8429364224
4332263424
4336823296
3694362624
2243738624
7239826432
2343483392
3426386944
6328763392
4642962432
2823243776
6232986624
2832223232
2493663232
3748622336
3422738432
3422943232
7932383232
3323646976
9249332224
2746437632
6273334272
3266322432
2743867392
2349238272
6323994624
3892429824
3276623872
2437864448
2992233472
3826747392
2223284224
3266332672
8727322624
2383222784
6282678272
6272223232
4264927232
6243639296
2832822272
6344976384
7428236288
2372662272
7263926272
3432374272
3222623232
4936374272
3233462272
6247243776
4864292864
8278623232
3976732672
7723829248
3223348224
2422239232
6323924992
2678326272
2322424832
4222369792
4646674432
7232479232
3828762624
9283643392
3668276224
6332982272
2392844288
7622392832
9722324992
2428726272
2624632832
2243423232
9223737344
2432223232
3974223872
2323397632
9347277824
3283892224
6237364224
9239222272
3992246272
2222222336
8329242624
4942624768
2244472832
4626322432
3647924224
4747666432
7693748224
4463796224
2378323968
2333243392
3333429248
2366644224
4226428928
3244342272
3732639232
2224948224
2333263872
7642343424
7382623232
3873334272
3333837824
4234422272
9878324224
7872442368
6633293824
8433247232
7268922368
2692677632
2327732224
2862283776
3268447232
2664374272
3332242432
2427623424
3932427264
9434422272
9623222272
2224782336
2234232832
6922322944
3284662272
2242332672
3422292992
2632246272
3323333632
6233448448
2437947392
2448438272
2729332736
3242384384
2672436224
2436724736
6449887232
2362437632
2376372224
4762294272
7232246784
6228242432
3862428672
6782332928
3336628224
2284327936
3234233344
4822776832
3488223232
7292729344
7324643328
2299292672
3762424832
2779282432
6232377344
2737332224
4376246272
4692283392
4222772224
9226949632
2296722432
4337332224
8323232768
2338932736
6294283264
2263783424
6394272768
4268493824
2426443776
7632282624
6242868224
6462476288
3632246784
6329289728
2329823232
3723282432
8232722432
2626678784
6277433344
2366226432
6642638848
4623337472
3392223232
6648233984
4363444224
4426788864
8228432896
2973622272
7228639232
4242424832
3462623232
8232629248
2242446336
4427493376
3496228864
2332343296
4263222272
6273332224
4829263872
8243423232
4233974784
7462462464
4732643328
4622222336
4222738432
2732242944
6624223232
2237364224
8349287424
3246249984
6226322432
8793247744
3332622336
2322277376
2732263424
4292937728
3887327232
4224479232
3936743424
6367429632
2427469824
2963382272
7242932224
4264927232
9634444288
8222222336
6228793344
3239323648
3322422272
6933624832
4922642432
2487273472
7283726336
7324776448
7223373824
4322294784
3237787648
4623284224
7329332224
2673993728
3943783424
2472722432
4823222272
9239824384
2229942272
2388622336
2622267392
3394787328
3923397632
2964728832
3984822272
2832924672
4833422336
4362422272
8464267264
2249979392
2242684928
2328692736
2726674432
2926222336
6323423232
6334478336
3476639232
2483724288
4293362688
2233242624
3374774272
7223263232
2674832384
7323932672
2232244224
2283249664
8326994944
2266293248
6436634624
6223378432
2949223424
2698446848
2337342464
2272229376
2427423744
2472464384
2294367232
8263263232
3229494272
7222236672
3444434944
4872374272
6932794368
6427472896
2283333632
2477432832
2243743744
3772222464
7232438272
2342223872
2676323328
4933727232
2336283648
3626228736
2244242432
8973842432
2794463232
3222943744
7229323264
6423222272
8947382272
3964229632
9228372992
3272244224
3263423488
2773429248
2263732224
2443743232
2232224768
6724276224
3996923392
4694239232
2848436224
3433293824
8226793472
2274922496
2433462272
2673332224
8629323776
8928442368
6422632448
8334823424
4243666944
2848223232
6228242432
6663324672
6633468928
2228242432
6429326336
2982223872
4322742272
4722399232
3824923648
3433234432
6263482368
9238247424
9363662848
3424333824
4374239232
6329972736
4833462272
7422226432
2222644224
2343647232
2786322432
7663429632
2343288832
6228323328
3732344832
2842642432
2223732736
3992462336
7288223744
2889336832
9342932992
2396442624
3232794624
3677236224
3232924672
4423247872
2324242432
3229233664
4268263424
3832937472
3822224384
2622734336
2326247424
2938783744
7624927232
4337338368
2384483328
4222224384
4244472832
3928244224
2269364224
3328698368
2247892992
6662264832
4222267392
2992232448
2442268672
4432822272
4292276224
8234422272
4422326272
3837883392
6323277824
7326644224
4829266944
3226299392
2424978432
3326394368
3832338432
9292833792
8862222336
2392233984
7433872384
2822633472
2333236224
4434322432
2888393728
4327647232
7337234432
4262642688
2483237888
7962974336
2223333632
2227832832
2329362432
7232223232
2722428928
4229262336
3763423232
7272677632
7246262272
2762294272
3232483328
2764392448
2436728832
2636264448
3826484224
7734462464
2936338432
2274868224
4263323648
7223732224
2336673792
3332427776
2326243328
7422322688
4264722432
3262398464
7222239232
7442962432
4373737472
3722932224
6287634432
4622249984
4444383232
4786233344
3737278464
4922964992
7467446272
7222623232
8248424448
6224922624
8332244992
7232333824
2734328832
3223783424
6939674624
4247222272
2324447232
7222392832
2344822784
2848227328
3927442432
4722228224
2722783232
7232223232
2442768384
2474427392
8436626432
6848223232
3274932224
2239642624
2632722432
6242296832
7222249472
4333262848
2397238272
8633244672
4476342272
8773262336
4837347328
3362633728
6473322496
2822324224
2462244864
8232722432
4226742272
4267322368
2233278464
3243977728
2242742272
2882428928
3332472832
2938297344
7432446976
2844342272
3943327744
9249723392
6668724224
2772327424
6224822272
3632969728
3294277632
3222738944
3322437632
4463839232
2364833792
2398234624
9239329792
2233628672
2623224832
3297363968
2733289472
8237344768
3727243264
3236447232
4223634432
3276347392
2468293632
7429224448
2224746496
9427423232
3379262464
8282292224
4373774336
4262324224
8732698624
6643484672
2223284224
4824348672
7433234432
2389942272
3228229632
8422836224
2886264832
2328629248
2826267648
7326332928
4432372736
4277223424
2433424384
2248246272
8644293632
3634834432
3644724224
7329492992
9244776448
3343929344
4923428864
8363282432
2842292224
4433332224
4444237824
3224372224
8277776384
7742324736
6378382336
2424379392
3782286336
4247732224
4723943424
4242484224
4273339392
2389663744
9842363392
6832274432
3262334976
2332729344
4423324672
2676242432
4294223872
9948237824
8227228672
2366234624
9342943232
6322742272
3322677248
2364346368
2833426432
2462267392
8324327424
4339726336
3222646784
2363367424
4744423424
7442363392
7329639424
2266898432
2372327424
7243282432
2347794432
2292472832
6232246272
4336483328
8233322496
4289844224
2332664832
3246328832
2424372224
2742226944
2282238976
4763333632
4742268928
2493323264
2778292224
3262943232
4323789824
7223263232
3643249664
3262482432
4742326272
2462874624
3782469632
2832233472
7722467328
3333433344
2432438272
3467932672
6336289792
7292229632
3239934976
2423732224
3722463232
2242473984
9263294464
7337464832
4294247424
8772293632
6228476928
4424433664
4436363264
3492283392
8943284224
3726234624
2332444672
6428222464
9323743232
4737332224
4468447232
3292222464
2262239232
4988647424
6223967232
2232889344
6627723264
7623222272
3338293248
2223327232
8782697472
9243384832
4242233344
9673833472
2333724672
2263227392
2442386432
3442337792
6428442624
3424268288
9443423232
3264223232
4726623232
3843229696
4437622784
3342286848
3436233728
2293786624
2236366848
6922932224
8339492864
4227433472
2624232448
2326248448
2622226432
9334629376
6239839232
3332728832
3333428224
6492427264
4368823296
6824287232
6223337472
9323973632
2622779392
3363262464
7926226944
2228622336
2992232448
8843333632
3334843392
3248863232
4223222784
6338842624
3632223232
3924762624
6886324224
3466872832
3283832832
2324933632
4273332224
9737242624
6279272448
3424822272
4333876224
3224628224
2462644224
6223476736
2364776448
4427833344
4437624832
6677233664
6236649472
2723269632
6263422976
2327263232
9293236224
8469343232
3367962624
2273343488
8263348224
6724626432
8284383232
6327373824
7643623424
3237684224
2876434432
8294326272
2736668672
3439248384
2783327232
2244342784
2922829824
3432884224
2276327424
3222392832
2377273344
7484724224
2249362432
2246924288
8836677632
2236428288
2937823232
3848462336
3949279232
2298273792
2223437824
9274727424
4862943232
2477343744
6843384832
8293943296
4232224768
4922292224
4734267392
9248489472
3342244864
9274232832
4864779264
9364329472
2333243392
2223642624
9322932224
2924237824
2882637824
7324724224
3922322432
6222234624
2642296832
9224244224
4882322432
4648633344
3246222336
3283339264
2744927232
8332698624
2263222272
4426344448
6738494464
2438324224
3323369472
3629663232
4228662272
9382623232
2762422272
2326243328
3642492928
3992223232
6234847232
2832973824
2864372736
2347323392
4426422272
9743284224
3642939392
9248443392
2223634432
7826446336
2822776832
2333722624
7322437632
3422644224
2647222272
2249332736
7637347328
7386382336
3628383232
4248233984
2472244224
9632722944
8284266496
3232223232
4249632768
3336244224
9222426624
2224436224
2272822272
7326226432
2323679232
6423263232
3462326272
3632282624
2226292736
2229262336
6222364672
2286449664
7222239232
2624376832
7638926336
2386322432
2434228224
3233332224
2497333248
4293224448
3222634496
4743222272
3447322624
3662224384
9243239424
4376433664
2432227328
3267226624
3623227392
6642663424
8222862336
3387743232
4428383232
2429323264
3322294272
2622772224
3336223232
6393227264
2224333824
2246623232
2679742464
6643984384
4226373632
3632223232
4623843328
4324222976
2769823744
2343962624
9264487424
6222267392
2423222272
2238334976
4228277248
6338424832
3432372224
3242324992
4424927232
4734748672
3322294272
2232633344
8922293248
3872666624
4732273664
9224249344
4222324736
3634333696
4792246272
3438226432
3962423296
2263647232
3448479744
6684442624
9833329664
2432223232
2432922624
2639224832
6322332672
3427482624
3683342336
2492726272
9262774272
2282723328
3222223872
2228286464
3394844672
4228236288
4637929472
4299237376
8423989248
6633823232
4324242432
8349323264
6874723328
2664822784
7228347392
2448922624
8232423424
9247224832
2263732224
2442382336
3226292224
2263373824
2332683264
2298463232
2367442944
3793846272
7232274432
2422974464
6337383424
4474297344
9243623424
7246492672
8337332224
3283482624
3224334336
7322437632
4743826432
2344223744
2832676864
4248799232
2327322624
9233383424
8223286272
2632722432
3474279424
7233642496
2449972224
4424346624
9223272448
2344224768
3934862336
8226742272
3272372224
6266292224
3322232832
9873844224
2343796736
6278426624
2362339328
2234343424
9333387264
7227326464
3224336384
4633464832
2438623232
4682422272
2693343232
2323228672
2744338432
7383834624
2784223232
3462928384
2497934336
2633823232
2632287232
2748229632
6238224384
2637343744
3749942272
2263647232
4393336832
2327442432
2464227328
7492323328
3282422784
7238239232
6442272768
7336884224
6223927296
6922322944
6292242432
3778322432
6263822336
2982239232
2223843328
3329247232
3327963392
2432223232
3423734784
4444982272
2822823936
6982964224
3344922624
4423476224
2929234944
4729423872
4394847232
8249447424
7438226432
4294324224
2227994624
2492643328
6272223232
8273436672
3743224832
4424244224
4282364928
2328682496
8224223232
3467674624
3923448832
8822247424
4226424832
6227638272
7343327232
2396264448
7248437248
6326349824
2872233984
4422627328
2833383424
2927433728
6247732224
3223282688
4262887424
6723233792
6426343424
4448272384
3382329344
3644726272
8229233664
2383222784
2273272832
3242934272
3229799424
7934277632
4462262272
2364724224
2472732672
4679227392
7328822272
3932222464
3323444224
8373347328
3666746368
4774969344
2722383872
3948327936
3824223232
2933439488
2932447232
2327222272
8224284672
3268276224
8778322944
4224487424
4873443328
3942623232
2248372224
9332242432
7473396224
6223444992
9374262272
2434233344
3973679232
3324724224
3776699392
8343222272
9348282368
4994787328
8923833344
2322842624
2338322432
2796233728
3426742272
8924276736
6279332864
3463222272
3443623936
9296223232
7982226432
3443263488
7326823424
7629236224
2498622464
4432223232
7247337472
7239327744
4423732224
8322332672
6633232384
6483226624
8328773632
4224223232
8822367232
2232244224
2233742336
6332342272
3466343424
2843922432
3462436864
9228432384
4233882624
2423263232
8224339968
2327263232
2728628224
4232978432
2234723328
4232346624
7848433664
2342223872
4222793728
6323433472
7238879232
6336223232
4222923776
4232244224
3862223872
3262222336
2368722944
2362932224
6836238336
7238846464
2928293888
6994932736
7836233728
6242322432
2727497728
2963637248
3883743232
2298729472
2228242432
2922382336
9234282496
2429622272
4324726784
2222224384
9222426624
4469223424
2636623872
7227833344
2342228992
4743322624
6424338432
2722484224
2684626944
3822442496
4482322432
6464443392
4622774272
4847372288
3224722432
6267922432
2699343872
9338934272
2242848768
7373983232
3432633344
6283333632
2227236864
4838264832
3424223232
2226292736
4232873984
9282233344
6733748224
3233934336
4284473344
9273823232
9626292224
7668293632
4327378944
2334623744
3224763392
7222249472
8439924736
8226383872
2337972224
2433437696
4844939264
6337422336
6224282624
4322279424
2337337344
8494222336
2293843968
7373663232
3272228864
6272272384
3472463872
4234382336
3293927424
2324242432
2838284288
3297462272
3347832832
9828263936
3223483392
3933492224
9632924672
2228472832
2332342272
8262223872
3946422272
4242742272
3429372928
2433332224
6746949632
7242934272
4224666624
3237343232
6984287232
2272743424
3226322944
4494262272
2247962624
2276276224
6933264384
4222943232
9223292928
8372626432
3243449344
8464436224
3389622272
2743222272
6224227328
4837496832
3662322688
7872922624
2982243328
2447627264
2262324224
7372639232
3462428672
4729383936
3249977344
2223463424
2722322432
7224372224
3328867328
3492622336
8347239424
7232233472
4384223232
4624244736
7449626624
6972347392
3892238336
4432333824
2772327424
2472378368
6684792832
2322934784
2226422784
2628687872
8342239232
2383847424
8222943232
3263632384
4326367232
6324432896
8244429824
3622324224
7243333632
3463263232
3833234432
4426723328
8632372224
3622733824
4244276224
2423924736
2633234432
7224628224
4734773248
3424382976
8267743232
4223924224
7382923264
4244923392
6647223296
7246332928
8722637824
9493323776
3948662784
2427623424
2244634624
9849268224
2623883264
2278623232
7334326272
2922422272
2446943232
7492626432
6733326336
3334223872
3442399232
4222674944
7928293376
2373428224
3437494272
2338893824
2948276224
4422239232
4433294336
7372622336
4436447232
3782367232
2232374272
2273424384
3882484736
2974236672
6262634496
2462262272
2293343232
4337332224
2243467264
2246964224
2223378432
2232336384
3732233472
7434292224
9644343296
3443964928
3424274432
4683424768
6338238464
2662838272
3946932224
2327822336
6323226624
7493223424
4836276224
3232863232
4222492672
2384487424
4246226944
4428942336
3936436224
2482322432
4438392832
7493262336
6242373632
3948244992
4739832832
2262674432
3632283648
7634443264
4492767232
8642629632
4673247232
2624284672
2423284736
3937746432
3444923392
4422428672
2432442368
8422776832
8423476224
2938232832
4674962432
2232246272
2694923264
3428363264
8239327232
2662733824
3929274368
3923423232
2644222976
2232338432
7622862848
6342433792
2274332672
9297887232
4222388224
2423826432
2349237248
2792682496
6224693248
2272297984
3264223232
3642994688
3772239872
3223486464
3262687232
6288223232
2289846272
9344329792
3834682368
4263862272
8633483264
4678239232
2292447232
6438633472
4343476224
4279263232
2437343232
6734234624
7993422848
6483232768
3333684224
3922747392
7622239232
3432249344
3329247232
4384227328
6283986944
6943924224
3336822784
3226324992
4663222272
8226622464
4496234496
7234842624
8793628672
4326772736
2373942272
3476447232
3372474368
2792372224
2664244224
6346932224
3224233984
2332299264
3364427776
8423237632
3322642432
4672446464
2232423424
6723482624
2363743232
2298463232
9264436224
8862234624
2343694336
3742222336
7388242944
2369333248
2443879424
2378766336
3722228736
6263442432
8247267328
2833823744
4338366464
7262646272
7632227328
4473439232
2222823424
6748442624
3682322432
2426744832
2392846336
6386229248
7439228928
9273227264
3334324224
3624372224
2839222272
9472223232
7232874496
2872244224
4226322432
2234343424
2936223744
3342647296
3823634432
2763282432
2333663232
2424297472
7882292224
2492662784
4626637824
2773362688
3229239296
7264223232
2332223488
2482873344
9342222336
2843726848
4936722432
2897934336
8724323328
7277622272
2372323328
4278239232
3248223232
9424446464
4732387328
3724428288
2622239744
8994322432
7742222336
2829723648
9624436736
4474292224
8822762496
3772833792
4942623744
4422239232
3428276224
6368782336
4239327232
2236242944
9423222784
9272244224
4264372224
2727834624
6423369728
7492472832
4232884224
3734329344
9232223232
4423227392
4876383232
2399224832
2326243328
3223246848
7433846784
2947423232
6832223232
8422367232
6234272768
4222777344
8434322432
2323922944
2232479744
2836323328
7963922432
2973722624
3782633472
2366347264
4622693376
8983332864
3776743424
2432223232
4343322624
7632692224
3329373696
2324432896
2942324736
8239822848
2823826432
7246644224
3976244224
3963377664
4228626432
2237732864
3372724224
6366492672
4733428736
2673462272
2439263232
2673982464
9222324224
4486623232
7222623232
7228444672
2223634432
2322724864
4322322432
8923676672
3267262464
3428328448
2822264832
4277372928
4246943744
8364624896
7328223232
8634663936
2428383232
6944436224
8463327232
7223332864
3362827264
4288837632
2687243264
8983222272
4734348288
4362343424
3442367488
2734364672
2422239232
3343839232
3223222272
7924278272
6243489792
7222966272
3424743424
2269323264
3423327232
3824479232
2922422272
3246836736
4679272448
8242443264
4476222464
2226332672
6248246272
7733223424
2893323264
2832973824
7922233344
6922422272
7273362432
4326326272
4844222464
2273743872
3727224832
9622733824
6334263296
2262226944
3283279872
2222927872
3234322432
4334262272
4662966272
8246846464
6732383232
2974222336
8632696832
6677223424
7672722432
2622923776
3623237632
3627433984
3324342272
4744474624
9333238784
6893492224
2883229696
2322322432
6846222336
2923726848
8773326848
4734234624
4492683264
2646623232
2323489792
8242676736
3344282624
8488722432
2663222272
3792333824
7432297472
2239926272
3266233344
2824886272
6723226624
2828383232
2432223232
3422793728
9974632448
2234427392
3376223232
2479327232
2923292672
2286222336
2423647232
4226322432
8436922368
2892468224
7462324224
4644277248
2962333696
3323633664
4223337472
8426292224
2292327424
8723423232
2227994624
2222364672
2342367232
8386322432
4373223424
4249483264
6477236224
2692364288
7232233472
2729234432
6927327232
7262226432
2349236224
7687399424
6224782336
6242322432
2668229632
4624223232
2423734272
2886226944
4393273344
3422328832
2246286336
8343222272
9348242432
6327327232
8348383232
8832233472
4422249472
2323433472
6622943232
6822223872
3449724928
3484729344
9942843392
9343438848
3666249728
4426386432
2226743296
6322228224
2487226368
3322226688
2336438272
4262239232
2849938432
2366222336
2237927424
6824223744
2369974272
2676242432
3276229632
2633782272
6222222336
4632287232
8342239232
3224383488
3746332672
4323383296
6422729728
3232223232
4676242432
3477433344
8327442432
4324242432
9322932224
4223924224
2969273344
8422923264
2438623232
3244623872
3742277632
4224282624
3232724992
2222234624
4396263424
3243828224
6363363328
3932473344
4437686272
2383286272
3938622464
9224722432
3469627392
2222247936
9323237376
6844862464
6262623232
2263286784
7322964992
3349727232
8442386432
6823348224
7882642432
4962228224
3227423744
2273332224
6229433344
2629347328
9472446464
7332922368
2226322432
4224233472
7646482432
3363382272
4263399424
4222222336
6846222336
2486392832
2224439296
4363242496
3223988224
3287332864
2278674432
9432372224
3242293248
2426426368
4423327744
3672334336
2322377728
3442443264
2223476736
3437493248
2996388864
2243427328
4332428288
3323623424
7224334336
4272223232
4742326272
9224927232
7932393472
2642399232
4432794624
3843342336
2226484224
3277283328
3429279232
6686226432
3327743232
9397343232
3222324224
6329933824
7323339232
6237332992
3866422272
2296373248
4227277824
7233332224
9324342272
6944233472
2733728768
2866337792
3737372672
2362422272
4236933632
3293923328
3479327232
2427922432
2272223232
2272743424
2463967232
3273268224
8824223744
2224479232
6272282624
7242232832
9432246272
4332324864
6333236224
6473823232
2432632832
9377272832
8282932224
4826463232
7323232768
9668282368
4222222336
2274834432
3222329344
9333829632
3863732224
2273334272
3436222464
9474832384
2249447424
2266232832
4423322624
7399222272
2229663744
3378343936
4222283776
4423284736
6868323328
9228427264
2969232384
2678838272
7476342784
7236626432
2242343936
2933374976
9323444224
2992223232
4737434624
7337443328
8782388224
8236647424
2672223232
9646247936
3242932224
4924372992
3622623232
3343244288
2332223488
4734222336
3333226496
2233423872
9336297472
9344479232
9792739328
3328232448
2988434432
7333343232
4773829632
3366733824
7462223872
8783429632
2664223744
3893233664
3463222272
9362322432
2869438464
4398262272
8249882624
3923836928
8844649472
4489742336
2387239936
2344297472
7272466432
2622234624
4282683392
4644447232
8424372224
8242424832
6432233472
4384694272
2432223232
4328383488
2222332928
8337639424
2232634368
4436728832
2844982272
2326326272
2864922624
3263327232
3238326272
3833322496
2263273472
3342844928
8336223232
2222732288
4428773376
2622732288
2972372992
2277226496
2822223872
3946693632
2369422336
2362847232
8776722432
3342644224
4232927232
3447222272
2322834432
4233626624
4466363392
8888338432
4439826432
4288722944
4426622976
6337982464
2322932736
2437223424
2737424384
7467833344
7297462272
2464632832
2247222272
2336692224
3232436224
3847223296
3322642432
7632233472
6223284224
4222234624
4833642496
9294823424
2334866432
3723323392
2324242432
6424332288
3277929472
9423926272
3482422272
2273642496
3434738688
2622774272
2622224384
2632722432
3728248832
2728423424
9764323328
3974923264
8629927936
7642447872
9328234496
8283297792
2998226944
6732263424
7233247232
6262239232
3682322432
3422476288
2492299264
4232374272
4272274432
2432442368
9347623936
3264694272
7377426432
4732944384
4349326336
2336232448
7422222336
2832227328
9444283392
6293233664
2222823424
7642448896
3233393664
3226638336
2447327232
7232223232
4832227328
3492276224
2272374784
6624628736
3239222272
6824863744
2294367232
2272822272
3324383232
9343222784
3433823232
7237428224
8624694272
4236327936
4422883328
2463327232
4322633728
7773622272
3643624448
2822367232
3347922944
7489733632
9437236224
2332387328
3234464768
4272223232
3332937728
6233228288
3823222784
4322783232
2329823232
2868622336
8322229248
6432274432
2662377472
4932878336
8794343424
2346422272
2843664384
6942222336
2272333824
4446943232
3692342272
8844342272
2668724224
9286223872
6236434432
3896884224
4926644224
8338322432
7383222272
7462247424
2833733632
2279223296
2939662336
3323922432
2282236928
7824223232
4272863232
8244242432
7334674432
3234228224
3292726272
4364626944
9677236224
2488423424
3366334464
3322322944
8372277248
4222226432
3232692224
6792287232
9637343232
3692724224
4663222272
2436447232
6233663488
3478239232
4843498496
6324279296
3273449472
3222239232
2732982272
7482292224
8637262848
3632244736
2728372224
2272272384
9926428672
3372832768
6693646336
8223224832
2379674624
2466486272
3933364224
4322234368
9333343232
3677622272
4433422336
2726223872
4278392832
3332293632
7292372736
9247934464
3742263296
9333786624
9283638272
2723828736
4762437632
8432272384
8226783232
2376466432
4963892224
3244263424
4694249472
3746962432
9942222848
9226622976
2937626624
2636346368
6224232448
2242332672
2826934272
3222923264
6743476224
3324724224
4433337344
3734268928
6234443776
4823476224
7448629248
2993426432
2932663296
3249247232
4247222272
2733238272
6923333632
8493749248
2272826368
2493279232
4268222464
6784233472
9424822272
8733223936
3639222272
3246748672
3823224832
6663349248
3242723328
3922996224
2368223232
2483423232
6374462464
3244627968
4496463872
2723723264
4292242432
3837622272
2222646272
4444229632
4932764672
3827382272
7924238336
4632332288
8842932224
2272223232
3463886848
9282847744
2937462784
8239243264
2373343232
4623224832
2299282432
3233332224
2276622336
9833342976
2832479232
4826292224
2464274432
7729272832
2834484224
2343877632
3248282624
3423442944
3262943232
3223332864
8826422272
7742267392
4322484224
9483323392
4228293632
4362232832
6232246272
3622327296
3344423936
9369268224
3343673344
6226448384
3224372224
2326923264
2964933632
8334734336
3392773632
4277223424
7398324224
2234294272
6423422976
6442386432
7943272448
4323228672
2223826944
2643273728
4326324224
2684724224
4337426432
6262324224
2632423424
7923472384
2224739328
3224722432
8266232832
2942364672
3223892992
4337846272
8393336832
9848423424
3827432448
3264739328
2739638272
2223284224
2336223232
2224248832
4227233792
3262623744
9434292224
4228327424
2334224384
6722622464
8827922432
6328446976
2322878464
8323922944
9226294272
6332643328
6248843264
9943322624
2623864832
2299368448
2922983424
4463736832
4338446336
3862462464
4288223232
4442382336
3483633664
2443922432
2343222272
2222437376
2227683328
8222332928
2432932864
2886836224
3839883264
3443423232
3644342272
3263246336
2322443264
9332323328
2393268224
6442437632
8343222272
3247327232
6629266432
2692327424
3222324224
4878772224
4237242368
4224232448
3234633728
2383967232
4734263296
3223373824
3332242432
2284342272
3377846272
8234423296
2298693632
3242447872
8266322944
8642893824
7234322432
2333288448
4729234432
4427937792
2383847424
3933923328
2323269632
2274228224
2633486336
9238923264
2933224448
9277364224
3879862272
4362427392
2672822272
3294364672
8322494464
2447374336
3764323328
3239222272
2432282624
2949343232
2386422784
8322228224
2473234432
8222222336
8322834432
6383429632
6287224832
3232823296
3223222272
3897242624
4332222464
6263222272
6236383232
7284242432
7832423424
2762292224
2484337664
4628923392
2434228224
8272223232
4332263424
7634322432
2332639232
7232436224
6927337472
2332724224
4732729344
8322486272
4432436224
9424443392
8824338432
8449723392
2383732736
2433424384
8843282432
2289247232
9767478272
7392837632
9394424832
2243262464
2626929664
9393887232
8723448832
4984423424
7338422272
4293433344
3329343488
2733289472
2643662848
8472244224
7372383232
2628923392
6889232384
3629237248
2432223232
3798843392
3362424832
6484472832
4264426496
4278243328
4268622848
2332229632
2422327296
2223772672
2826343424
2782267392
2669326336
4844442624
7837242368
2932344832
2266832896
7832863744
9384372224
9223647232
6293983232
9623222272
2767243264
7622674432
2742462464
2326334464
8734262272
6444982272
4384443392
2233234432
7343327232
3232223232
3334249472
4274873344
2432823296
3223272448
2233439232
3272433664
2338972672
2343348224
3264722944
4238482432
3634228224
2347282432
2893722624
2462226432
3766239232
2227282944
7622243328
2224822272
3322422272
3423346688
2632733696
2222793728
3642339328
4337332224
2327222272
2622774272
8278433792
2369298432
2722228224
4727322624
4942262272
4822264832
2324276224
4962322432
7262222336
6734324736
3429223424
4264884224
2246324224
3362362368
2893492224
3246823424
4263222272
3282233344
2622777344
8372762624
3229428736
4624248832
3348447232
4228634624
2397663232
3262236672
7242422272
2323832832
3222324224
2224223232
3262772224
4274228224
8242332672
9324434432
4663348224
3862288384
4838324224
4323964928
2263222272
2323284992
2922642432
2923292672
4462224384
6732347392
4432336896
4636222464
4323423232
2224227328
2288244736
2422667264
7279222784
8347333632
7324263424
3274339328
9232398336
3229622272
9222264832
3336244224
8223678464
4276328448
9642638336
3487243264
2228378624
6322296832
2226962432
3776423936
2433439744
2496223232
3238836224
2626424832
4432223232
7299262464
2832822272
6727263232
2324327424
2673833984
2482463744
2284982272
2922379264
3628342272
4863642624
2498322432
6673332224
3272722432
4422326272
2348647424
4424374272
6396622848
7742644224
6242444288
3272423424
4234422272
9392284672
7367322624
6763282432
3674292224
2373429248
4894824448
3937426432
6232372224
3422442496
2272274432
4744986624
2328884224
2263647232
2626238464
6393337344
8444473344
3332276224
8724963328
8967734272
2238292992
7264822272
4726326272
2433332224
2872424448
2822367232
4423337984
2732643328
8638833664
3432244224
3228432384
2623732736
7232223232
6336223232
7234228224
6432442368
2323724288
7242737664
2366226432
9222324224
2667278336
2272479232
6432822272
2444627968
8434962432
3222262784
4247442432
2232223744
3232244736
2363333632
2264224768
8633234432
2362642432
2228447232
6326843392
2242322432
2237236224
2246247424
3927263232
3269837824
2628327424
3322847232
6924493824
2242249728
6263322624
2322446336
7483282432
3232223232
2423263232
6774239232
4224923648
3338422272
4422223872
2623463424
2493237248
2242373632
2422738944
3322642432
8426742784
3492363264
2279493632
6923363328
3632227328
4239926272
2239246336
7346366464
9232223232
7676827648
7392244736
3632242688
2486324224
3633342464
2932323328
4263322624
3627368448
2422239232
4636942336
4484329472
6822222848
2476942336
2433422336
3383327744
2832233472
4784437248
3622682624
2233268224
3376922624
2342836224
3222667264
4349238272
7249362944
2242322432
9242638336
8223926272
2432223232
2493332992
2438326272
4372447232
2242742272
2294473728
9469432832
4724622336
7922446336
4644923392
2336827392
6287284224
9446283264
4462633984
3677622272
2472372224
3462243328
3773364224
4793396224
8424773632
6422286336
2363973632
4636342272
7222239232
4346463232
3294943232
4224223232
9972242432
4866292736
6883723264
2334772224
2387423232
2424374272
2426472448
7348327424
2284263424
8326939648
2268387328
6472773632
2322742272
7623222272
4426422272
2266744832
2267444224
7274292224
3722932992
2424732672
2392244224
7432372224
2733492224
4644282368
4632223744
6343222272
8348664832
2736223232
6872628224
4298723328
7462239232
9422866432
4322484224
2747323392
2434424832
3294388224
2763487232
9833228288
4336333824
6224442368
7242232832
2474324992
3264724992
2833426432
3349727232
2483484672
3832224768
2372622336
3932342272
7322384384
2223847424
7762234368
2632383488
2449343488
4446244864
2488722432
6673334272
3372233728
8362422272
2242343936
2644278272
8394932224
2474427392
2826294272
6437343232
2232628224
9377333248
3227363328
2264737792
2632773632
3226484736
7239647232
8762426368
2284792832
2863327232
3267748864
3728436224
2484293632
2222442496
3229929472
7834232832
9262262272
3822224384
7392233472
7222243328
3336988672
2922872832
2636767232
2233742336
3636283392
2822378496
2673332224
3647284224
3424438272
3229842432
6342629376
3742226432
8424249344
2423237632
9282832384
4333279232
3283623936
3842228224
3273322496
2429323264
6249244672
3272374272
8373428224
6983263232
3222632448
4224223232
2774239232
6322322432
2722673664
2274783232
6244644864
2339277824
3273486336
2936372224
4222244864
3232223232
2643232768
2223884288
9623222272
3446222848
3484229632
7342362624
7927322624
4432287744
7724442624
2222226432
2723432448
2233842688
6223839232
9642232832
4372662272
8234343424
4464693248
7262292992
8323423232
9733343232
3742674944
2823479296
2326239232
2232722432
7499743232
2636792832
6642747392
2722842624
8436662272
3272334336
2733927424
2334237696
2742239232
6396726272
4229279744
6469343232
2263263232
4282294272
4833972224
2234344448
3296436224
2464863232
2233234432
3228473344
3298742272
7827636224
4983222272
8724242432
7223222272
3443273728
2746422272
3926324224
3246772224
2422324224
2223222784
8242842624
7326439424
4432739328
8923423744
3462334464
2432692224
2222388224
3226343424
2388283392
4962322432
2946322432
8783284224
3462623232
4433272832
8289332224
2363828224
2222773248
3363262464
2327243776
6449844224
2432223232
6324327424
3296223232
2244622336
2363282432
9438823424
2242373632
2282422272
8263422976
3322232832
4326222848
4733338624
7273234432
2639228928
2279323648
7223476224
2233273344
2676926464
2734687232
3222429696
2227429376
2332442624
3322324992
2722386944
3262874624
2622234624
3228944384
3424333824
2344927232
2233294848
3622623232
4243324928
6639284224
4396724224
6229223424
2722373632
6242832384
3224393728
8223327232
4222347264
4293438464
2666379264
3332327424
9332242432
2284434432
4272438272
2424332288
2648466432
6633362432
7344232448
3263823872
2772328448
2349622272
4262926336
8942222336
2762322944
4322742272
6663348224
2342224896
3463237632
2744423424
8222393344
4382222336
2363423744
2382324736
2448443392
2432628736
2243939328
6424722432
3646263296
9242292224
6234932224
4442292224
3242343424
2987828224
2792372224
3276222464
4723227648
8232886272
4298829824
6278326272
4962322432
8343783424
4697234432
2729234432
8682422272
7637332992
3247228928
3282233344
2237323264
2636242944
3343327232
3237224448
3234622464
2726324224
6366782464
4224487424
4424722432
7972242432
4424474624
2822264832
2227474432
6947342336
3432372224
3822932992
7649247232
2949429248
3492447232
9496372224
3373324992
3243638784
2722422784
2234763264
2223924224
2663348224
2674783232
8222732288
7928762368
2222676992
9263473664
3264468992
2232223744
2632466432
7296694272
4266343424
3272373248
2322229248
3428283392
7392436224
9234343936
9234233344
7728443392
4226332672
6942222336
4462347264
6282422272
3734839296
2362642432
8922232832
8672232448
3732242432
2493663232
2464823296
2284264448
3622836224
4483766272
6223827968
8667282432
2943694848
3734843392
2683242496
4239286272
2833844224
3324367872
3328743424
4342623232
2362343424
2227226624
4288223232
6489742336
3238324224
6434322432
4732469248
2493279232
2347743232
3383222272
2727263232
3382627328
3672423424
3824272384
2746343424
7462627328
2326926336
2262863872
7233938432
4326623232
7626437632
2263263232
3662388224
2622222336
3862623232
6263222272
3423337472
2372732928
6223722496
3972662272
2844383232
3942943744
3892242432
2672437248
2242489344
2222262272
7288244224
6739433472
6328843264
3228342272
3236323328
2274228224
2633637632
7434467328
7467833344
2322292736
3633434624
3622926336
2442273792
4362232832
4397237248
2228922368
4679322624
4264423424
8636442624
2263284736
4368822272
4434783232
4722399232
8322322432
2232634368
4242322432
9363423232
3232232448
4322363392
2293772288
7722933248
3266388992
4332372992
4248246272
7234228224
2843999232
3926228992
3294332928
2423284736
7432423424
4428222464
7432722432
8264247296
2377234432
2677646336
7433244672
3963384832
2274322432
2447273984
3677622272
2232382464
6842232832
3398923264
3822326272
4437262336
3263926272
8322996224
6292242432
4674322432
3282484224
2498296832
9442399232
7347342336
3622247424
6846324736
2493364224
3866382336
3833882624
8223246336
8633232384
4273439744
6626292736
4862388224
4224223232
9743796224
7872223232
7226232832
2236432384
2843828224
9694943232
3426629632
2374329344
4636432384
2446222336
2423286784
4272822272
3932239872
3224373248
2982623232
6293343232
9322339328
2342324224
2368223232
3234332672
4246943744
2233823232
6363922432
4327274496
8232346624
4423373824
2822923264
2922422272
2383327232
2426463232
4443282432
3222733824
2247227392
4226383872
4824763392
6222267392
7224462336
4222226432
7746332672
4293327872
2322228224
9272373248
2332229632
6344334336
7332882432
2343272448
3238223872
2648633344
3233723392
4368329728
3338346496
2893323264
6324323328
3234373632
7832246272
6224232448
3824282624
8662887424
4723382272
3233797632
2642238464
2234683392
3446846464
6242443264
4636647424
3663286272
2633823232
2232848384
6393232384
9222469632
3423243264
4422324224
4984244224
3843432448
4832223232
2629822464
4422239232
3379427328
2733436928
3462969344
2373387264
4322623488
6896223232
2334943232
3464246272
3433273344
3263843328
3278623744
2239634432
7624269824
4932724736
9827344384
4922443776
3223322624
2826463232
2339636224
3622262784
6973727232
2223228928
4474934272
2326243328
3243242496
6223444992
6334492672
9373236224
2788277248
4362343424
4469223424
7372324864
2922236928
2246239232
2682422272
9472223232
3474322432
3272438784
7233247232
4762642432
4322292736
8862226432
3332383232
2337426432
4743493632
2823284736
2243723264
4793293824
2974482432
3263248384
2229924864
6233278464
9374262272
4992274432
4333432832
9323794432
3682322432
4328884224
2362932224
8223634432
3478823936
2222398464
4863762432
9244442624
2423222272
6622672896
6262623232
3282322432
2224232448
2323638272
2436278272
6222234624
4798222336
3333727232
6422623232
2272822272
6332664832
2433682432
3224372224
3262222336
3698296832
8672223232
3292393472
6266382336
8634932224
3323363328
2472696832
3234322432
3243282432
4332724224
2232393728
3734426624
9647437824
4643346432
2933343232
4337722368
3266844672
3292442624
3834422272
7932222464
6233232384
4323433472
2263222272
8342239232
8323472384
2227423232
8236982272
6243444736
6642446336
8934623232
7642642432
6263273472
3387282432
4222492672
4262392832
8732432384
3362322432
6633426944
2332286976
9242467328
7222623232
3863263232
3773236224
7672633344
7833274368
2292229632
4422243328
9226463232
4836728832
3472376832
2474737664
3733264384
2424272896
3423333376
2323369984
3942326272
8727226368
3733274624
4282937344
6322424832
4784248832
7968436224
6322322432
9243828224
8222236672
2342623232
7723766784
3322422272
2937243648
7222324224
9866437632
6227832832
2324276224
8834484224
6349663232
3222224896
6336666624
4622234624
3727736832
3264479232
7232223232
8222292992
9323423744
9272722432
7223222272
3223732224
3423284224
3223862272
9342324736
4928333824
7777332224
7263243264
2892724224
9422226432
2624827392
4242333696
2723423232
7222329344
6933343232
8223372288
2722322432
2843342848
4226742272
3282673664
2724666368
6223463424
3288228864
9299423232
2342223872
6722842624
3334428672
4684342272
2424223744
3266448384
2872272896
9632284672
3677238272
6246373376
4463627264
9222324224
8762292224
2374324224
3323626496
2248382464
4444639232
6374672384
9723333632
4733963264
3398633472
2472269824
4224223232
2343862272
4942324736
8232249344
4623463424
2333622272
8239243264
8926393344
4636342272
6238222336
6248423424
6832632832
3924293632
4327329792
3232233472
4294632448
3363423232
7432476672
2422268928
6943627264
3243423744
9244347392
6982623232
2824722432
6247324672
9322292224
4822964224
2464232448
3942633472
9242343424
4283662336
3624824832
7264227328
2448632832
8247824384
3372343296
7444242432
9793332224
7782623232
3384244224
3866422272
8264423424
3446334464
7233349632
7663228928
2247442432
4674228224
2423373824
6634638336
2622874624
4477722624
8283447296
2234294272
2968722432
3424223232
9623476224
3242463232
6823323648
3263444992
2226228224
2426766336
4922727424
3624679424
2276222976
2223244288
6798226432
3379474432
2639433728
4948363264
2232992768
2973374464
3432287232
4233227264
7622324224
2242373632
3668242432
2633244672
4782262272
3937342464
6334943232
6424287232
2688743424
2433342464
8394232832
6223423488
7642343424
4247732224
4239224832
2336233472
6227239936
2273236992
3248272384
4433332224
2732263424
2362488832
2263222272
9392242688
9644222464
3367483392
3262244864
3243423744
8324366336
6327273472
4224223232
2894222336
8238236672
2732726272
2428229632
3283382272
4426463232
7236327424
6337333248
6942234624
3243377664
6328474624
4832233472
3328823296
2223642624
4627766272
6477492224
3232248832
8426642432
4422324224
3466344448
2224743424
4322996224
7422222336
2874382336
4234273792
6683323392
4332468224
2229266432
2224248832
3326262272
3223867392
7393682432
6462347264
3224722432
4272223232
6349432832
6349722624
3373287424
2746463232
8272692224
6748724224
2323423232
3427467264
6323636224
3626723328
3883282432
2264244224
3232223232
3224824832
2396342272
8743732224
9324939264
2233362432
2883344384
4232978432
3944732672
8262623232
8324278272
3732472832
8274233344
2828342272
2447327232
2363323392
2289426432
2362232832
4333223936
4224223232
4336362496
2683322368
2232426496
6784223232
9222843392
4222362624
2432233472
6439263232
3466638336
4743442432
6622746624
6272743424
3648223232
2226622464
3282233344
3472636928
3232333824
3224933376
9223274496
2863732736
2364342272
3383263232
2332442624
2499423232
8294623232
6826266624
7297422336
3443423232
6464223232
7624334336
4234727424
4463847424
2442847232
2346642432
2432667648
3346229248
4232894464
2622222336
8334623744
6237623296
6444767232
2626332672
2222267392
4287823872
4228622336
4232293376
9362233344
2963324928
2364342272
2462326784
4932323328
8462734336
2438239232
4426232832
2973622272
7328274432
4872423424
2242827264
3336692736
2422838272
6833349632
9234443264
2893637632
2287284224
2686226432
7422222336
2234422272
2723493888
9434268672
4422239232
2663227392
6362422272
6963263488
3733223424
2467723264
9363922944
4292432896
9623226368
3833296896
7227282432
8226424832
3233768448
4422329344
9963444224
2284383232
2244937728
4624922624
2324283392
2292622336
2438883328
8493622272
2627346432
3433329664
3739326464
2669242368
6724278272
7972233472
6393242624
2783222784
2828263424
9342623744
9223349248
4462332928
2342836224
2836429824
7323666432
3622324224
4422223872
2647332864
6772242432
3272732672
6286226432
4272248832
8223839232
3326772736
2236383232
2464227328
7322292224
2824628224
9822222336
9433323392
7232333824
4868662272
2632436736
3284436992
4273972224
3283339264
6232334336
3739433472
4243636224
2737332224
3473768448
8226842624
2684473344
2247322624
2227623936
3222862848
6282443776
7322723328
2637343232
3643794432
2738783232
3399374336
3383862272
9822222336
3862733824
3394642944
4867764224
7924238336
4226772992
3722742272
4243892224
2944786432
2234763264
3233982464
6432223232
2929977344
9437243392
4494772224
4366644224
3239822336
9282228224
2334439424
3328822272
6239224832
2229279232
3924293632
4448333824
6266228736
2343733248
6337972224
4427282432
4782222336
3282233344
4222943232
2926362624
4844468224
2833332224
2722446336
9233247232
2222262272
7433234432
3329887232
2923743232
4732263424
3624247296
4233362432
7664362496
2247227392
2222226432
2222442496
9842622464
2967862272
4924683264
3972242432
8734226432
2234422272
2932242432
3393247232
8342324224
4277223424
2432489472
9242682368
7938322432
6473234432
2727223296
3824443392
4368223232
6726247424
2239327232
8974362624
2264287232
4632287232
7327442944
2222674944
2288223232
2426267648
2427666432
8262247424
3264223232
6392246272
2428792832
2392884224
2273743872
3247934464
7736244224
9429394432
2234322944
4428924928
3966224384
8276242432
8824423424
3337234432
8723432448
3323242496
2623644672
2842422272
4227433472
3232223232
2232722432
7223263232
4662239232
2892724224
2669236224
3379423232
6663223296
9324237824
4834322432
8623284224
9222623232
3784423424
2282422272
2664374272
6427623424
6423263232
2729273344
7328436224
3722629632
4234422272
8624333824
3872822272
3732639232
2223442944
4632332288
9222223872
7322638336
3292447232
3264743424
3334682624
6422239232
4247438336
8364342272
2387324928
2922473472
3383222272
3733266432
6839862272
7223672832
3942243328
6492724224
4443922432
4663263232
7422439424
3232786432
3227662336
3978422272
4228366336
2344224768
4226233344
2262349824
3242473472
8346232832
4386228224
2498424832
8222262272
2923623424
3696223232
6263263232
3796242432
3462623232
2424424448
3232227328
8734222336
2476343296
4483832832
9699872768
2636664832
8362427392
3693238272
6923367424
6344372224
8226629632
2343223296
2344233984
2223223936
2227228672
8239327232
8364222464
3637479424
8233423872
8233362432
