36928
24224
62336
67232
43392
92224
83328
26272
89664
43328
28448
73664
23232
83328
34336
69888
24384
22432
84832
92384
93376
22784
38336
67232
26624
22272
78272
48736
28864
79872
62848
79232
83424
32384
67232
34272
47424
27936
78432
23744
63264
26432
29728
98464
22272
84224
42272
63392
83232
86272
26432
97728
24224
63872
32672
22432
48864
22976
82272
27392
28832
63232
74976
23648
34624
42624
22784
36224
27296
26784
78784
43264
62784
22944
32224
46368
23232
24672
62272
39232
39232
47232
22432
93632
23968
39648
32832
29632
43264
22432
38432
47232
62432
23872
43328
82464
77824
73632
27392
76992
22432
39872
73248
22432
47424
42432
69376
22272
47232
72736
62464
32992
62432
28672
98432
37824
43232
38272
38272
27328
78496
22432
72224
84992
23648
66432
72224
82464
82432
22848
28224
36672
29984
24224
28928
32224
63296
42944
26944
33792
62784
64288
92928
43328
43424
23232
44224
33344
42368
42432
23232
29824
22336
23424
23744
99264
26432
82432
39392
22944
88224
28736
36384
23296
89344
27296
33792
33824
29248
72384
33344
74624
62464
32672
93344
27968
22336
28224
64384
72832
64672
22464
23744
36224
22272
47232
39232
62944
24448
37376
98624
63424
48448
22784
84224
24832
22336
86784
36224
29376
23296
83968
22336
97824
67648
72448
67776
33344
72992
82432
82432
92736
69632
37792
47264
47424
44224
22432
44832
92448
33728
32832
47392
23264
72448
84864
42432
29632
29632
33344
22272
93344
77632
42272
23296
79232
26272
62432
49792
39328
34432
33472
23328
67264
62624
23872
44448
93472
23232
73632
92992
63232
22272
64224
62496
66432
26272
34624
34944
64384
26432
27264
32224
76224
23424
46464
49344
23232
28448
38976
68224
93632
23424
77632
29632
32736
23392
49344
22848
34272
22432
99424
44224
97632
98336
77632
42336
23872
42976
32832
33344
22432
24384
86432
63328
47328
23392
63232
67936
76224
84672
69632
22624
74944
24224
63424
73664
27232
84832
92384
23872
43328
63424
44224
64736
63648
73984
43744
33792
64832
22432
23232
83264
38464
24992
36864
43392
44832
32992
32832
39424
82272
23872
22432
23328
38624
83936
34272
43328
84224
23872
38432
22464
78336
22336
93472
47424
42784
29824
23264
26432
28224
22432
88832
24832
78976
46432
47232
42432
38272
93632
32224
32224
33472
23872
62272
77696
72224
77632
27328
43488
98272
67392
24672
44832
27232
67232
27392
36224
34464
37376
23488
74272
73344
47744
82944
87328
82432
63872
87232
87232
27328
77824
63936
24224
38432
72832
33344
93376
39936
82272
92864
78784
76224
62784
27232
63392
43328
32384
87424
86432
66624
49344
23424
22432
23424
62432
87424
34336
42272
79264
63232
22464
44736
37824
28448
23264
83232
64224
63232
32224
37632
92448
82432
22272
63424
63232
76224
29376
23328
29632
48768
34272
34432
24224
93248
37632
32832
27424
33472
74496
24224
87392
37632
24288
23232
46432
28864
23296
27328
42272
43744
27328
77632
23424
27392
28224
32448
38272
43392
42432
63232
32768
34432
33376
47232
62624
47936
97472
83232
23392
38464
23744
94272
42336
33472
37248
33472
47392
92832
32832
22976
62336
74976
63264
62432
22272
26272
84288
23232
39424
24672
23232
48832
68224
67392
24224
64832
72864
74624
32224
32672
26944
47424
63424
32288
27296
82368
62368
24384
22336
44992
22368
27264
37632
29632
63392
38688
28224
67648
22272
32288
79392
42272
39232
37248
22464
67936
63232
73344
62624
23296
27776
36864
39328
66272
33792
28224
73472
33472
27232
99424
78272
26944
27328
28864
42624
82784
87328
83232
96224
46624
44224
43264
83968
72224
73344
87232
84864
38976
43424
63872
23424
38432
78272
24832
23232
82496
33472
73824
33472
63232
42368
93248
46432
29376
39264
33664
44992
42848
87936
23872
32384
28224
82272
42432
34496
23296
74272
39424
27392
23232
42432
79488
34464
89344
72384
22272
33664
37472
29824
44224
23232
69824
42272
22784
92224
87264
92224
32672
29248
26336
38432
88832
63296
28768
73728
47232
22784
36736
92224
67232
62272
38432
23232
42976
24384
63232
34432
23232
28928
83232
33792
23232
23488
22784
29728
34272
98432
43328
33344
42432
92224
23744
22624
26272
27328
74272
26432
72832
33728
26432
62336
97824
63232
92224
29472
23296
24448
42432
26272
77472
72224
42624
83232
23328
33984
26432
37792
97632
26976
28672
92224
34336
39424
28928
62272
32384
39232
63232
63424
73664
26432
76224
24224
72224
72832
93248
44768
62432
42944
23936
33472
22336
62624
48832
27264
76672
66848
93344
27392
44224
77632
76992
62976
49632
37632
29248
23424
37344
22336
63232
32224
99232
66624
43232
44832
64448
67232
78976
46688
23424
83328
84224
82368
23424
23776
34272
33696
86336
32736
34432
42432
26624
49248
92448
68672
46336
92224
22272
47424
23744
23328
22464
83776
48928
79264
24832
62496
89248
42368
82688
22272
23232
62944
83328
29824
63392
99264
82432
79488
27424
38336
27424
87328
34432
26464
79424
22432
36832
89664
22272
66624
26432
36224
73824
22432
23424
37632
62848
27648
22976
34432
32672
33472
78272
67648
43232
34336
23232
29824
24736
22432
64224
43392
42432
22464
44384
39232
68224
22336
67232
34432
36928
84224
78336
26944
87232
43424
26272
32384
47264
42432
33344
62336
44288
36224
34368
39296
98848
27936
22336
32768
42432
49664
76864
72224
24224
37728
26624
22432
27392
43328
32832
36224
74432
67264
22496
28224
46368
92992
33472
46624
24896
48448
47744
26432
44224
96832
24224
26272
43232
64224
22272
87648
97344
84928
23424
22464
93632
34624
44864
74272
23392
47424
29632
82336
36224
27392
87232
63232
42432
29632
26624
39872
22624
42464
48672
79328
48928
28288
23232
44224
63392
23232
66784
22272
23872
27264
32832
87424
22368
93824
69472
27424
72224
22976
23232
46336
93632
36224
32384
94432
29632
33728
22432
62272
49632
32832
22272

