236928
324224
462336
967232
243392
892224
883328
326272
289664
243328
728448
273664
423232
283328
334336
269888
224384
922432
384832
992384
293376
222784
638336
367232
226624
822272
278272
348736
228864
279872
262848
679232
383424
432384
967232
934272
647424
327936
978432
623744
363264
626432
329728
398464
422272
884224
742272
363392
383232
686272
426432
697728
324224
263872
732672
922432
948864
222976
382272
427392
728832
463232
974976
323648
234624
842624
622784
236224
327296
926784
278784
443264
462784
722944
932224
746368
823232
324672
262272
439232
239232
847232
322432
293632
323968
339648
232832
429632
843264
922432
738432
647232
362432
223872
243328
382464
477824
973632
227392
276992
722432
239872
973248
322432
647424
242432
269376
822272
247232
372736
862464
732992
362432
228672
298432
637824
343232
838272
238272
227328
978496
722432
372224
284992
323648
666432
772224
382464
282432
622848
828224
236672
729984
324224
228928
932224
263296
242944
226944
233792
662784
364288
892928
243328
943424
223232
644224
233344
442368
242432
623232
229824
422336
623424
223744
299264
226432
882432
739392
322944
388224
428736
936384
223296
289344
927296
233792
333824
829248
472384
633344
674624
462464
332672
393344
627968
222336
628224
264384
872832
364672
222464
623744
436224
422272
247232
239232
962944
424448
237376
498624
263424
648448
422784
284224
224832
422336
286784
436224
229376
823296
883968
622336
797824
267648
672448
267776
433344
372992
882432
682432
292736
469632
337792
347264
247424
244224
322432
344832
392448
233728
632832
747392
323264
272448
684864
442432
429632
229632
633344
822272
393344
677632
942272
223296
279232
326272
762432
249792
339328
634432
233472
323328
267264
762624
223872
344448
393472
223232
373632
292992
863232
222272
964224
362496
466432
326272
434624
834944
464384
226432
627264
932224
876224
823424
846464
249344
823232
728448
438976
668224
293632
423424
477632
629632
332736
323392
249344
222848
734272
322432
799424
244224
397632
398336
277632
342336
223872
942976
232832
633344
322432
224384
386432
363328
747328
923392
463232
367936
676224
284672
869632
722624
274944
924224
263424
273664
927232
384832
992384
423872
843328
463424
644224
964736
963648
473984
343744
633792
264832
722432
423232
283264
638464
724992
236864
443392
344832
732992
632832
239424
982272
623872
922432
723328
938624
783936
734272
243328
484224
223872
738432
222464
478336
222336
393472
247424
742784
429824
923264
626432
428224
322432
288832
224832
478976
346432
247232
242432
238272
693632
332224
332224
633472
823872
462272
677696
772224
277632
427328
743488
398272
267392
324672
944832
727232
967232
227392
636224
334464
237376
223488
774272
873344
647744
482944
787328
282432
663872
287232
687232
227328
477824
263936
924224
338432
272832
433344
293376
239936
382272
292864
878784
276224
262784
327232
763392
243328
632384
887424
386432
666624
249344
623424
722432
823424
362432
487424
734336
342272
379264
463232
622464
244736
637824
928448
323264
383232
964224
263232
332224
237632
792448
282432
822272
263424
863232
676224
229376
323328
829632
248768
334272
634432
324224
493248
437632
232832
727424
233472
274496
724224
387392
837632
724288
223232
746432
428864
623296
627328
342272
943744
227328
277632
623424
827392
628224
232448
838272
643392
442432
463232
232768
634432
333376
847232
362624
247936
697472
383232
323392
638464
223744
694272
942336
633472
437248
833472
747392
992832
232832
822976
462336
974976
763264
962432
222272
726272
884288
623232
639424
324672
423232
248832
868224
667392
924224
864832
372864
274624
332224
732672
226944
847424
263424
732288
327296
482368
362368
224384
422336
244992
922368
627264
437632
229632
363392
338688
428224
267648
222272
932288
379392
742272
239232
837248
222464
967936
263232
873344
762624
823296
627776
436864
339328
766272
233792
228224
473472
833472
327232
399424
278272
226944
227328
428864
642624
382784
387328
383232
996224
346624
644224
243264
483968
372224
473344
287232
684864
238976
343424
463872
223424
338432
678272
224832
223232
682496
233472
373824
433472
263232
242368
693248
946432
229376
339264
433664
844992
342848
287936
223872
832384
628224
382272
642432
434496
223296
774272
439424
427392
423232
242432
279488
334464
689344
272384
422272
633664
337472
829824
444224
223232
269824
342272
422784
292224
387264
292224
332672
829248
926336
338432
488832
263296
328768
273728
247232
222784
836736
892224
367232
662272
738432
823232
342976
824384
463232
234432
423232
228928
783232
833792
623232
423488
422784
329728
334272
698432
243328
233344
242432
292224
623744
722624
326272
227328
374272
626432
272832
633728
226432
262336
797824
463232
292224
329472
223296
624448
442432
326272
777472
372224
642624
783232
323328
233984
426432
337792
797632
326976
228672
292224
334336
839424
228928
262272
832384
439232
263232
263424
873664
826432
276224
724224
372224
272832
293248
344768
962432
242944
223936
233472
222336
762624
648832
227264
876672
366848
393344
427392
444224
277632
476992
462976
749632
437632
229248
223424
337344
422336
463232
332224
399232
466624
343232
944832
664448
367232
278976
346688
823424
483328
484224
282368
423424
323776
334272
933696
286336
932736
634432
442432
226624
749248
392448
868672
646336
492224
822272
447424
223744
723328
222464
883776
348928
379264
424832
362496
989248
442368
482688
422272
223232
762944
483328
429824
263392
499264
682432
279488
927424
238336
327424
387328
434432
326464
679424
322432
336832
289664
422272
266624
226432
836224
373824
722432
223424
237632
462848
627648
222976
234432
932672
633472
278272
467648
343232
734336
823232
229824
324736
322432
364224
243392
242432
222464
344384
239232
468224
222336
967232
834432
236928
284224
478336
826944
287232
743424
326272
232384
347264
242432
233344
462336
444288
436224
234368
839296
798848
327936
222336
432768
242432
849664
276864
772224
324224
737728
226624
722432
627392
243328
232832
236224
674432
267264
722496
228224
946368
692992
233472
346624
224896
448448
247744
426432
444224
296832
324224
326272
943232
964224
222272
387648
697344
284928
223424
422464
293632
834624
644864
374272
923392
247424
429632
382336
436224
427392
487232
663232
242432
229632
426624
639872
322624
342464
348672
779328
348928
428288
223232
244224
363392
823232
766784
222272
223872
227264
632832
887424
322368
293824
969472
327424
972224
222976
223232
446336
293632
636224
232384
794432
829632
233728
722432
862272
349632
232832
222272

