292224
623232
242432
247232
792448
228928
228224
423232
222336
766784
242624
422272
922432
636224
263232
384832
223232
934784
227264
379264
372736
842624
233472
323328
732928
443648
322432
983232
636672
634944
337728
722944
223232
243264
947328
489472
293248
883264
327296
882432
427648
367232
239232
666368
783232
242688
734336
873472
663424
222336
222272
629376
273472
734784
939264
222464
839296
722432
222976
227264
838272
287232
732672
323328
223232
729728
243776
346944
324224
438336
623872
842944
242432
834944
244224
794496
922432
397824
767232
927744
889344
927488
246272
827328
682496
336768
234368
762496
297664
827648
782464
297344
339328
783424
327296
263232
327488
622272
723328
629632
223232
248384
794624
228224
377728
736384
923648
643328
382464
292224
223744
292672
337344
324224
978432
396672
492928
369728
222848
223872
362944
632832
628224
228224
334784
688448
922624
779392
682624
336832
664832
376896
324992
364736
394432
823232
294272
794432
282624
878272
483776
748672
262464
428672
246464
982272
393792
324224
274688
933632
947328
263744
273472
226432
494336
664448
328832
438272
222272
346624
333696
634496
427328
286336
783232
326272
892672
863232
347392
768832
322944
443392
676224
933248
343296
436224
924672
446272
743232
283648
293248
727296
296448
247232
842944
236672
328768
827264
938432
823424
623296
966784
392384
298624
364672
424832
947328
462272
268224
782336
427648
296832
633984
247936
822784
264832
344384
227264
436288
328384
844736
394432
439936
322432
844224
738432
364928
229632
623232
367744
283328
248832
422272
262784
939968
327232
274432
836224
476928
696832
677248
226688
676224
464832
324672
932224
332672
