333247488
224223232
229624832
272372224
886378496
874962432
349266432
932447232
729726976
448233472
736223232
422327296
347623424
462972928
734697472
246793728
326226944
322277376
749992448
382337792
324233728
979743232
622328832
729329664
426228224
242979328
242234368
628263424
227977728
242299392
323448832
923743232
463322624
394949632
722279936
873247232
634232832
424466432
646862336
238427648
382748672
222326272
638772224
224223232
342836224
372293632
272632832
632223744
323922432
427273728
463286784
223228928
236472832
232232448
226233344
447642624
663647232
224442368
372969472
272724992
242727424
392722432
647222784
443892736
778322944
224229888
484342272
639634432
928423424
274868224
444242432
336282624
936223232
732242944
438262272
274742272
792479232
373283328
472786432
296863744
772662272
244344832
424334336
997327872
382769664
827838464
933774336
734243328
223349248
232244224
326836224
989643264
322366464
373432832
427663872
233742336
227743232
384334336
344479232
464223232
224436224
439337984
232837632
329626624
624229376
846844928
933364224
322292224
888824832
292762624
726283264
672679424
378723328
776227328
246332928
833332224
622223872
998672384
627892224
343783424
269233664
224333824
796468224
833362432
624437248
244342784
224227328
272843264
477468672
233227264
334262272
676469248
626742272
372429824
322693632
823373824
324328448
678222848
479273984
744233472
938322432
838687232
927237632
232348672
983474688
234297344
446362624
462287872
942277632
377742848
842633728
673292288
343237632
738443264
388724224
624282624
847438336
323444224
992223232
432872448
373422336
282229248
449972224
232267264
663862784
228434432
382324224
442729472
244832768
779623424
332944384
263473664
422239232
432288768
737887744
438623232
437277696
224487424
423223296
873434624
228772864
223372288
228277248
724662272
227732992
237223424
222388224
338297344
323397632
347433984
342222336
224743936
422239232
263223296
396472832
422623232
644639232
342824448
832628224
334324224
323446272
724663296
328722432
222687232
726226432
262469632
623224832
737422336
347768832
422234624
223442432
922764288
226292224
462426624
983322624
867828224
222778368
748622336
329242624
227282432
232442368
664224768
326326272
936372224
222234624
482232832
962422272
232988672
327442432
867423232
262236672
223337472
742226432
222623232
744248832
236628992
822324224
324372992
488374272
392722944
233447424
222646272
333942272
224424448
672444928
226942464
362292224
393422336
326874624
448223232
876222464
647463936
224438272
933748224
626249728
468447232
774923264
742623744
492383232
627666432
943327232
423886848
378663936
327962624
428434432
292447232
243896832
922642944
949332992
426422272
242834432
464223232
662267392
224649728
223877632
386294784
246623232
392692224
273678336
293238272
233823232
748263424
462324224
439294464
932366336
293238784
622222336
844788224
222462976
429772288
334326272
322744832
373262336
839438336
227382272
722834432
776446464
723226624
277733376
342838272
822687232
922962432
447274496
327892992
298322432
223733248
373392384
926224896
263698944
237778432
466236928
223423488
232244224
237266432
328632832
234289664
227326976
739423232
223273472
226937344
233332224
992922624
344978432
223762432
424894976
372263424
639732224
246482432
386443264
222623232
223634432
232633344
626322432
332662272
222734336
926247424
434676224
422322688
749243392
423738368
637224448
443427328
432489472
369232384
422967296
733223424
843762688
722228224
463668224
929723392
464274944
264372224
367247872
476244992
326696448
343926272
423742464
722932224
362232832
723433472
378747392
372724224
266622464
974367232
724222464
336223232
432722432
224223232
892342272
377938944
222738432
336374272
432223232
237343232
732664832
346832384
637366272
432244736
824233472
336927232
223263232
772327424
437863424
688694272
226738688
364283392
933489664
342262272
792244224
272423936
227262464
224223232
224922624
447263744
324242432
773262336
728223232
464973824
932242432
479222272
624377344
279762944
843368448
322382336
432863744
322747392
734994432
326263296
634437632
648372224
227828224
836263424
336443392
223422464
362768384
947764224
479742464
362463232
682293248
737946624
366372864
324447232
824468992
933243392
643834368
642292224
974277632
884327936
324233728
223226368
344244224
384282624
623268864
822324224
326776832
337232384
873633792
728773632
724323328
726284288
844342272
693792992
822674432
422646272
397323264
494672384
623374336
927327232
427922432
233242624
334332928
443487232
792244224
687348736
233232384
448223232
627382272
237428224
232223744
482742272
848332288
932473344
229364736
283444224
337362432
236724224
248924672
272439296
329362432
282437632
624423424
299423232
736233472
286772224
982733824
443237376
383822336
222623232
937933824
347282432
226322944
223422464
336772224
694943232
323369472
773343744
334243328
628242432
327294464
923774976
233227264
323434496
724242432
222367232
394727424
928223232
269224448
282386944
362322432
462226432
927349248
272864768
477324288
732276224
433462272
236833792
293776384
828327936
742239232
234426368
898268672
377486336
727634432
329439232
344372224
923749376
732383232
723922432
486262272
229223424
432822272
343644672
777337664
463263232
267467264
923327232
422328832
282292224
272743424
942964224
742277632
964472832
429432832
826873344
793783296
232722944
442422272
742326272
662324224
222428672
236363264
344423424
232332288
972923392
987342848
222442496
434233344
224632832
827922432
323922432
272873472
428286464
226847744
724442624
632287232
823327232
433746944
964622336
823732224
274676224
424372224
327222272
443932672
744372224
692762624
242422272
229944832
432372224
772242432
242343936
633293824
394228224
243282432
469343232
838223872
324427264
624244224
222264832
624233472
678436864
724363264
842232832
222396928
626486272
334889472
833268224
228636672
642446336
222864384
873934336
446222336
272628224
324222464
282322432
233298432
224244224
774623232
244728832
229262336
677338624
332273664
273272832
376244224
923382272
933479424
342247424
223924224
823222272
332726272
932263424
743227392
472863232
339932672
227723264
767422464
423322624
293394432
223349248
946422272
399388672
722642944
223222272
324367872
224223232
326923264
928372224
232244224
222623232
336224768
677236224
222836224
762424832
362788864
263222272
632822272
823476224
488922624
223337472
236624384
322382848
832227328
468788224
226422272
347384832
464376832
282292224
226228224
332793344
244622336
373324288
263263232
649339392
287327744
224822272
222324224
274427392
263227392
227232768
243833344
332496384
272274432
464223232
936227328
227236864
882322432
843282944
684942336
243232768
462334976
222292992
392436224
834666496
262222336
377329696
233227264
439732224
776923392
374328832
268293632
293963392
933266432
432439296
624233472
623847424
498344448
742623232
442239488
834228224
722292224
294676992
348724224
282233344
844323328
392479744
343322624
489249792
622823424
343323648
822266368
488223232
232722432
423422464
426343424
763738624
289227264
278644736
342226944
482422784
728443392
372327424
384244224
243343872
222736384
262223872
623476224
262923264
368223232
647926272
237428224
226233344
682437632
634232832
372242432
222234624
392244224
492747264
362942464
273342464
233273344
273239232
238923264
343286272
334222336
463284224
942234624
492662272
323427328
766237696
484387328
479824896
449247232
322679296
664223232
346729472
374623232
624743424
682422272
293822464
324982272
332942336
623442432
247228928
224227328
443922944
422267392
223322624
437323776
423226368
972647424
233746432
963382272
223223296
927222272
292444672
822324224
242932224
333268992
444222464
244242432
683367424
784274432
766644224
394289664
237722624
422943232
624633344
372468736
264282624
283498496
224997376
487826432
327772672
937242624
237432832
862367232
324727296
223324672
643623936
637686272
223429632
247924224
837276672
424374272
743337984
347764736
384274432
366222336
863284224
224229376
829262848
726324224
328978432
222943232
424443392
232227328
426778624
224224768
722322432
288244224
478262272
322729984
224246272
673273344
274676736
627346432
372663296
442344448
392223232
433349632
622989824
433292288
423824896
322422272
293289984
772242944
324242432
227487744
922642432
232487424
223796224
396223232
323242496
234422272
743862272
786842624
236444672
693234688
283346432
369228288
346233344
372923392
863843328
223926272
223297792
899423232
237622272
369247232
397392384
823224832
323893248
383422976
967333888
992366336
643382272
822234624
823442432
847843328
292788224
883482624
976784384
832346624
442932224
322364928
742324224
342623232
223473664
822367232
726288384
472223232
623422464
373394432
669369344
744246272
238736384
367824896
323323392
323723264
883239424
469343232
268242432
332327424
696373248
422332928
822373376
343762432
437266432
923282432
223627264
342836224
422623232
882629632
843423232
443962368
347933696
332622336
867342336
372327424
434396672
237236224
267623936
323423232
237684224
222843392
332647424
482742272
339282944
434834432
233242624
392282624
688438784
728374272
369947648
746292224
224722432
766239232
362742784
438629376
343222272
272244224
374392832
439442432
747383296
686774272
424223744
327322624
247839232
474322432
696338432
288246272
637236224
622823936
442238464
726736384
432372736
846733824
283743232
972329472
973343232
372664832
242723328
637882368
487322624
246243328
638362624
339449344
222623232
762422272
224443392
742634496
332327936
864223232
864922624
497333248
472423936
264379392
388447232
774226432
264693248
776743936
634292224
362383872
746676224
643474432
692276224
372626432
243323392
232244224
322238976
327442432
224722432
929462272
883743232
363433984
664223232
332636672
372432384
262987776
386294272
826384384
929247232
373224448
642932224
379327232
273477632
439222272
742623232
487224832
433232896
424223232
463476224
642446336
968223232
246426624
446222336
737232384
462428672
277224448
422329344
733983232
623422464
269238272
262326272
724686336
224246272
337477632
488436224
222324736
647348224
498332672
286262272
627273728
422262784
722343936
498296832
222222336
634292224
227344896
298638336
223742464
333233664
282482688
693237248
232476672
684628992
934222848
366823424
882642432
364636672
477492224
232246272
722322432
474232832
368223232
437326336
626332672
324342272
247922688
267666432
622244864
883383296
929426432
924434432
249234432
232227328
824447488
722842624
327839232
644474368
762936832
268222464
224732672
227467264
342234624
724498432
297434624
892762624
342364672
832667648
474339328
228328448
322827264
882233344
882473472
232438272
627662848
339724288
433722368
392223232
432372224
332724224
938373632
236634624
423336448
722783232
394934272
723427328
393742336
633298944
744374272
362727424
864223232
274322944
724329472
224439296
342326272
238644224
629622272
822243328
622324224
242322432
494469632
244278272
786422272
328244224
326226432
222746624
622732288
348342272
342623232
224292864
732649984
272229376
642332672
239222272
383422464
449234944
632223232
227642368
344634368
383222272
244393984
346382848
242363392
349737472
382326784
236828672
996662272
383742464
423322624
923764224
744272896
622224384
382292992
398674432
762463232
872233472
882322432
972942336
772724224
462236672
644434432
777662464
288389632
223422976
824247296
229343744
237837824
422462464
242228224
233247232
282238976
362933248
264884224
223823872
924346368
236237824
467324928
963363328
634742272
322384384
722232832
644242432
274642944
493748224
333237248
248692224
324772864
662324224
743223296
748842496
282426368
233269248
222823424
378663424
442922496
626422272
437343232
237433344
494644224
943284224
477364224
493449728
392332672
834332672
244447232
624333824
627624448
963623424
243326464
342247424
726239232
364724224
268432384
222866432
327322624
272926336
324492288
224863232
922228224
433938432
322337792
223826944
746962432
367732224
423967232
336333824
423324672
874232832
238649344
646433792
822262272
262337792
392444928
872692224
482847744
282292224
364392448
222326272
622739392
429323264
323472384
648227328
846222336
262734336
676323328
972649472
974226432
376233984
437746688
226228224
423849472
442294272
663329792
246824448
498229248
888397824
462262272
277923328
823284736
442424832
732242432
224822272
437236224
323924992
266642432
622773248
392292864
432722432
484982272
238332928
294623232
622674432
399742336
422222336
632229376
223284224
372728832
279476224
376246272
763326464
842238464
743924224
827282944
242332672
722322432
294222848
324647424
333323392
323877376
443382272
338934784
266339328
229223424
474642432
738322432
262239232
946983424
333647936
497234944
239463424
323282432
322363392
232846336
243423232
279632384
232223232
322742272
482697728
433733632
747743232
632398336
842228224
226233344
294824448
374222336
736223232
622263296
264223232
296244224
272223744
442343424
233447424
228686336
222738432
337424896
222324736
249234432
432267264
324688384
826426368
632629248
244263936
272243392
242463232
323666432
286734336
374239232
722228224
923644928
224223232
342326272
334262272
373339648
293943296
233976832
343323648
333323264
732244992
842742784
322922496
362266624
233422336
347727872
264632832
233439232
346463744
422966272
483383296
226293248
362343936
473434624
626727424
432274432
869646336
872223232
744424448
282468864
332793344
386322432
344274432
324732928
333223424
236327424
747476992
838879232
839228928
722384384
223433728
272978944
222277632
429748224
442292224
662234624
477243392
837773824
384293888
263226368
332329472
228242944
782226432
367222272
823834624
266463232
289332224
334482432
469343232
342222336
923449344
722934272
924498432
349338624
347333632
338233344
979892224
464223232
722332672
244944384
328423424
237343232
299764224
922427392
938494976
222223872
423222272
479244288
333239296
364662272
684943872
279486464
243743232
422262272
282322432
347922432
738293248
272489472
676984832
322296832
284383232
833447424
327739392
237789696
347943424
322427392
823226368
362744832
732799232
363444224
246774272
442693632
834236928
873823232
327322624
892342272
223273984
963664384
334733824
946332672
292767232
224223232
492639232
323346944
222324224
332667392
434492928
486224384
396623872
243876864
648372224
422226432
336722432
263422464
267333632
328297472
486222848
222262272
827333632
434463232
623376896
664722432
393336832
322847232
262324224
263327232
323643392
432933376
729439232
223732224
793234432
492299264
773822464
233673728
734263296
423839232
447742976
244937728
724242432
274279424
822833664
324327424
369823232
243832832
389833728
647237632
234622976
628278272
422838272
232233472
964222464
374943744
328746496
473332224
443348992
638823936
726324224
234936832
342222848
397722624
274443776
224223232
233332224
366234624
464223232
643382272
233874432
732383232
426728448
324762624
386292224
428826624
224348672
263732224
233748992
632246272
247479296
244287488
234292224
333222272
743924736
243828224
737426432
284363776
864223232
327924224
272783872
732343232
233426432
272272384
734632448
294388224
244293632
942623232
384743424
339282432
299427328
228432384
676732928
728463872
342432768
676862976
266234368
226232832
342623232
623222272
694324224
222227968
277433344
228276224
622938624
428468224
638263296
337292288
427242496
642233344
398326272
824822272
334262272
348237824
299273728
393278464
422329344
864437248
444242944
484429824
234638336
743499264
242232832
724394496
346322432
826827264
346636288
397672448
624927744
984462848
982632448
942363648
836323328
743322624
442642432
897362432
233823232
243273728
934243328
227282432

