24827392
32287232
22382336
72223232
66742272
32343296
33432832
67922432
33234432
73332224
22843392
87222272
44722432
37334272
72927232
42972672
39433472
22426624
32223744
23284992
22228224
26234368
22363392
23932672
22623232
22226432
62326272
22642432
49622272
32372224
29362432
33247232
33933824
42424832
46324224
44767232
23429632
22228224
94623232
84242432
62262272
42262784
92432384
62392832
36437248
62334464
63222272
72323328
24223232
22399232
24639232
27444736
23263232
22622464
33323264
47273472
22236672
86772224
32372224
63222272
32474368
23222272
32244992
32944384
39647232
22783232
78734336
33234432
42923264
44244224
36242432
32722432
49272832
23647232
67222272
42323968
39636224
26294272
46223872
29623296
22263296
34623744
93337344
26222848
73422336
39423232
74322432
86226432
22232832
24423936
43237632
64649472
33844224
83222272
72223232
44344832
62326272
44923392
94262272
23444992
79263232
36232448
26324224
33622272
73362432
24862464
68242432
32233984
93722624
23333376
23442944
23929344
43223296
43222272
27732224
24443392
37236224
34847232
38324224
32223232
72436224
49236224
32724224
23267328
26463232
46326272
26234368
62482432
72293632
82623232
26422272
32374272
32692224
62427392
22283264
24442624
93327872
33436928
23222272
24334336
38243328
36692224
22326272
48233984
34324224
73462272
42322944
22738432
33722624
64823296
27743232
24223232
37983232
23423232
26446336
42324224
23327232
33236224
62243328
23224832
44327424
96223232
22292224
33334272
82322432
32223232
64334336
36692224
46328832
27222272
32222976
47922432
38463232
33733632
34623232
28722432
32767232
76662272
33234432
32822272
22363392
37439232
63422976
32293632
42847232
62863872
63794432
24272384
32244224
24242432
72232448
22623232
26838272
32792832
26362624
22322432
87322624
22422272
24242432
23227648
27828224
78623232
42324992
32223232
32374272
26324224
94224384
23826432
43327232
42774272
38422272
66292224
42222336
78322432
73723392
36622336
22332672
23246336
96223232
92483328
66332672
72263424
22644224
62292224
32227328
82676224
22623232
72423424
23826432
62226432
32287232
37262336
47222784
43348224
22243328
33422336
86623232
23633664
34339328
22262784
64224768
22367232
42322432
87282432
42422272
23284224
43832832
33372672
32242432
22232832
94324224
32222464
36222464
88927232
42623232
26228224
68242432
89268224
43262464
42463232
27636224
32287232
33242624
23222784
22772224
32223232
24244224
23224832
34847232
92382464
42243328
42228224
62326272
63222272
32927232
27423232
72622336
44634624
96622336
23327232
24372224
47442432
23723264
22226432
24276224
33332224
43273728
34422272
73332224
26363392
73247232
33927424
27732224
87222272
94226432
22324736
26426368
33247232
92274944
62322944
22826496
32223232
27892224
27423232
37236224
49234944
42332672
36223232
27222272
36342272
79423232
93684224
46222848
62623232
82642432
62332672
29433344
68347392
29279744
92626432
72863232
34228224
33323264
23742464
22228224
33268224
34422272
32373248
43638272
78324224
82292224
23647232
34232832
43323392
24334336
72223232
43263232
28722432
22427392
26382336
42633472
77622272
48223232
22422784
33823232
22332928
42622464
32327936
26222336
24628224
32287232
94463232
24223232
22733824
44627968
22262272
42663424
42226432
46382848
47327232
73223424
22367232
84223232
22262784
87442432
34292224
42232832
27834624
33323264
94363392
22367232
76223232
22339328
23224832
74422272
26324224
32222464
97242624
42832384
24223232
23736832
24223232
23333632
73422336
42324224
67734272
62267648
47423232
22399232
32632832
26292224
42243328
38322432
72223232
34343424
32473344
26629632
44922624
62623232
24244224
63743232
22482432
23243264
29242624
92634624
32927232
46473472
47327232
24282624
28724224
33247232
23884288
27623424
33733632
46644224
48223232
43263232
27892224
22237696
87324928
23423232
33466624
24822272
92233472
49234432
62243328
36366848
36863232
66834432
23327232
74422272
22362624
42228224
83222272
26232832
36246784
63222272
72282624
32846336
23376896
22442496
42232832
23433472
22226432
24244224
32223232
33234432
23226624
72342272
22228224
32847872
34836224
38222336
48822272
29364224
28242432
83743232
22994432
24863232
42226432
32327936
74233344
24487424
42422272
64342272
44276224
22623232
33746432
32722432
37343232
26863872
76372224
33637632
28223232
62633472
82642944
92323328
23423232
72223744
46932224
32223232
46772224
63826432
32479232
64383232
32743424
62723328
24822272
42324224
83636224
74422272
74393344
22239232
33362432
22324224
26783232
32442368
42422272
22324224
22437632
27337472
22363392
47743232
24223744
23228928
36323328
37283328
32263424
23223296
46233344
42422272
22823424
69333248
49223424
94226432
36342272
22322432
32638464
86262272
72372224
43834624
22427392
23222272
26228224
24922368
22343424
42834432
24393472
23442432
26932224
46633472
23294464
28223232
23822336
26322432
27647232
28242432
23732224
24333824
89242624
38326272
27442432
33287424
63263232
43222272
22733824
32283392
27482624
27643392
83922432
93364224
93343232
37663232
84276224
43323392
24662272
72242432
62324224
93332224
68242432
72824832
36223232
32722944
22222336
22484224
93682432
78326272
42222336
36222464
28472832
26232832
22633472
27226624
83636224
22734336
28338432
44242432
68822272
24244224
33823232
43222272
98463232
27427328
34322432
64223232
33293824
23222272
32284928
27822336
42222336
46343424
42484224
34326272
33223424
42324224
32246272
44978432
24274432
22239232
92626432
22424832
33342464
43833344
22247424
33236224
82329344
42343424
22239232
82332672
62838272
36724224
74277632
23924224
26623232
74742272
46367232
22228224
36276224
27232768
28242432
32462336
22232832
27222272
72237824
27242496
22362368
38262272
23222272
63239424
93684224
74233344
72372224
24628224
32327424
34243328
68946432
34783232
22367744
32287232
34228224
29223424
29272832
26243328
22244864
83322624
76223232
26232832
34233344
62226432
23433472
62262272
39924224
42934272
64323328
27222272
23222784
43322624
23278336
42934784
46243328
39263232
32263424
42373632
92223232
22296832
37334272
42644224
79222272
72223232
43922432
93247232
23348224
46232832
22364928
42228224
24333824
42362368
32822272
22232832
64287232
68329728
94228224
22823424
69343232
62224384
26326272
72228864
23736832
34783232
23263744
84639232
62226432
37443328
22426624
62463232
93332224
72234496
22422272
62373632
34463232
44242432
32743424
42623232
32324864
64223232
28223744
22223872
34262272
24338432
23423232
47322624
22362624
22222336
33727232
32242432
23926272
47732224
48726272
42279424
33364224
22262272
23324672
23292672
24933376
32372224
62228224
34734336
82742272
38772224
23332864
88233472
42729472
32282624
42424832
34222336
33237248
38324224
74228224
93234432
43222272
22462464
22962432
22262272
74842624
27636224
28722432
23772672
64244224
26292224
67423744
26482432
22422272
39734272
48628224
33844224
62326272
33242624
26424832
43444224
27282944
26294272
62934272
62222336
34243328
26232832
24284672
24223232
29343232
82239232
72287232
34234624
26232832
24822272
22934272
92238336
32244224
92223744
33422336
32244224
62228224
22232832
77234432
32476672
23772672
32342272
84423424
37422336
38422272
29622272
22277632
92444928
32223232
32479232
72724224
84223232
28223744
28242432
46223872
33247232
82422272
33364224
32662272
83423232
22332672
26232832
23284224
32274432
33443328
22232832
42324224
23743232
66422272
23222272
26424832
72379392
32223232
27732224
34322432
36626432
22224384
44223232
27423232
22324224
23223296
22324224
28442624
64223232
22222336
28242432
62322432
82299392
32927232
34324992
24633344
23427328
27226624
32439296
22247424
42622464
27222272
26233344
26623232
26226944
48724224
24278272
32222464
33663488
83228672
66222336
74279424
23267328
32884224
33336832
22326272
42247424
36263424
38324224
24282624
36383232
32632832
62322432
82324224
72664832
33428224
23224832
27263232
43263232
72822272
24372224
63263232
22439424
42328832
38243328
26232832
86226432
34332928
32333824
33462272
83832832
83323392
82228224
62463232
82422272
33227264
23348224
47222272
22262272
23444736
24432896
88233472
92242432
24323328
32263424
34292224
24323328
27423232
32293632
22226432
22642432
24443392
33247232
22463232
22324224
24272384
32223232
26292224
63423232
43382272
24342272
32942336
32822272
47343872
32284672
62247424
62232832
64724224
42844672
42292224
49247232
63222272
33426944
72222464
74322432
32479744
23344384
32342272
22833664
38233344
32232448
33823232
24223232
27223296
29343232
23634432
22228224
22424832
82934272
27224832
82422272
22262784
84722432
72423424
89343232
64632832
32227328
36222464
43423232
24827392
47263232
32436736
32274432
24222464
83444224
33339392
32244224
43243264
73823232
93236224
23367424
32937472
42642432
42463744
24272384
23222784
36223232
83743232
34783232
46222336
42644224
42322432
69823232
22262272
22393344
23442432
47843328
24227328
99423232
84343296
24434432
38422272
62226432
33273344
32223744
22932224
23463424
22324224
93223424
32344832
42324736
22879232
93323264
32244992
34322432
24248832
28632832
63222272
92222976
42294272
22623232
32437248
33332224
83922432
22933248
22294272
29238272
43943424
22249472
24483328
47743232
23327232
43233792
29492224
39322624
43497472
23322624
34343424
22463232
76222464
63284224
26326272
22632448
32462336
37247232
72726272
32442368
23423232
28442624
23282432
27442432
33237248
42243328
23242496
74262272
74343424
64922624
33272832
44342272
37823232
34234624
26827264
27263232
38484224
22482432
24372224
49362432
92223232
82399232
27444224
82482432
33349632
23463424
26482432
32722432
43743232
43423232
92223232
63324672
37622272
27832832
42422272
33232384
26247424
36626432
22223872
26422272
72223744
72722432
72223232
42229248
22362624
34332672
39263232
37323264
23634432
33722624
64223232
32824832
34394624
42633472
82422272
23442432
29323264
64342272
29428224
74228224
32822272
32222464
48342272
22292224
92263424
99423232
24223232
22324224
87246336
87224832
34324224
27423232
33279232
47222272
22262272
26962432
23323392
24722432
27223296
27636224
36447232
23643648
32342784
42363648
27647232
82228224
66324224
22329344
93227264
22399232
24346624
37223424
72233472
23243264
42292224
73334272
42326272
39243264
46422272
23243264
47322624
22226432
92232448
44622336
43764224
33336832
24822784
22263296
32634368
26228224
43223296
22324224
22247424
84223232
62367232
36242432
27322624
42232832
22423296
44273664
42623232
36443392
34326784
22226432
63647232
32223232
28442624
94386432
42322432
32282624
34222336
46623232
32246272
32786432
48628224
22263296
72223232
28662272
22363392
32227328
63263232
62262272
96223232
68383232
43222272
32246272
42432768
23224832
34234624
34646272
73323264
92244224
28242432
22827264
24423424
28242432
22883328
27323648
72333824
24922624
89242624
46623232
43922432
46292224
22482432
64223232
22622464
72246272
23273472
62324224
22862336
74232832
22623232
42228224
82422272
22292224
33343232
62262272
73247232
27239424
34233344
43327232
23324672
32724992
37343232
22868224
44242944
27643392
92383232
73294336
22994432
24223232
32282624
62247424
22382336
43922432
44242432
23636224
42623232
82324224
32692224
22324224
72447232
29234432
28432384
69663232
82332672
64287232
34642432
82463232
72462336
76222464
22262272
34292224
34292224
24694272
34642432
22642432
23723264
48223232
38326272
93223424
94324224
86222336
36884224
22388224
37332224
24242432
34294272
26222336
24383232
82343424
64249344
32223232
32244224
26422272
22943232
24822272
64722432
78324224
23282432
32334336
32372224
93223424
26222336
32468224
32222464
32237824
26422272
93224448
22343936
32436224
43442432
26322432
68293632
33723392
42742272
39263232
22364928
36383232
37323264
22363392
73362432
46623232
24372736
22494464
22442496
32633344
47327232
47322624
82292224
24423936
23294464
84423424
72436224
62324224
32832768
33223424
33242624
32423424
23826432
72244224
43723264
24623872
82222336
27922432
22328832
22324224
32233472
32374272
72782336
33844224
23423232
34326272
92442624
28436224
34232832
22226944
62329344
37332224
33243392
23387392
22632448
82222336
37343232
32264448
32246272
93927424
68434432
43432448
97332224
42923264
34932224
22294272
43239936
44344832
64222464
82847232
33742336
33462272
47822336
32242944
22324224
33294336
28242432
82228224
24223744
33272832
23327232
82234624
46367232
28632832
62422272
27423232
27828224
28372224
32823296
22262272
33622272
62332928
43322624
29326336
22234368
46473472
26629632
47943424
24447232
26783232
24924672
22222336
44223232
24479232
72464384
34324224
23322624
23327232
49236224
69433344
83634432
38463232
49362432
42238464
23732224
73334272
22783232
34322432
23222272
23227392
94964224
23322368
23289344
62262272
88282624
24223232
27732224
43226624
23224832
24423424
26232832
23282432
72244224
22742272
32284672
62623232
39284224
34262272
23224832
74292224
24333824
86932224
24372224
22442496
39226624
23423232
23223296
24436224
47333632
62623232
22223872
34932224
22322432
42322432
24272384
92223232
36229632
32722944
46772224
23422464
22222848
22266368
32942336
27822336
42463232
22362624
39732224
22623232
49223424
97422336
32692224
92822272
22226944
62243328
36263424
72244224
33883392
22747392
28338432
32383232
47732224
42326272
42362368
36223232
73394432
64442624
73247232
28423424
34322432
32822272
24927232
23399424
38424832
92242432
82343424
23647232
42373376
32442624
32223232
26222336
24724224
33242624
27263232
89823232
38222336
94232832
36372224
98343424
22332672
94228224
32242432
37334272
36324864
36863232
92334336
26232832
34223872
48246272
22226432
23324928
22943232
23222272
48374272
43224832
67323392
33232384
77236224
66422272
28626432
26424832
62243328
99327232
32233472
32242944
22324224
46332928
26932224
69343232
79423488
42663424
34226944
72436224
26322432
72223744
23328768
44472832
93874432
92242432
84434432
33823232
22622464
22222336
38623232
22228736
22224384
33273344
34633728
22262272
34623232
22224384
43323392
23422464
24722432
22396928
24333824
23263744
26932224
63824384
82322432
69236224
42324224
23348224
72927232
42324224
34222336
27222272
23222784
27322368
22222336
22623232
64423424
34424832
32334336
33227776
22482432
23243264
48287232
62262272
23327744
33782272
42322432
22239232
34322944
33439232
72922624
23263232
43442432
42623232
33343232
22223872
23732224
62222336
98324736
24223232
73334272
74842624
42332672
36223232
33663232
47442432
22334464
22373632
28923392
32223232
37326336
22983424
74422272
22322688
23263232
73423872
28242432
28223744
23627264
62224896
22362624
43962624
23327232
72496384
24692224
92342272
33492224
36276224
22222336
22243328
87282432
23432448
24483328
23222272
32343296
23327232
93983232
32244224
43227648
22373376
26239232
22226944
86322432
42972672
36242432
26463232
36372224
32363264
37972224
86222336
22687232
48222464
32242944
83249664
34322432
93279232
72626432
42343424
22482432
22324224
23282432
26332672
22262272
23226624
24837632
47327232
43638272
24722432
42322432
73343232
33622272
73332224
39226624
79322624
28242432
32293632
42422272
92442624
36383232
22833664
72743424
33232384
32229376
73462272
68323328
34683392
46343424
24223232
82233344
34322432
74422272
23743232
32922624
76327424
23623424
23222272
32248832
72323328
23732224
36633344
62222336
23962624
97234432
63237632
32722432
42292224
24274432
92222464
26783232
27263232
23429632
32287232
93262336
26294272
33323264
93443328
44293632
23894272
22232832
22236672
33492224
73227264
22222336
43423232
44338432
22866432
72342272
23237632
22322432
22262272
46324224
26742272
27922432
83333632
77492224
62262272
77343232
33242624
32244224
76242432
42232832
32334336
44223232
22399232
38324224
26228224
62422272
62239232
74322432
28223232
36822272
93822464
39423232
22322432
22222336
22362624
63222272
63422464
22262272
26433792
43636224
32424448
22484224
22326784
32223232
26332672
42742272
63224832
23323648
22222336
36372224
43323392
37323264
33229824
82228224
23444224
82943232
22367232
24223232
34422272
26262272
32327424
22633472
27832832
82932224
73268224
88436224
33722368
28622336
42239232
73274624
39636224
22676224
38232832
28639232
32423424
74228224
33287424
47423232
22262272
82727424
36274432
22427392
32282624
74324224
48223232
68276224
26292224
82232832
33492224
72732672
24338432
42363392
44274432
22228224
38226432
22324224
42783232
62332928
22367232
22332672
42422272
64722432
92223232
33242624
77364224
72327424
62262272
22747392
42292224
37323264
43794432
23734272
23423232
22388224
24282624
33343232
22439424
62222336
33972224
24434432
64229632
47228928
26324224
27367424
28223232
22723328
23322624
42443264
23222272
63327232
92323328
43423232
32244224
33334784
22343424
32423424
29343232
73223424
32442624
26674432
44224768
42333696
22423296
48372224
22328832
32237824
73422336
34322432
32223232
22823424
72333824
33238272
93823232
32372736
44372224
22324224
28927232
27423232
33332224
36242432
22224384
42422272
43732224
92227328
47223296
92242432
27627264
43327232
39222784
47423232
33262848
73334272
22427392
33233664
42622464
22228224
32622336
32376832
82292224
26292224
47826432
98823424
26322944
23224832
32223232
74346496
74793472
24244224
42623744
63227392
72223744
22322432
36342272
26932224
94264832
42742272
92278272
26239232
86224384
66949632
32822272
32233728
64824832
29266432
72372224
22249472
93748224
42382336
46343424
32632832
33332224
22422272
24244224
22393344
28434432
94228224
48222464
79222272
36432384
23342336
42823424
24223232
22286848
64223232
43472384
39222272
22663424
33428224
22233344
92263424
33334272
83282432
23442432
62943232
36428288
42222336
72234496
34777344
44923392
32342272
82932224
73323264
63263232
22639872
32363264
28222464
22292736
37722368
23222272
99222272
89343232
24244224
73439232
33372672
27423232
22642432
83623424
22226432
24223232
24232448
28223232
72364288
42226432
33339392
63327232
32342272
64822272
24223232
36822272
23243264
76242432
93323264
32282624
89823232
32332288
26222336
33432832
63442432
36222464
42768384
32634368
48843264
73223424
22226432
76246272
37343232
23233792
27922432
32342272
64379392
33366272
22838272
22239744
72242432
92626432
22388224
44278272
92327424
43233792
22223872
82322432
24323328
43227392
63263232
27322624
76372224
22262272
33722368
92222464
29332992
62783232
22633472
67222272
44863232
93343232
23732224
23922432
27342336
22324224
74322432
23883264
26763264
22623232
32246272
42222336
23239424
33234432
34279424
23223296
33332224
22373632
33384448
34783232
32274432
44728832
32287232
62326272
72423424
32232448
46734336
42232832
32272384
22943232
24223232
38738432
22322432
42293248
66422272
42623232
27222272
22228224
22437376
86243328
22262272
42932224
42364672
48233472
29923328
32822272
24323328
76434432
97234432
67422464
33233664
66292224
22623232
22444288
22422272
32724224
36222464
23429632
73432832
23929344
93238784
36434432
43647232
43478272
33827328
34322944
24466432
32246272
23647232
22223872
22393344
72223232
23348224
62224384
42923264
22262272
33343744
46443264
23222272
32374272
33332224
79222272
64436224
62422272
23246336
42492672
74932224
33223424
22687232
23783424
22223872
37492224
33332224
72822272
72223232
32927232
22633472
63668224
33372672
63822336
22224384
43327232
29439232
42467328
22228224
34233344
47423232
23737344
22243328
22862336
24223232
34934272
92884224
22842624
62772224
87222784
74322432
92442624
28436224
29237248
22277632
24232448
22262272
43322624
29842432
47222272
26239232
23476224
69722624
22842624
44244224
22343424
43233792
22439424
37326336
22478336
73362432
23843328
72423424
32662272
23423232
43282432
22663424
42323968
42222336
34463232
27222784
46443264
32423424
72223232
33434624
72372224
23742464
72276224
26228224
33343232
23736832
22326272
42322432
32822272
32287232
63227392
23327232
22228224
62243328
79222272
26322432
38262272
23222272
48222464
22437632
23226624
68434432
26292224
23636224
42793472
62644224
44626432
43732224
22932992
24223232
24922624
26228224
34322944
22222336
23228928
42426624
43263232
46239232
22247424
23327232
87222272
37223424
38332672
92722432
78836224
23224832
23222272
28233728
43892736
33642496
22292224
43367936
22623232
42623232
27924224
74642432
43222272
22422272
43423232
22262272
63742464
23222272
29227264
63263232
72333824
22943232
24244224
82623744
32472832
92447232
22623232
34326272
48632832
37236224
22222336
43224832
34262272
94226432
23222272
36233472
62463232
73322496
22473984
82233344
22393344
47743232
22622464
23943424
32223232
46228224
47222272
62239232
27222272
82226432
22247424
37236224
73247232
24724224
62623232
22228224
23243264
33232384
22322432
43222272
32338432
39224832
82823424
33622784
26283264
62262272
22239744
83423232
33432832
24624384
82324224
22962432
84222464
32223232
74222336
22228224
36223232
97722368
42324224
24824832
26363392
93823744
66898432
73822464
23222272
29242368
43267328
47478272
32274432
49242624
74322432
42373632
22422272
32634368
22322432
27723264
24223232
22222336
38297344
32342272
28293632
33227264
32336384
22332928
66343424
29362432
46233344
37224448
33234432
43743232
44246272
72442368
43226624
23734272
27423232
32233472
24439296
93364224
24274432
42292224
23924224
22229248
43322624
62232832
22439424
64242944
23333632
22322432
34226432
33492224
73423872
29842432
62243328
23693824
62277632
76222464
23732224
39222272
46222848
37332224
36662272
63277824
72692224
43732224
24272384
26422272
64863232
48822272
26233344
22424832
43764224
22332672
27422464
32726272
43232768
66422272
74932224
62222336
22277632
34322688
32698624
42443264
87224832
24424448
38422272
22324224
23476224
43348224
47423232
92624384
24722944
23423232
27263232
28223232
62422272
32722432
23442432
43444224
34232832
32222464
34326272
26234368
32628224
23222272
33422336
24223232
32244224
32743424
23284224
24822272
23429632
34763264
22228224
26249728
39647232
23222272
72443392
72342272
63223296
74742272
32329472
33236224
43922432
73247232
22232832
32927232
84982272
24443392
72724224
64338432
93372672
76242432
28342272
26239232
34373632
44923392
22943232
33722624
44882432
32626432
34239232
33236224
24223232
22734336
22343424
27732224
27423232
26322432
23222272
22887424
26292224
32822272
22423296
23693824
28333824
32329472
23444992
66322944
46283264
72487424
23322624
23223296
23222272
33223424
82228224
22424832
22622464
76923392
22772224
92724224
22322432
23222272
24263424
63263232
83444224
26322432
22222336
22482432
64249344
72272384
42682368
24479232
47263232
23236864
22263296
43346432
23892224
22226432
22663424
32436224
34232832
62277632
36342272
23226624
23323392
24363264
42463232
34663424
22362624
42228224
73242624
22644224
92299264
43333632
38324224
73332224
26322432
28732672
33242624
27263232
62339328
42742272
22228224
34228224
36722432
73746432
32423424
32626432
33234432
42324224
87222272
74322432
33362432
66222336
24329472
32692224
93364224
37842432
42444288
37334272
27892224
72249344
83822336
68724224
83284224
22623232
22623232
73362432
36242944
43224832
34422272
34233344
24724224
63323392
67327232
22382336
32283392
74427392
24246272
22324736
23732736
96233472
22277632
64372224
32632832
47263744
67282432
24244224
33268736
22263296
92436224
72287232
62262272
22422272
33663232
62422272
64383232
24363264
28244224
26832384
43233792
83423232
34623232
63423744
23322624
24372224
72274432
29772288
42934784
24423424
33343232
44822272
22262272
43872768
32894464
22422272
82292224
22326272
42292736
37339392
23839232
22293248
23327232
22723328
83636224
22224384
32722432
32722944
86226432
46823424
27263232
22226432
43723264
28338432
72333824
93223424
43732224
42332672
42229248
23442432
32732672
44242432
32397824
24233728
34422272
36238336
29492224
44667392
93372928
32343296
44922624
28372224
43442432
27433472
24498432
23327232
26329344
62392832
37236224
24223232
23322368
27422464
72223232
26422272
22869248
26674432
23822336
22239232
27327744
22868224
62332672
32372224
24922624
23448832
42444288
34343424
34623232
32227328
42422272
23642624
23832832
29232384
39723264
44423424
24633344
73439232
42222336
32244224
22222848
33343744
37938432
93223424
22239232
34328832
23324672
26362624
92246272
36233472
49432832
24692224
23826432
84442624
92263424
34463232
42742272
36323328
43326464
27322624
22224384
22367232
22463232
26322432
33426944
43327232
74233344
92622336
24233728
72632832
32626432
32233472
97332224
33333248
42233344
22239232
22393344
83222272
62324224
73223424
63732224
34322944
48222464
34642432
76223232
64374272
64233472
63327232
34723328
92342272
34422272
82226432
23323648
32863232
47374336
33383424
24242432
72722432
36692224
24223232
22233344
22634496
47222272
43222272
48724224
42382336
42422272
47323392
23883264
24372736
36242432
42324224
76242432
46422272
32223232
43227392
84722432
34292224
86243328
42673664
97343232
32383232
72223232
22243328
62222336
22239232
73247232
83222272
34723328
29426432
24692224
23382272
42322944
32436736
32264448
24824832
93227264
22322432
62482432
39222784
22962432
22642944
83423232
24229376
44246272
24223232
33332224
72223232
37223424
22774272
36223232
48342272
26344448
23222272
92293632
72342272
22239232
38324224
24223232
22264832
43326464
33462272
92722432
34388224
22322432
63226624
24794624
68722432
86322432
26463232
23762432
23723264
22229248
23227392
62623232
23227392
63732224
32223232
34234624
22633472
23237632
22623232
32246272
83442432
42294272
23442944
22424832
26247424
72223232
32333824
33492224
22423296
32372224
79732224
26742272
72223232
33323264
43764224
23227392
24223232
34222336
23223296
83282432
68223232
82228224
22226432
38324224
82934272
84274432
62222336
44639232
22332928
34322432
23442432
33727232
74623232
27222272
42633984
23736832
63292672
22738432
98623232
22243328
62239232
44724224
34228224
33273344
33426432
24466432
36244224
23634432
22437376
34463232
23222272
92233472
26322432
22943232
32292864
24244224
32334336
23924224
42727424
32886272
72223232
34243328
24293632
83222272
26228224
33343232
44442624
33342464
43262464
33342976
23743232
28622336
42326272
32222976
42382336
66326272
29223424
48628224
22324224
22226432
44223232
43224832
72246272
23337472
42437632
92227328
22228736
83743232
34234624
43444224
62436864
22484224
73439232
23337472
43273728
62377472
23226624
34266624
36244224
32922624
32232448
86222336
27623424
22228224
63333376
68223232
87224832
72423424
22262272
76323328
44327424
32223232
64229632
34294272
24223232
43442432
74633472
62239232
22222336
22463232
22923264
47227392
42322432
23382272
98292224
32423424
22322432
26324224
82642432
23363328
26228224
33364224
24722944
24232448
62332672
82324224
23227392
22772224
74623232
24223232
43222272
22222336
23263744
62283264
43634432
63327232
33742336
39329792
22224384
93223424
26422272
22222848
32383232
87226624
32382464
34228224
22262272
33242624
47327232
22244864
32287232
32346624
22923264
29233664
23822336
23223296
74332672
92223232
32343296
42437632
27423232
64244224
79442432
92383232
23423232
46463232
27833344
23924224
37364224
22322944
23348224
22226432
29223424
27226624
33434624
32246272
23222272
32372224
62232832
48223232
38644224
67222272
76242944
33823232
42484224
42642432
33464832
33422336
42322432
22644736
22484224
43224832
28223232
38262272
32223232
33462272
22332928
23826432
22439424
43792384
23843328
33362432
62334464
23333632
72287232
22783232
62322432
22943232
22363392
22422272
43263232
42239232
82873344
42422272
32242432
33247232
73362432
22687232
36447232
24246272
99423232
72223232
73823232
72246272
36438272
43222272
27282432
63926272
32244224
22222848
37342464
33622272
64822272
23732224
23269632
32333824
26473472
98234624
24348672
78322432
32223232
36222464
26424832
24223744
43623936
42234368
92223744
64223232
82322432
24293632
86264832
26233344
23423232
42422784
22229248
22442496
28436224
63244288
24229632
33422336
32882432
42324224
43723264
33234432
82292224
47324672
63222272
93237248
36628224
72233472
23642624
43732224
34224384
38422272
42484224
24363264
92263424
23286272
72223232
24338432
96722432
34228224
29722624
33272832
32822272
37262336
38736384
22322944
22623232
38239232
68223232
32222464
37236224
36232448
27423232
22233344
62763264
37432832
92372224
22263296
22322432
22223872
24238336
87762432
27922944
32284672
22887936
22232832
22463232
34373632
24632832
74622464
92342272
42332672
27924224
73332224
46239232
37663232
32223232
33234432
26324224
26239232
42962432
32348672
23393792
84362496
42793472
26742784
23222272
32722944
24224768
42687232
78623232
79322624
43243264
34834432
29823232
24334336
36227328
22637824
32942336
62324224
74623232
24244224
42932224
23732224
76622336
23222272
37823232
37332224
68222464
32223232
46646272
26322432
22642944
32372224
42292224
23422464
23263232
32244224
93242624
28773632
82422272
32383232
24223232
22328832
93238272
93422336
82343424
32342272
33426432
22232832
22388224
42629632
24692224
62633472
67333632
22228224
72423424
22797824
62943232
22363392
27623424
33733632
23423232
66332672
66422272
26332672
22228224
34223872
32242432
22324224
83222272
26232832
43926272
62223872
74623232
62697472
63327232
27423232
43243264
23237376
96722432
22222336
24822272
93343232
38262272
86324224
76223232
23732736
62473472
32242432
42322432
22834432
22324224
43732224
38239232
72323328
92327424
22738432
22674432
32223232
83423232
92342272
23922432
72382464
24328448
62847232
82322432
23228928
28634624
22322432
22232832
33278464
26933248
32246272
79322624
22343424
44483328
32223232
22364672
82324224
22224896
22232832
62232832
72223232
23327232
24372736
42674432
27228672
34422272
83423232
23222272
24342272
28383232
27226624
23232768
43342336
22426624
23386624
22224384
33223424
43278336
23222272
34294272
24333824
37863424
44232448
22427392
22324736
27444736
82324224
83423232
62424832
22446336
43483648
42422272
24248832
37622272
69247232
34228224
26742272
22478336
42484224
23323392
32722432
48372224
33242624
34292224
46222336
23922432
24223232
78324224
33242368
36242432
72843264
32263424
26463232
26324224
23643392
32647424
23222272
93332224
22367232
34339328
42367232
22347264
44222464
44229632
64863232
33364224
83222272
24244224
33822464
44263424
82339328
23382272
47222272
32462336
42292224
32232448
79322624
23732224
23243264
46367232
23223296
33223424
23636224
46247424
62463744
72743424
38262272
38228224
34873344
48726272
32223744
32244224
24242432
76222464
26463232
82322432
94437632
26239232
22226432
64233728
33223424
32324864
24242432
74228224
78292224
22322944
42423296
79222272
32389632
68383232
22422272
26872832
33243392
34422272
34422272
36372224
42222336
24438272
23284224
24436224
22736384
86422272
22347264
34294272
72626432
42228224
32383232
63822336
22334464
24223232
43743232
32434432
22229248
24722432
23427328
22326272
97242624
83382272
62232832
26332672
33424896
23928832
33739264
72323328
32446464
42322432
92423424
32442624
43224832
38646272
66422272
22232832
28323328
47922944
33923328
32223232
38772224
23273472
28726272
83423232
32276992
28633344
29332224
38238464
22322432
23732224
38232832
82343424
22226944
32263424
44383232
24223232
22673664
82324736
23839232
33663232
29422336
22239232
82229248
34234624
73247232
23832832
32744448
24434432
44242944
22234624
44732928
64329472
38326272
84242432
24293632
42642432
23423232
72423424
33422336
74742272
33723392
96722432
22234624
29243392
24292864
42239232
24628224
92246272
47333632
23222784
32692224
34382336
44383232
38226432
23722496
66332672
26322432
76626432
23223296
42934272
37927424
23222784
62923264
32244224
42233344
47374336
22462464
68822272
22324224
72922624
23943424
63333376
63647232
92639232
23322624
36643328
72822272
24296448
23924224
62247424
38332928
26239232
32332288
42932224
24479232
33823232
27226624
22842368
24722432
32724224
22324224
34823424
27444224
64222464
28242432
26642432
62262272
73942272
34463232
22373632
82847232
22267392
44634624
62644224
42422272
22334464
22226432
43282432
34234624
24743424
26232832
22226944
22446336
22932224
94623232
43282432
39924224
29727232
92223232
62642432
28967424
29224448
64722432
22687232
22232832
73462272
32233728
32332288
27323392
44927232
64223232
23374336
42267392
26322432
64372224
22627328
32223232
22364672
32442624
33383424
23322624
32246272
34422272
22324736
23224832
26249472
37332992
38243328
46324224
22247424
72242432
86233344
34632448
22463232
22868224
39282432
62362368
39226624
73332224
22232832
82422272
28244224
46729728
38484224
47444224
62233344
42268672
23943424
22243328
44743424
24329472
39822336
32632832
62222336
23442432
63222272
33223424
23823872
92223232
22482432
22994432
24743424
23693824
22222336
32822272
73332224
62222336
46239232
22322432
33383424
47636224
28329472
29823232
62623232
64246272
32822272
64227328
62233344
44274944
44242432
24423424
72223744
72632832
79262464
24223232
36276224
26243328
72462336
33422336
29362432
84223232
22422272
22239232
24223232
22623232
93323264
29233664
22367232
23732224
32276224
72274432
24222464
62926336
24274432
26362368
22228224
32327936
42232832
32932864
72333824
22823424
26463232
42422272
27732224
23228672
42324736
23322624
22923264
77223424
23922432
73332736
23263232
23733248
23796224
24293376
42322432
34232832
38324224
26383872
28246272
23286272
68223232
32922624
23423232
23333376
44639232
62422272
34373632
33622272
33234432
44223232
44429824
72223232
26832384
23924224
22648832
24223232
23839232
22226944
42443264
32382464
43922432
73682432
32229632
47826432
72692224
42373632
26332672
23282432
32346624
23892224
62286336
23323392
82343424
23322368
24372224
73334272
32633344
68232448
23263232
33439232
38738432
23422976
22232832
23324672
48393728
24473344
27342336
63423232
39284224
23237632
34422272
33343232
22222848
26322432
23783424
23263232
34463232
74727424
32342272
42322432
32223232
82234624
43383296
42272768
39423232
22326784
23284224
77447424
42484224
32398336
23828224
23433728
82292224
23742464
43323392
32628224
96327424
22964224
33228288
42783232
42622464
22646272
32282624
43322624
26228992
22239232
38262272
23284224
33426432
66422272
23222272
22292224
49362432
24622336
23764224
23823872
34232832
38422272
72237824
24223232
33242624
32233984
22363392
32767232
23223296
23322624
32822272
24263424
84223232
42962432
22234624
68342272
43423232
22644224
42222336
22424832
48722432
22823424
43222272
34427392
42463232
34232832
22222336
29944832
23463424
26962432
23333376
72442624
22424832
34677248
22324224
38843392
24323328
29622272
32722432
43423744
79423232
22324224
43723264
29343232
39423232
26234368
36724224
37622272
33364224
23764224
72233728
73332736
33294336
32244224
73262336
76882432
22247424
72282624
24263424
32242432
44222464
22439424
32223232
23922432
62222336
32372224
92342272
66422272
27342336
22324736
62367232
42282496
63463424
34222336
83333632
72436224
22326272
23222784
44242432
28383232
46623232
23224832
22727424
32244224
32434432
33247232
38324224
33343232
34294272
34422272
23642624
26292224
92323328
43282432
22236672
63824384
24822272
74228224
74424832
34322432
44424448
26234368
43239936
33722624
27222272
46222336
62887424
33633792
32982272
43292672
22733824
84434432
63327232
23222784
33343232
27322368
72244224
32423424
42322432
32622336
33823232
24233472
33223424
26326272
32383232
22836224
22226432
22322432
32372224
23263232
32244224
34943232
26322432
37238272
83222272
23263744
26228224
23444224
22332928
23222272
22836224
34424832
43636224
23399424
32423424
34232832
72223232
62224384
72242432
49247232
62324224
93223424
34373632
49238272
62343424
43743232
32383232
22382336
92242432
42228224
22932224
43636224
32323328
43226624
24333824
26642432
44342272
34292224
63623424
34842624
29279232
74243328
43634432
32222464
32374272
33724928
46262272
24948224
28722432
36223232
26322432
74623232
39322624
23327232
33323264
26222336
77622272
32692224
68447232
32263424
33234432
49234432
22324224
42289664
32342272
84223232
23442944
47222272
29343232
72223232
43263232
42783232
43223296
92323328
22224384
24293632
23223296
29343232
62324224
62964224
74292224
36232448
84383232
22343424
24863232
27322368
43442432
42332672
32824832
72372224
66324224
73723392
23327232
22228224
22823936
24223232
22264832
27222272
24223232
73343232
22842624
32223232
38322432
22774272
24633344
33323264
22943232
36223232
92882432
24327424
73236224
63348224
22292736
24248832
22324224
23226368
37343232
94388224
22243328
42932224
22842624
37428224
22363392
32242432
22482432
63924224
23348224
22482432
73823232
22232832
73774336
43322624
26228224
66243328
76342272
23433728
33244672
22332928
32837632
76372224
37479424
62322432
72372224
72343296
32249344
27423232
24927232
33973248
32372224
67422464
63227392
83922432
42232832
67333632
47732224
83333632
33326336
33332224
68242432
22228224
22226432
84263424
82482432
44327424
33823232
63623424
23284224
74262272
42324224
73283328
24244224
23222272
22732288
34962432
77428224
48244224
99224832
26484224
73234432
43892224
32223232
22322944
92263424
22222336
47222784
32223232
82232832
32623872
24244224
28223232
24274432
23324928
37663232
29227264
37323264
27634432
62362624
63322624
63363328
42836224
24272384
22463232
27922432
34774272
42228224
23924224
22229248
43482624
62226432
89332224
43233792
24293632
22324224
33722624
62623232
22836224
43346432
24436224
22223872
32244224
64722432
44626432
26622464
23342336
23732224
32372224
34962432
26332672
76342272
26233344
34322432
93223424
23326464
67924224
26328832
23269632
42343424
63226624
32628224
22836736
64383232
42224384
44223232
23222272
23892224
62932224
24334336
62772224
47439872
66322944
32342272
63222272
27429376
32442624
22482432
39222272
23327232
22223872
33236224
44223232
22623232
42622464
32383232
86222336
43222272
32223744
22232832
67282432
63263232
43828224
33247232
36822272
73439232
76244224
83367424
42367232
47324928
46222336
68223232
62224384
82292224
22347264
67423232
84242432
32722432
76393472
43327232
23223296
92423424
28722432
32333824
33492224
47282432
22362624
38324224
42742272
34422272
22236672
76223232
42642432
22286336
68342272
23363328
22324224
22292224
24722432
24242688
33623296
26228224
82328832
22249472
26422272
22224384
22222848
23427328
62243328
23244288
29323264
24222464
46239232
33433344
47438336
33334272
73223424
34322432
82623232
32223232
34492672
28223232
74422272
27636224
72722432
24244224
33842944
37366272
48423424
32822272
33227264
37223424
39327232
29223424
37234432
34674432
72249344
36438272
32743424
43423232
33364224
44726272
77663232
33332224
24282624
22667264
29343232
33429248
22243328
34623232
73223424
82943232
44732928
22943232
39474432
72274432
84342272
23672832
24223232
22943232
29362432
23222272
23292928
24287232
43922432
72282624
43826432
22367232
42239232
22262272
43346432
24333824
64274432
33343744
27922432
28363264
79442432
23463424
38239232
32233472
22283264
92622336
22263296
92242432
43263232
37383424
82473472
32336896
42292224
34243328
89426432
73332224
43423232
77663232
94633472
26226432
73332224
66422272
23826432
42277632
24223232
34873344
42432768
84342272
23734272
27226624
66226432
73663232
82322432
22283264
63423232
42232832
84242432
22228224
23732224
22232832
29622272
82228224
23892224
29236224
32383488
42222336
23222272
77662464
38222336
87444224
22442496
36239872
24939264
38322432
26727424
42343424
24722432
62292224
27826432
38738432
47463424
24846336
44327424
22277632
43636224
42932224
22369792
24223232
24922624
86422272
93268224
94772224
32722432
46332928
44622336
36276224
22226432
27834624
33247232
23327232
73362432
22222336
23627264
82322432
23423232
33332736
32223744
84229632
32223232
77343232
23327232
24244224
22772224
22286336
22329344
28344832
42446336
94262272
29663232
22233344
74322432
23423232
23743232
62642432
73333248
32374272
72244224
43764224
23967232
32274432
42262272
22222336
44242432
22343424
92383232
34234624
93232384
83423488
36434432
32223232
22322432
82422272
22772224
78283264
24333824
29323264
27444224
72493824
42226432
64884224
62382336
83623424
38223872
33364224
42232832
73247232
22667264
27442432
72722432
23222272
23732224
26292224
44223232
23224832
76242432
32722432
42228224
43834368
29364224
43423232
26322432
22294272
63822336
22324224
62932224
74322432
72223232
23327232
47322624
33876224
73823232
24443392
22226432
22832384
33298432
33332224
24348672
42294272
34322432
32372224
26228224
22223872
24263424
93492224
22443264
32338432
88244224
36263424
34226432
42623232
23333376
42238464
36383232
28242432
22228224
44222464
96223232
82234624
37236224
32822272
23222272
33483264
23636224
22484224
63263232
22332672
64383232
72242432
42424832
78433792
33236224
32722432
23423232
22734336
84822272
42962432
64632832
48244224
42642432
42322432
32222464
33972224
23224832
32274432
33242368
62232832
23263232
33232384
36383232
33336832
32233472
24287232
48223232
22377472
46623232
92634624
22838272
37236224
28223232
36222976
46482432
22647296
37972224
44472832
29247232
44923392
23382272
22243328
42439424
33266432
33343232
22228224
23824384
42232832
23263232
24333824
32822272
62332928
34943232
28232448
42932224
23222272
62623232
93332224
38226432
23284736
44434432
34423296
36223232
44922624
72229376
23337472
23222272
24333824
84747264
23222272
73362432
33829632
38283264
32233472
27228672
62292224
42226432
24342272
43333632
94226432
27226624
32223232
32792832
63327232
64287232
23246336
43723264
24372224
44327424
27222272
83423232
44442624
22437632
29993472
62422272
38623232
64222464
24424448
36293632
43322624
23422464
34463232
33362432
33742336
84822272
43322624
32863232
32886272
32338432
42873344
34262272
72423424
32389632
22264832
23284736
32423424
43262464
26463232
32372224
23323648
22268928
22332928
32946432
22444288
34324224
42326272
24242432
22232832
23244288
92223232
84334336
32483328
28242432
26262272
24233472
86382336
72722432
82962432
24244224
43423232
72242432
36276224
44242432
22222848
23327232
22332672
32227328
22623232
22783232
32472832
72244224
62226432
33492224
42239232
42233344
22243328
22222336
42422272
42462464
32462336
72423424
32267264
43263232
27322624
33343232
22322432
36323328
22674432
72263424
22623232
23342336
32223232
22644224
22638336
22324992
47627264
79732224
32274432
28423424
22322688
94623232
42292224
62262272
68223232
64223232
27322624
74324224
24223232
63273472
42783232
62239232
22632448
93622272
63732736
23382272
26932224
32223232
64383232
24428288
24287232
42622464
32233472
88692224
88927232
42322432
34322432
43222272
93236224
23743232
32863232
94644224
44293632
33823232
33234432
36342272
22347264
62443264
26322432
22324736
32323328
26343424
32223232
32333824
27732224
32292864
22742272
48223232
33236224
26262272
22324224
32889344
44244224
28473344
63322624
82228224
77663232
72267264
24223232
22232832
37334272
38233344
29833728
97247232
72242432
27263232
27323392
32822272
23762432
22264832
74228224
49242624
22322432
29343232
22623744
28632832
24244224
42322432
33337344
22823424
24334336
22826496
32223232
62322432
38262272
33242624
62324224
32387328
86424832
32244224
47323392
96223232
27236864
62322432
33247232
72438272
44634624
33234432
63924224
22233344
44246272
39327232
23423232
73823232
37236224
42228224
24276224
43263232
82222336
76383232
22322944
34932224
22239232
32242432
32922624
42399232
43474432
26243328
22422272
24274432
23282432
76342272
26222336
44677632
37236224
23348224
33243648
42623232
22746624
22243328
83333632
23233792
42332672
68263424
63922432
32447232
33242624
28242432
32223232
22322432
32229632
42834432
23284224
73332736
22367232
24323328
46239232
34322432
22623232
22324224
23463424
43764224
32436224
29362432
42823424
43636224
84238336
48342272
32223232
82232832
44882432
42322432
23427328
23222272
37332224
67423232
22393344
44424448
23243264
22738432
22634496
24822272
22322432
32436224
94222336
32272384
32232448
23732224
33332224
23423232
32246272
34226432
72342272
74933248
22367232
24223232
63862272
36223232
32377344
82627328
42239232
32338432
33823232
69236224
22226432
24223232
72223232
36223232
22236672
33332224
64336384
64223232
24227328
42633472
26324224
23378432
22228992
27239424
32799232
23222272
64338432
24223232
22932736
42322432
32244224
46636288
23623424
26247424
22367232
33234432
43282432
72344832
26286336
82424832
38226432
72822272
28372224
23327232
72244224
48223232
44223232
46232832
32383232
42463232
34243328
42426624
22734336
82482432
32372224
38226432
33266432
28242432
93268224
22267392
22326784
22347264
44434432
63862272
64223232
24372224
32724224
46463232
94292224
26463232
33223424
22222336
43423232
32332288
64223232
34243328
72863232
33227264
82422272
22228224
23862272
34386432
34734336
72327424
46322432
72223232
79273984
26422784
42623232
34642432
62233344
37234432
34373632
23263232
22623232
72223232
32722432
72323328
32882432
86243328
22928384
23337984
22463232
94623232
22222336
92242432
44242432
24822272
64424448
22738432
43423232
23423232
92242432
38264832
62932224
42262272
63442432
22222336
23322624
87327232
23423232
26484224
63223296
33247232
22962432
26228224
28474624
22262272
24389632
22646272
24282624
24373248
22847232
94324224
24222976
26239232
28223744
22484224
84263424
94222336
33294336
49447424
72223232
88223232
72429824
42742272
34223872
83322368
63647232
27282432
33823232
82222336
22623744
22797824
23243264
36724224
63324672
32276224
43423232
32722432
23263232
29343232
24223232
22239232
23324672
22727424
63222272
42426624
64329472
34324224
43222272
23228672
63237632
34744832
24293632
76242432
22836224
99423232
43427328
24443392
44263936
84434432
42623232
26827264
42629632
64223232
23272448
24323328
36372224
26732288
49332224
28244224
82642432
36342272
26222336
83444224
22842624
33663232
24233472
67922432
22426624
36227328
29422336
29332992
42239232
23723264
29663232
42292224
39378432
33434624
23732224
22232832
32438272
77323264
22292224
26232832
36342272
64423424
32434432
82232832
37279232
32423424
32822272
24283392
87862272
22388224
42222336
43263232
27262464
29223936
43222272
32272384
34226432
23222272
22233344
24238336
23322624
22324224
23442944
23444224
23623936
32863232
22823936
82322432
48223232
22243328
33226496
29243392
29663232
43924224
46239232
23226624
42424832
22222336
34228224
22222336
62422272
66322432
34324224
29323264
43327232
24232448
42292224
23282432
33823232
22322688
73332224
37863424
29332224
23423232
23348736
46326272
42238464
26292224
24274432
42962432
27322624
23463424
23323648
98322432
48263424
63333376
44334336
33462272
32722432
23967232
43224832
37876224
26742272
42324224
32374272
26644224
23327232
22392832
33722624
24633344
36222464
44468224
43324928
63323392
22236672
83323392
42249728
42373632
22226944
23222272
22236672
22362624
42243328
62329344
89343232
42373632
22222336
68223232
66232832
23237632
23839232
62222336
29247232
33342464
32732672
77343232
84639232
32244224
26422784
24244224
23322624
34422272
37334272
32222464
67323392
74222336
34262272
62222336
42422784
66228224
24248832
22996224
24323328
43222272
26322944
42322432
64222464
63282432
24383488
42663424
22943232
93422336
32244224
39237632
22923264
42247424
26382336
64927232
39222272
72722432
22324224
42228224
32722432
32393472
64274432
23273472
22222848
32632832
23423488
23762432
42482432
72223232
74334464
26623232
24223232
34322432
33383424
64423424
32628224
22292224
34463232
23263232
46322432
23623424
84244224
23634432
72664832
22388224
32466432
27743232
22834432
23222272
23832832
32633344
34422272
39222272
24863232
43322624
24227328
72242432
32436736
42292224
32333824
66324224
22422272
82322432
34932224
23223296
32436224
42232832
42422272
76242432
24263424
23237632
22367232
32287232
24622336
73273344
67382272
77343232
27327232
32233472
33742336
38623232
22228224
73272832
82437632
44263424
36327424
66834432
22322432
29622272
24377344
32382464
92732672
28223232
44342272
36223232
37236224
78262272
43222272
62232832
26663424
37223424
23222272
43323392
22224384
32242432
23332864
42322432
23222272
32223232
23762432
32242432
72692224
22228224
28432384
49236224
22332928
92374272
32342272
23732224
42232832
76223232
32342272
29362432
22644224
24438272
32342272
24242432
43343872
22324224
66228224
23263232
72223232
73334272
32246272
22943232
23226624
22228224
37364224
32242944
32342272
24333824
33434624
24244224
26322432
26868224
62482432
22324224
66239232
22222848
28327424
42232832
72438272
46232832
22222336
23423232
24223744
32223232
43226624
34322944
22262272
23732736
38424832
33334272
24223232
72223232
22233344
23222272
22774272
24722432
82484224
36223232
37234432
42842624
72223232
32323328
39222272
42322432
44442624
22422272
72344832
42324224
22324736
72223232
34373632
32722432
32223232
32424448
32763392
44222464
62228224
22322432
26463232
34326272
62264832
62222336
22292224
43222272
62222336
32727296
74623232
34292224
22823424
44222464
64242944
22783232
87824384
27323392
22623232
22322432
93622272
67423232
34842624
22463232
44373248
23348224
42644224
82292224
28223232
34234624
38234624
32223232
32372224
72338944
76323328
27223296
33622272
33823232
42422272
22223872
27263232
23222272
23333632
74422272
92287232
23239424
33364224
22228224
42633472
26243328
37823232
22623232
22943232
22263296
33462272
33223424
23732224
24724224
32246272
62623232
24443392
42926336
22364672
34222336
62243328
74783232
22623232
96372224
72223232
27327232
92233472
42322432
82222336
23222272
23476224
34222336
67282432
22222336
62226432
48622336
32276224
42623232
33242624
22633472
82322432
32922624
22484224
92423424
23327232
32443392
23222272
22446336
32223232
37236224
72722432
33263872
73432832
27892224
28229632
72393472
46463232
43423232
33273344
22427392
22239232
23476224
43423232
26264832
22279424
23734272
67422464
24223232
42932224
92223232
46324224
22329344
44323328
62623232
44336384
32223232
66228224
23463424
29266432
34222336
27423232
23349248
27442432
22247424
68383232
63637248
43743232
22623232
22783232
33343232
46224384
82727424
34226432
27442432
42623232
32329472
92282624
32223232
84242432
92222464
22223872
43743232
22277632
42324224
73433344
92634624
32244224
24242432
27323648
36327424
26622464
83822336
38623232
64233728
27342336
26422272
23662336
63442432
83423232
93227264
22226432
64246272
24436224
32223232
33423872
64223232
38324224
23833344
23668224
22734336
73234432
46362624
22223872
62322432
24922368
34292224
39222784
32323328
33294336
22873344
89332224
23438336
43633664
83484672
26623232
28363264
44383232
22424832
44473344
27922432
36222464
43764224
33622272
24223744
83284224
26642432
23346688
29343232
24274432
22322432
64432384
24233472
22228224
27732224
24223232
26228224
22326272
22746624
33232384
63263232
42234368
32729344
63263232
26243328
22234624
62226432
33232384
23222272
62324224
32822272
23322624
73342464
24246272
38238464
64227328
22292224
62224384
32244224
46324224
28223232
43382272
34322432
74422272
22629632
42262272
63733248
39284224
32223232
32244224
24434432
22232832
22292736
32432384
66222336
82322432
74232832
82322432
22262272
22222848
22233344
33232384
32233472
39222272
24223232
23472384
22324224
62332672
32223232
46226432
33234432
22277632
29223424
24274432
22896384
22226432
42226432
22823424
42382336
22223872
23423232
32223232
73343232
33426432
73436672
24334336
72223232
23243264
92242432
62644224
82932224
24246272
34422272
33663232
22264832
62932224
62324224
42873344
24242432
23422464
46233344
22236928
23327232
73332224
32333824
22382336
42222336
22239744
22222336
93622272
23327232
83627264
32423424
34226432
72822272
32223232
38226432
23433472

