2223279232
2243237632
2293263232
2429343232
2443982848
2622326272
2634422272
2662623232
2722239232
2722964992
2732222464
2792347648
2862932992
2873632768
2948282368
3224223232
3226642432
3232282624
3273236224
3298637824
3342323392
3362228224
3386226688
3632342272
3634623232
3679226368
3742222336
3873439744
3926223232
3983423488
4263442432
4322424832
4324323328
4342239232
4343732224
4373343232
4736223232
6223243264
6233362432
6263222272
6289349632
6828734464
7273867264
7496433664
7734482944
7924922368
8276383744
8349927424
8442492928
8772222976
8872474624
9272223232
9728363392
9743386624
2222437632
2223246336
2236372224
2236434432
2279482368
2362343424
2382623232
2472244224
2472389376
3223924224
3249678336
3333239232
3432383232
3478292736
3622972992
3639349248
3647467392
3823222272
3884946432
4222362624
4334834688
4337229696
4366622976
4822324224
6233236224
6337932288
6466827264
7693942272
8224822272
8232244224
8472247296
8682427392
2229223424
2232223232
2234642432
2249682944
2263327232
2299449344
2366633984
3372723968
3439348736
3674494976
3774746624
3826282496
3872288768
4222644224
4429672448
4646432768
6233234432
6423222272
7224246272
7947382784
8384442368
2283644928
2423322624
2667779328
3222239232
3292223232
6394847232
7287822336
7623377472
7889332224
8333497344
9242729472
2236924928
2277223424
2364223232
2766439424
2868626432
3322226432
3426372992
4383884288
4473426944
4494328832
4632223232
6497426432
6932882432
7223272448
7448462336
9274329344
2324242432
2934399232
4222222336
8326733824
2262924288
2976823296
3228392448
3238843392
3424223232
4434729984
4622846976
4643748864
6244236288
6349492224
6633347328
9436626432
9474697728

