222222232373428224
222222286278623232
222222368622772224
222222929722343424
222223323722932224
222224739742236672
222226232722292736
222226824422227968
222227347336372224
222227783642382336
222228228222222336
222228387623337984
222229242426949632
222232342326239232
222232438624223232
222232622262239232
222232737222623232
222232933282332672
222233282343862272
222233347223322624
222233886229266432
222234232224743424
222234427432894464
222234633322463232
222242287682322432
222246243223732224
222247222398222336
222262269862477824
222266238434279424
222272224883638272
222272446449844224
222279243923423232
222287372333236224
222294232472223744
222297778324242432
222298496234422272
222324462733492224
222327389332242432
222327679283232768
222327943232274432
222328372222623744
222332226626322432
222332648247263232
222333484322783232
222334342972342272
222336323227662336
222337936424927232
222339224482873344
222339737833242624
222342622293786624
222343274432692224
222343822229372928
222346276278239232
222362328928223232
222363339273234432
222363742824824832
222364824892342272
222368244329742336
222369624732229632
222372628263862272
222374677429223424
222378232422334464
222379273322422272
222382392232476672
222387432262926336
222388297433874432
222388428233244672
222389243722727424
222392229246222336
222394484392722432
222422272793247744
222422632332263424
222427382292283392
222429233632223232
222429344728743936
222432463624863744
222433928333623296
222434369494843392
222434888339423232
222436392343732224
222439338363322368
222442337342324736
222442476242337792
222448843273273344
222462462262247424
222466874263732224
222472223363432448
222477332342243328
222479924622262272
222482272322322432
222484379232632832
222492323622223872
222626237838262272
222627289286836224
222627424322322432
222632334222262272
222632773942247424
222632926442422272
222634472736227328
222639328774324224
222639773273874432
222644248246222848
222647863433232384
222663422464229376
222672496224632832
222674223222226944
222682224427794432
222682683924283392
222723382233268224
222724622746386432
222729242342326272
222729323232632832
222733234324242432
222733322242228224
222734232273272832
222737247723626496
222737438223433728
222738736444342272
222743642238222336
222746262833332224
222762948448223232
222778467223732224
222793373729332224
222823222247227392
222823439292432384
222832422342623232
222834484662239232
222843464973287424
222843474337333248
222847638662283264
222848262422396928
222876433437622272
222882362327826432
222884732323233792
222886293443444736
222899473672372224
222922677322727424
222923232884293632
222924234383327232
222924263227932672
222933744324329472
222936236639327232
222942274384822272
222942479223324672
222963272672329728
222977334323423232
222992696427282432
222993396222492672
223223962942439424
223224332822249472
223226347429822464
223227362272223232
223227434848223232
223227466433298432
223229937726222336
223232224483344384
223232282228293632
223232336238772224
223232462263222272
223232737722236928
223233478327222272
223233662926393344
223237344832782336
223237622242639872
223238432622772224
223239333323446272
223242273442234368
223242289622286336
223243872743227392
223244424497332224
223246223222243328
223247232224722944
223247726633336832
223262782263263232
223272833872822272
223272932742623232
223274422292447232
223283234342633472
223286228273332224
223297738246324224
223299227422236672
223322224642228224
223322299326332928
223322427246772224
223322837233434624
223323348242792448
223324333892222976
223324927422234624
223327372232466432
223332322844639232
223332473338232832
223333662237622272
223336226272223232
223342293233332224
223342434843623424
223343742242783232
223346782436327424
223362233446367232
223363232723828736
223394382222262272
223396449239826432
223422934424223744
223423326822334464
223424629762424832
223426226332237824
223426832224223232
223433233242292224
223436286327324672
223462272334823424
223492226282422272
223623284363624448
223624679224246272
223642423422222336
223673722243743744
223689439627444224
223724238637326336
223724429722386432
223727793463222272
223732447686623232
223732623262482432
223733632823672832
223743339242422272
223823987672334336
223836798272274432
223838339422224384
223842237222223872
223844762393247744
223862292269236224
223876423272628224
223929328422223872
223937872222224384
223972734223429632
224222372743348224
224222743273439232
224222744332468224
224222962444664832
224223947723833344
224224436326367232
224232848838623232
224232926673272832
224234226436276224
224242244734943232
224242474822926336
224243433634332672
224244222332239872
224264227947282432
224274632442642432
224278337223327744
224278473782329344
224282234264223744
224283392263323648
224283846323994624
224284642822324224
224287234367422464
224296422428639232
224322234222772224
224324372433272832
224327372829622272
224327992222236672
224329328832282624
224343376429842432
224363442242322432
224368823447322624
224376446672437248
224393227432722432
224394243264479232
224422272826343424
224422892849332224
224423743427444736
224433323886772224
224434322222874624
224442742333243392
224448724422623232
224462968672223232
224467222624468992
224472642474737664
224482322272223232
224493242632372224
224497632363282432
224623333642272768
224632723439222784
224647243432722432
224647323324383232
224664397324222464
224666674292293632
224674622862262272
224682426233782272
224682622432837632
224687287734239232
224723324422324224
224723824234463232
224742834733842432
224762782232346624
224772227433234432
224774279232233472
224792223238324224
224823484436447232
224826732422627328
224847932622372864
224884722323423232
224893388376244224
224894287324643328
224922623763382272
224937827462283264
224942633224372224
224964733487284224
224974446232338432
226223233293238272
226223433342222336
226227673272287232
226233227266228224
226237426223284224
226262378432692224
226263432222277632
226263433894428672
226286624622772224
226292376822349824
226292849372233728
226323767622629376
226332243327762432
226332972469223424
226333273268293632
226338842364346368
226362323234783232
226376373222623232
226382333239222272
226384826326843392
226423224322228224
226427923392233472
226432263627472896
226432937838772224
226433732444946432
226442483368722432
226444474343227392
226483328444792832
226497692222226432
226632836329242624
226674242276622336
226727768723226624
226732322882322432
226742773826322432
226762243238264832
226847263423463424
226863282439323648
226937279494324224
226963836238823424
227223949222674432
227224492337332224
227226269332242432
227226722743222272
227232322686222336
227232326699384832
227247232337362944
227264624296722432
227267434724327424
227277982693343232
227296439227662336
227323497223323648
227326399492276224
227334227249332224
227334394464436224
227342462927634432
227349443823796224
227373226232334336
227377243334836224
227383842472722432
227436422432292864
227468229866422272
227622274662924288
227623732332724224
227628238222393344
227673423422226432
227684272276242432
227692332942262272
227738869323743232
227762398244634624
227764283929362432
227774384223289344
227823992262623232
227842333669343232
227872298848223232
227929476232249344
227932222238687232
227972692474232832
227978242622226432
227983623827226624
228222734737342464
228222778436222976
228223324226322432
228223674263273472
228224723383222272
228232462643232768
228232464823222272
228262222982283264
228262467424223232
228263333226872832
228322732342247424
228324679933722624
228327732222492672
228342836842463232
228343823443427328
228348322262286336
228382348444434432
228444962272837632
228487322243432448
228492494424244224
228643346272223232
228682434474934272
228692233662234624
228733642428383232
228783242474422272
228826287622324224
228923224224694272
229224322442723328
229224336823222272
229228368283828224
229232933273336832
229262443473272832
229264334628323328
229282263333236736
229294824343732224
229324327233232896
229326393422932992
229362342479327232
229392323624927232
229464372432863232
229484822362324992
229493337934823424
229622827447222272
229632393239327232
229633946464223232
229643923383263232
229723823388229632
229728346222362624
229729673732622336
229739322229627392
229749232224927744
229832388224483328
229842684343222272
229894242333622272
229926222222262272
232222428267282432
232222446227423232
232222648446222336
232224222237622272
232224247273439232
232224362233823232
232226494226399232
232227236243423232
232227246694367232
232227334482296832
232227733722292224
232228723482427392
232228983223222272
232229669426233344
232232427937972224
232232636873244672
232232773432246272
232233239349264384
232233734222364672
232236823772233728
232237922333663232
232238724283367424
232239222723723264
232243232876347392
232243236638687232
232247273722232832
232247794922422272
232262333272424448
232262727649247232
232263446638362624
232266943822823424
232268278772662272
232272229229494272
232272434848333824
232274229623783424
232278843422932992
232282284437274624
232282749233332224
232283386322878464
232287222237364224
232293889342439424
232322384229433344
232323264742367232
232323324424224768
232324427932434432
232328422924222464
232332336872423424
232332764274229248
232333368434343936
232333727966226432
232333829267226624
232334472627339264
232334934266437632
232342338342223872
232343272424374272
232363322464223232
232363972663732224
232367237277364224
232378382338228224
232384242829492224
232392279223222272
232392672262324224
232426344343928832
232429723283423232
232432482332639232
232436326973663232
232443268423483392
232444224627277824
232478332463333376
232479436333842432
232482362263732224
232484722226233344
232488364224282624
232492322347794432
232492863372263424
232629722246283264
232632723229627392
232672393223327232
232684226343862272
232722463923339264
232726334242332672
232728686833434624
232732228226383872
232732632399224832
232732823233462272
232768742224822272
232778326643638272
232822274443444224
232822726824296448
232834284732284928
232884339347423232
232922424482463744
232929422928248832
232963329242382336
232963822323892224
232968324232249344
232987627333343232
232988362239246336
233222322876383232
233222928433938432
233223823333343232
233228242328223744
233234322232246272
233234822372622336
233239432743862272
233246282364223488
233246744642322432
233262724637343744
233273724464922624
233287223238623232
233292889322422272
233322223972626432
233332293848334336
233333433393887232
233338629373323264
233342787424223232
233346237294772224
233346279432978432
233346422234677248
233372867324276736
233373327223292928
233374329432244224
233382849376223232
233393227247222784
233393348239294464
233399328424722432
233422642892242944
233423322263322624
233423373622247424
233428934276923392
233429878624223232
233432274482233344
233433373673332224
233434232332222464
233444864346292224
233464292639244288
233466232232927232
233473424224223232
233622442423222272
233627894332342272
233636222773223424
233636236333323264
233638947334324224
233722362923384832
233724827488223232
233726226963973632
233726293627932672
233734224828432384
233738844424372224
233777422342324224
233778329484263424
233788467234373632
233823236629266432
233829627232223232
233832922826932224
233837222643892224
233869428272922624
233876489432334336
233922273322332672
233926742629343232
233927832328372224
233947222926262272
233962234662223872
234222243224223744
234223329222623232
234223974374326272
234224986443743232
234227332262633472
234228337434427392
234242379333236736
234247233786273792
234267336344272896
234282274338373632
234298249233334272
234299942286262272
234324438343483392
234327337248227328
234332392467382272
234343392373343232
234362427226324992
234367873422262272
234372693272223744
234393296472244224
234396348482322432
234422642722996224
234423222338322432
234428837262262272
234434993732222976
234442843836383232
234462922333323264
234468442462224384
234473322722623488
234474442246324224
234486243322232832
234492664382226432
234626477934772224
234629334924263424
234632623424274432
234634332937439232
234643233222623232
234723268223926272
234723882739433472
234762277668323328
234774764623429632
234826426494222336
234833464434622464
234849222722322432
234882826333323264
234896922423263232
234899234434842624
234922264732237824
234922926426292224
234927224332222464
234932274228363264
234942347266228224
234948923334623232
234962322639224832
236223223323623424
236224722323423232
236227742646239232
236228342892724224
236239332722233344
236248422974226432
236277342826463232
236282342223642624
236288763283636224
236326278326648832
236346247823228928
236349637942247424
236362288242622464
236368642273247232
236376627463323648
236382993342332928
236446462223843328
236447264622772224
236622223978463232
236626262223224832
236626422749724672
236626872223924224
236632666227277824
236672732638347264
236723828223246336
236724632862326784
236732294992822272
236836244262223872
236847882433462272
236892744239284224
236894263722934272
236926262423273472
236993332634394624
237222444266422272
237229348243636224
237232724232978432
237233282282422272
237244669243932672
237262498972434432
237262762336223232
237272627228442624
237283337632223232
237293433432244224
237346733246644224
237347433794322432
237393268499423232
237426442234232832
237428827836383232
237429384328249344
237433396393396224
237464762362232832
237622362263322624
237623323823327232
237624243433242624
237633764222324736
237777273432244224
237862926272692224
237876326222266368
237926227222462464
237943722332639232
237944686432223232
237993373649332224
238222438746292224
238226243224338432
238228926692327424
238233742487322624
238238443238326272
238244329926623232
238272322876342272
238324279433232384
238332242272223232
238334464839647232
238394963264274432
238422729332293632
238423646228447232
238427269222367232
238624939834343424
238634448736223232
238646363242364928
238732426336223232
238798223222243328
238827222334439424
238832422628622336
238944433433739264
239222847334367232
239232227223822336
239232347242463232
239232372324728832
239232736644636672
239237299422277632
239246248224227328
239339822242332672
239398629226463232
239423662223327232
239432432237494272
239467322672234496
239636234424287232
239637263424233472
239694762323423232
239733862628327424
239743343724724224
239744263742226432
239823642424246272
239882963296223232
239922994323382272
239926623422644224
239943429472223232
242222327484383232
242222844736438272
242223334342262784
242223486842437632
242228222473273344
242233462322233344
242234627827433472
242234884223926272
242236778436624384
242237444324327424
242242237229432832
242242294432923648
242242424326324224
242242662822838272
242248388324622336
242248443362279424
242263422268342272
242272423246823424
242272784363323392
242272932627382272
242273632394723328
242274737937383424
242282332226322432
242293342624284672
242294983243333632
242297243334623232
242322343222837248
242323726723448832
242327223228432384
242329223223263232
242329726624333824
242332348222734336
242333227328274432
242333263223783424
242342443667423232
242343397462376448
242348237336346624
242366633673228288
242369377422262272
242374682739474432
242422673474322432
242423662432223232
242427786243342336
242428742763282432
242429236332724224
242446292273332224
242466343222247424
242467246332444672
242486279424442368
242622336334823424
242628623622733824
242632223262277632
242633934374436864
242637248243367936
242637344224837632
242642324262223872
242663222434332672
242697623263248384
242724772223926272
242732248829263872
242732322229727232
242737233232822272
242742263237332992
242747664823222272
242749832426422272
242762433329332224
242772926244323328
242823989723922432
242824224832487424
242832224733364224
242932282684342272
242933732662247424
243223773837262848
243224332224233472
243237943422222336
243242286667333632
243262473292726272
243266823477264384
243272383379472384
243277332862943232
243278242262286336
243292433282629632
243322333322932224
243322682494943232
243324247274422272
243326924264374272
243334227342237696
243338962246926336
243342222774239232
243342722329362432
243376963384246272
243382832634396672
243424663833673728
243428238223736832
243432627434422272
243433624222236672
243438672446226432
243469327322382336
243477227344232448
243483622923829248
243626686433722368
243627387232223232
243639323882422272
243672867232284672
243674633692643328
243723346722422784
243742222622932992
243743439363637248
243774344226373632
243777392223289344
243822483663224832
243823327234228224
243826943242272768
243833733262393344
243834222227226624
243876642246623232
243982282442932224
244224382224826368
244226332672229376
244229726228447232
244233362227986432
244233774227423232
244242227229622272
244244993232863232
244263972624924672
244264923744436224
244287443432374272
244292692822327296
244292724927627264
244333976224923648
244337232237428736
244339667767222272
244343426362638336
244362696422326272
244383662329823232
244426833829822464
244427772676276224
244432632467423232
244462296426872832
244484263246823424
244499628393234432
244622743332323328
244623224242962432
244624269337362432
244626644986232832
244627222244622336
244682282848223232
244722264634294272
244784337333387264
244864272222388224
244873244266463232
244969233762484224
246233236227342336
246233779697332224
246238642924683264
246279232336822272
246283622449938432
246328436862222336
246333322744233984
246374338268233728
246374949272223744
246386436233232384
246423398224232448
246443428279222272
246473447329234944
246732238342324224
246766729244442624
246927432323432448
246976672322322432
247224333233332224
247227382727442432
247232469293236224
247233292827623424
247242666237493248
247249232774627328
247262244723228672
247264374436724736
247267294263263232
247322243236626432
247347342223736832
247362293344223232
247374224838623232
247377242272333824
247423444344373248
247443324362293248
247464369386422272
247464722272223232
247474693246943232
247732864672333824
247733274349338624
247823244642484224
247933983234373632
248232483337273344
248237232246226944
248262224693428224
248288274322292736
248322334223499264
248366342372327424
248368334238646272
248374632228323328
248386232943378432
248422723292233728
248424424972222464
248442283446239232
248623373223493632
248633386422239232
248693239874322432
248872836922343424
248872933238243328
249222322676662272
249323462326222848
249324494282293248
249332232232894464
249339873222623232
249342747232223232
249374482234343424
249632464372236288
249722482282463232
249732224234422272
249876223862243328
249878472422326272
262222229344223232
262223232634847232
262223676423733248
262224934327222272
262234642246926336
262237663298322432
262242282894262272
262243223479222272
262243347422773248
262248326844383232
262262462492639232
262267248332242944
262292277423439872
262323342227423232
262332496836329472
262342333264822272
262347222634463232
262349342229233664
262373472284442624
262378776626233344
262383842742239232
262386244333338624
262423372392824832
262424229234868224
262428336674832384
262476379246362624
262483237239422976
262488923962343424
262492683722293248
262493824463732736
262498326228762624
262622724233232384
262638324273733632
262638947442622464
262682633726263296
262722277442322432
262728723894239232
262732222243233792
262744932277223424
262749438724276224
262763322222772224
262823332229332992
262834224362422272
262862372238262272
262882428224274432
262922946626322432
262928993243922432
262938286223327232
263222293863333888
263222422624272384
263223632423227392
263224433237262336
263232984928223232
263236372228472832
263268329423634432
263292933836242944
263324423223263232
263326434283487232
263333233333223424
263334343223476224
263337223294623744
263339328323764224
263383247287222272
263443292224487424
263469282229223424
263482322236342272
263488432276242432
263624232344223744
263636233372237824
263662296793362432
263663299927222272
263672226423373824
263693222286262272
263773393233444864
263822489833439232
263922332228222976
263986223423422464
264267747223732224
264286427343224832
264297627633844224
264322722942222336
264337332233232384
264372264429944832
264383622826426368
264394946824372224
264472322232287232
264482333437722624
264493622463823872
264723242244636672
264882649263243264
266223276938723328
266226668849332224
266248272828432384
266267237622349824
266282262233874432
266324274694324224
266326273249247232
266332222242422784
266333492426932224
266373889422262272
266433939322232832
266464233736372224
266623444492222464
266684782432223232
266772284832743424
266866223623962624
266976332772323328
267223323234373632
267223329442234368
267226442442473472
267232926794932224
267238264426463232
267263477433372672
267268722323226624
267283727426322432
267323269792223232
267433237342236672
267437339233247232
267632223722422272
267632992662239232
268224664222826496
268234222333722624
268236732232433664
268344392339423232
268366324272463872
268422422933274624
268462242423373824
268623482374324224
268964726932242432
268982642836242432
269248236223463424
269262473992372224
269273732794343424
269327322434322432
269434266944274432
269466372244242432
269626422324363264
269722228743733248
272222233922322432
272222843226292224
272223224922636288
272233842264244224
272263282229772288
272284623633383424
272293438293983232
272322224736436224
272324464824287232
272329693329383424
272334722323636224
272342222263222272
272343822462222336
272344322372677632
272346242733637632
272377347972323328
272382322922422272
272397878423322624
272424242283282432
272427293232267264
272429634243723264
272432232766439424
272432426624483328
272443429824233472
272462243232743424
272476432233234432
272483422326226944
272483929322422272
272484233282322432
272492342332342272
272643333474484224
272674322223464448
272724222443323392
272747329323743232
272769468342239232
272773429333622784
272828332239224832
272832724422623232
272882728427323392
272922689632223232
272934446944223232
273223243272462336
273224243762233344
273228379744223232
273232622242234368
273233336626962432
273234232272863232
273238343674232832
273243284422262784
273246362223722496
273263634624282624
273267328322322432
273273479229332736
273286338422243328
273289327392227328
273336423233642496
273349263723282432
273373436422324224
273383643232272384
273442362822623232
273464469328232448
273632649932242944
273634267236728832
273638263343284224
273642446842232832
273677283322232832
273722236724772864
273732726276882432
273863239226228736
274222266222772224
274222273227743232
274222472376287232
274239433329426432
274242322332647424
274268232647442432
274323239449362432
274323634244222976
274324224439222272
274324422496223232
274363642464436224
274462823762362368
274624289342226432
274634322248466432
274672343247224832
274722822737362944
274723343222243328
274842273627242496
274863442223333376
274923478632628224
274923972439732224
276222234332233728
276229433632223232
276232242323423232
276242833672372224
276327842333663232
276332332686262272
276389286234292224
276423774349492224
276462462239244288
276464324346642432
276623442226446336
276627336342239232
276662223422226432
276696222433247232
276743343482339328
276823332332273664
276832222323277824
276833238322249728
276837728382222336
277222743438262272
277223242637279232
277232886433972224
277272242738233344
277272432327647232
277322342334234624
277322687633424384
277323296223246336
277336492724293632
277383442733236224
277426263344283648
277432324222943232
277432382748229632
277633863362322432
277669836222234624
277732364638224384
277836324274962432
277843328234422272
278233222924468224
278234322828263424
278274223473426432
278622234929332224
278632736372293632
278662292422262784
278672247443423232
278722332733243392
278962622342627328
279222934622994432
279262232262623232
279748462432223232
282222323432423424
282223622372622336
282223943927267328
282224292737974272
282226387943227392
282226843484946432
282227442632884224
282228333323747328
282233683442663424
282237266623463424
282242223622324224
282242379392483328
282247332972724224
282263862424633344
282272262292242432
282282288828383232
282327872437223424
282332274232393728
282333266343493632
282334774432628736
282344934422347776
282363737426362368
282363832237326336
282428329722642432
282449822437343232
282497863336722432
282628239233384448
282628822224863232
282638337624244224
282723497824223232
282732292223926272
282746629246943232
282844346632372224
282932293623349248
282948448322322432
283222243849273344
283232683422646272
283243373233422336
283246222272233472
283269863223263232
283283277362233344
283284942442463232
283322233632227328
283322267242463232
283327933326262272
283344423243743232
283372494479327232
283392246763487232
283423398937362432
283484732322742272
283624787234783232
283644234383228928
283693846244622336
283824234276323328
283828223232442368
283836242422923264
284222424222793728
284247339322834944
284323434234642432
284337743834382336
284386292844724224
284466284983222272
284628262242484224
284722233896927232
284844342726623232
284962292247822336
286229226244276224
286237362262376448
286242432224329728
286243222626238464
286248442823442432
286297633943322624
286424262374326272
286462342827343872
286664236337332224
286837337747423232
287242223742222336
287243636672692224
287266227433242624
287298224377823232
287337422273642496
287624743222247424
287842342326239232
288246348732432384
288297334624223232
288323283732922368
288383224327962624
288873223442399232
288976823232233472
289222399323242496
289338363774222336
289394232263442432
289422332427239424
289473492222738432
289744644222222336
289876263243743232
292226743422222336
292239247433269248
292242244692344832
292246623339282432
292262263923474432
292322273243922432
292322826447224832
292324393322422272
292332632362942464
292338482622234624
292343476286324736
292382283424333824
292422424222236672
292422873696436224
292423322724728832
292426726332432384
292428232223883264
292464677472436224
292478322224922624
292629374233362432
292639323942623232
292669934944223232
292737742672822272
292743782222266368
292746226238226432
292764242272223232
292833324226363392
292882332644278272
292922464269238272
292938324287422464
292942377393426432
292966334334222336
292974282223386624
293223377338343424
293242792224227328
293243243872223232
293268324346232832
293279224382226432
293292232672223232
293322334976923392
293322343336372224
293324242223628288
293334346423222272
293342222338228224
293373273472376832
293422339274932224
293427934626742272
293434322327322624
293623632263227392
293742443663327232
293776678322233344
293838383329247232
293849327223373824
293944234933223424
294222376762933248
294227227923922944
294273233392223232
294289243323973632
294322288642228224
294326832646324224
294334443322343424
294349233832722432
294422423883743232
294443292328722432
294727424233439232
294822243223732224
294834334882332672
294933224222687232
296223384444862464
296224333844447232
296237439328223232
296262222398226432
296384396322373632
296423697724342272
296778322333237248
297224323642294272
297379234222866432
297389463272423424
297438239233723392
297482444234293248
297633242828242944
297648339342262272
297747462449332224
297793463324442624
297834623322292224
298224293374328832
298227244386484224
298326237734633472
298367864262623232
298644732343222272
298922236223422464
298936236427444224
299229263632244736
299424833228242944
299437422232338432
299747434332229632
299773827334324224
299974642223284224
322222229222326272
322222267263762432
322222389223292928
322222477223227392
322222487947444224
322222784822378496
322223283262734336
322223322474676224
322223364623333376
322224292322279424
322233447349223424
322236323783442432
322238222343733248
322239398439223296
322242322426232832
322242683929362432
322243672887263232
322244237238239232
322244238297268224
322244963262332928
322246983746322432
322249223234322432
322263474722832384
322273334233976832
322278672222388224
322278963634962432
322279232224223232
322279237972242432
322283846724747264
322286439822262272
322287322346422272
322293439237496832
322299463872282624
322322247264632832
322322623237343232
322323267443982336
322323333222223872
322324492246843392
322326427642232832
322326444363743232
322328242324242432
322333427266486272
322337232873234432
322338792864743424
322339274444242944
322342233482723328
322342337824948224
322344296248246272
322362236422324224
322362749438263296
322362962762932224
322363362323423232
322364298232332288
322369326223294464
322423439742222336
322424632428724224
322427247332327424
322442932424933376
322444438624272384
322447482682343424
322473272267833344
322482774433333248
322492282882228224
322493642746232832
322494362293727232
322623276422823936
322623842743222272
322624432826744832
322624993662222336
322632372422836224
322632393324724224
322632743222329344
322642762333323264
322668226494332928
322698222232436736
322722292679442432
322726222234386432
322726422248423424
322726663264223232
322728638492639232
322732367222243328
322734244843487232
322739222874292224
322744299232223232
322744322934964224
322773624232722432
322822642922422272
322823683223322624
322828924222439424
322837322332299264
322893732222222336
322922423742234624
322923232227262464
322924678972342272
322928226424848384
322928933426233344
322932292443242496
322934422429237248
322938223933243392
322947773233247232
322978422742843392
323223262442422272
323223934838243328
323224389472223232
323227432327274496
323228243362332672
323229664774324224
323233263922673664
323233697344223232
323234422378463232
323234872744476672
323236342739423232
323236469234663424
323238382223228928
323242222628634624
323242348374392832
323242623944884224
323244333949243392
323244842268229632
323247243429347328
323247722263732224
323264332227723264
323267367934328832
323282642436882432
323292234743267328
323293223674294272
323293737233682432
323299432663732224
323326244372447232
323333293722292224
323338222826422272
323342744322834432
323373742324383744
323383226932297728
323383329482932224
323397333449293824
323398744326733824
323426322742247424
323438487678222336
323444887334682624
323446233332662272
323462478363623424
323622227229622272
323622327642292224
323624232222326784
323633238427828224
323642427232223232
323644274624692224
323674349264437248
323736322432223232
323744222647222272
323744233723674624
323763432442232832
323763632222478336
323764236642373632
323773224224292864
323826973847322624
323832932264927232
323882237324427264
323884729944244224
323922244222844928
323923274627323392
323992468642332672
324223363223322624
324224232343732224
324227723448287232
324232823632822272
324233724922232832
324243322734772224
324274466882322432
324276239362424832
324276623622733824
324287294733287424
324288433643323392
324322242626322432
324322624832274432
324326627627433984
324334824846262272
324336474423263232
324339722242228224
324342222442463232
324342442423222272
324378622662377472
324423329794228224
324423862398222336
324432436663222272
324433279427346432
324437668823826432
324442793632333824
324623624727822336
324687362443444224
324694332924493824
324728237246644224
324732636267282432
324733636422623232
324743479832346624
324822932423442432
324832629227323392
324832933224382464
324836269882343424
324872332224233472
324882327228383232
324927483332788224
324927922272436224
324929383332323328
324974776446222336
324992697223348224
326223467274829824
326228822362423296
326232232332263424
326232467962232832
326236422432227328
326242744723832832
326282462292344832
326292322274279424
326332222327222272
326332273432338432
326332324223926272
326346489433423872
326373743823224832
326382923932434432
326388226323382272
326423277284622336
326426232226332672
326434838632464384
326448263234322432
326467346323636224
326473242662633472
326497233222623232
326636932663222272
326766264223924224
326772242498322432
326843768424628224
326947947332622336
326972223767734272
327222433632632832
327232392922423296
327232822233268224
327234223222373376
327262634233823232
327272692222328832
327292226792423424
327322223426322432
327323463932473344
327324224238649344
327326238846222336
327328692226228224
327369674474422272
327372422724329472
327428263246823424
327443924334772224
327629462368223232
327732422978322432
327747427398623232
327872932973236224
327942748226322432
327982933443723264
328223627462836224
328234329229492224
328239237327224832
328268326448922624
328277222839222272
328322932332724224
328323492733243392
328334923662262272
328343332742627328
328467226426343424
328624429263224832
328684234472423424
328734273462239232
328782322722373632
328826628442423296
328884922494222336
328922789262262272
329222287343222784
329222372344233984
329232378663272448
329237633382239232
329242747783348224
329329642242834432
329333362444468224
329336292232249344
329338994344722432
329343632342286336
329367922223284224
329392377432244224
329434726329483264
329434884244242432
329464936843444224
329494282234232832
329623427236626432
329626229239222272
329627264823263232
329822977226932224
329823282728927232
329834222323236864
329838422384443392
329986224292626432
332222244474322944
332222723322642432
332223733333223424
332224378882228224
332228922822623232
332232943823327232
332238246736822272
332238328672223232
332242768233234432
332247264229343232
332262632272822272
332266324242972672
332272242682232832
332273224374239232
332276337334222848
332282922432233472
332286224763322368
332292238487322624
332292682228432896
332293423624372224
332293632434233344
332322379344248832
332324388433723392
332333682326839296
332334447676342272
332338227434422272
332348422762266624
332349293242294272
332349629434232832
332349784227643392
332363369284337664
332363722944282624
332368692242743296
332369784826232832
332387787622367232
332422963242467328
332432473434292224
332433832224227328
332437826742239232
332447397382324224
332463692828639232
332463843322232832
332483733224423424
332492263822393344
332622423438262272
332627693222264832
332633238323323392
332636266842292224
332666642469224448
332732883729383424
332742448433332224
332746263362322432
332767226367442944
332778224439263232
332788232263237632
332822222263222272
332823387232272384
332832324842422272
332874233332236288
332882622466228224
332893324232884224
332928466332327936
332932693643624448
332942222324662272
332966384429432832
333224263264223232
333227442242322432
333228239842443264
333228243282296832
333228338738233344
333229264273833984
333232746444767232
333232823447322624
333237328222224384
333239296247327232
333239782647324672
333262374322332672
333272242234294272
333293493864628224
333322273672722432
333327383463223296
333329724673247232
333332766242832384
333333827222667264
333346643633332224
333363242324238336
333372739222462464
333378223773364224
333387982342324224
333423374422376448
333432796324626432
333433244222226432
333433322622222336
333434823473332224
333437233722292224
333442296232722432
333468743224393728
333476422327222272
333482362464632832
333622279422222336
333639822836662272
333672784222224384
333723782742239232
333724322272223232
333924243232223232
333967322233343232
333994236378292224
334224848232382464
334224967324372992
334226434323382272
334272322328297472
334272366222262272
334273274827333632
334326427283423232
334328244242743296
334343223443423232
334423378266292224
334428226644344832
334432772327227392
334439642323943424
334486326726623232
334622433992638464
334622673922424832
334684436493238272
334734237833232384
334776233822994432
334823266833334272
334842268823322624
334844334264287232
334929342242783232
334933276333436928
334942263622729728
336222623236276224
336223724222324736
336226892363292672
336232428646367232
336263728962373632
336263764422426624
336267346922422272
336293962292238336
336322837672722432
336326823244726272
336333372224274432
336343662223736832
336348233466642432
336349384742633472
336372242434228224
336438439326646272
336442743443423232
336482232962383872
336662379437432832
336722828742623232
336729363383476224
336742692224827392
336763726432229376
336767362827743232
336846722426339328
336894224224223232
337222226328293376
337223236328423424
337232228822286336
337232738493923328
337244882323636224
337288329322463232
337296629232267264
337332324243382272
337382876922642432
337422726332923392
337426728749236224
337444328473362432
337724232288436224
337724274426642432
337739322362932224
337784442322747392
337796974342324224
338223772773347328
338224322722922496
338236976224272384
338237934492229632
338273494247227392
338273748832223232
338296227224223744
338327224222482432
338336222234443776
338348424422227968
338423432626962432
338423637943222272
338434243226763264
338638228263272448
338822423392223232
338832232349663232
338888264339423232
339222264247222272
339223672233234432
339244696322629632
339246649783222272
339249237332447232
339262923337422336
339269223822262272
339273244342222848
339273273393234432
339273762262267392
339273828926226432
339333822982324224
339334829623222272
339338334242783232
339366426344423424
339776232224292864
339923682622439424
342224733367222272
342234823823327232
342242893624246272
342244338362744832
342244723626344448
342262233263333376
342264233838772224
342277223233462272
342283478773727232
342296944234463232
342324823674322944
342332339622239232
342333238272786432
342333337222324224
342336329724727296
342337424224223232
342376227826827264
342422468872372224
342423322734624768
342424236732383232
342428286443323392
342444728943378432
342462722333663232
342472222822367232
342476834243346432
342487222983327744
342637732462362624
342642243424223232
342647226434322432
342662267432927232
342673363827228672
342679643423244288
342683623333822464
342698333222633472
342729462822469632
342732223439327232
342733972833294336
342764444222226432
342844462223327232
342933437324427264
342933742826422272
342944622223294464
343227496288223232
343232633637863424
343233423729229824
343234472293343232
343239432938422272
343243332227432448
343244423234322432
343322238646222848
343322822232244224
343324223322292224
343332222773428224
343332782233362432
343336242242322432
343342623887327232
343382364228943872
343388624762437632
343423862622388224
343432978234343424
343434232347623424
343632833726644224
343686323449626624
343726223362228224
343729944232722432
343769373742362624
343827234327822336
343827346696372224
343844279232233472
343923482242842624
343968292223926272
344223429447647232
344233422222262272
344239722469343232
344242767242723328
344272242323423232
344284972632244224
344286327223222272
344292423737278464
344322232672223232
344372823434723328
344399322336233472
344422622322229248
344428299864244224
344434684232466432
344442324274642944
344638373728223232
344722994269323264
344732432224223232
344732939262222336
344742829882343424
344782436228923392
344787346333237248
344793723248443392
344794644269236224
344823627328782336
344982362238222336
346222278669238272
346224667838644224
346228932922638336
346233826329329664
346262888433844224
346292332433768448
346346726838239232
346362442239246336
346383232284229632
346623274423222272
346632423876329472
346664729834422272
346739623472922624
346762426262224896
346843363723444224
346962288634232832
347224836222222336
347232622426324992
347232682623762432
347232763937332224
347263232823263232
347268233223733248
347274872332222464
347324333222264832
347443966223327232
347723366233227264
347936334232338432
348233377233272832
348264242633244672
348322228372242432
348346642223333376
348362222323433472
348422282227482624
348624329992372224
348632294224822272
348634666322362368
348663778822324224
348732623287222272
348868432273342464
349248243322847232
349249432222236672
349422322272436224
349437643272732672
349446729323446272
349633228294324224
362224876992233472
362226638842232832
362227224692293632
362227247266332672
362228282327826432
362229749222326272
362233422233468928
362243923273322496
362262372972724224
362264743246823424
362282272344244224
362292222262247424
362322374266847232
362332344467423232
362334436328374272
362342272864223232
362342292834484224
362392823327883264
362422399833833472
362429247292342272
362432222327734272
362432794426343424
362434826424287232
362437844322484224
362442262623289344
362622742423732224
362623639222222848
362626724233396224
362632943663327232
362633472742367232
362662393472483328
362672836222943232
362822223242723328
363223746333923328
363224884347666432
363238627422633984
363243362327322624
363247422268243968
363248243246628864
363322934686236672
363346928632332288
363347494488244224
363396942383284224
363399264284442624
363439662462222336
363447422234394624
363482228392722432
363624423393337344
363632227238633472
363674734446772224
363697662323423232
363744233224372224
363963937222674432
364222227966492672
364223876428726272
364224422664732672
364227472222322688
364243822292238336
364244498223464448
364244837622349824
364322494323228672
364342322272223232
364397633893343232
364423764472233984
364446223467282432
364467472326623232
364628839942324224
364629723232223232
364669622846226432
364722243432873984
364743293222633472
364824663926243328
364988442234322944
366274332272443392
366377783324442624
366422237376233472
366463464343732224
366472838422462464
366482243364323328
366722343423442944
366742627326222336
366924769346322432
367227846722322432
367232223243239424
367272723424223232
367779622244622336
367926492328722432
368223278236434432
368242942732664832
368292283992244224
368346492644622336
368347674234322944
368438842393362432
368676364282232832
368762424322424832
369222764382388224
369324393243623424
369367238232244224
369423823823437824
369464348738322432
369892999264739328
372222987232223232
372224267472863232
372233238228762624
372262422838247424
372273428482228224
372274734824423424
372283242233462784
372293229427273728
372322924384223232
372323824224436224
372324733442629632
372342699242422272
372434226937823232
372442732742836224
372443233226932224
372462733434322944
372467222323789824
372724222723227648
372732237826228224
372742383639822336
372743328237944832
372788727733223424
372822322743263232
372824327234322432
372832423232274432
372922623232782336
372942424239243264
373239732328372224
373244332224282624
373277739472372224
373293262429323264
373323239624466432
373332292942823424
373342332323423232
373363936384223232
373373283447263232
373387924279222272
373423837443342336
373428826222362624
373436882274484224
373483942327222272
373484222728372224
373632226674868224
373633322268229632
373723269232223232
373936389323922432
373963264422838272
374222398784274432
374242427437842432
374374434472722432
374387223223222272
374397364322279424
374493844636434432
374496233722232832
374639823422226432
374723723266228224
374842923932639232
376229772366239232
376363424292323328
376629232332229632
376637249643282432
376772322346463232
376923782422462464
376974334223843328
377229726722322432
377263243422277632
377286233422823424
377347722234642432
377472328226832384
377633642644242432
377647342243282944
377943369433362432
377943447223222272
378268223963922432
378283273323282432
378284428222267392
378298322682642432
378323824323723264
378332223872827392
378367292224438272
378422433448722432
378436726624223232
378674222236434432
378697722333622272
378744883326222336
378794462437343232
379222943282233344
379246432322322432
379422432322633728
379863263424282624
379924363823284224
382222232723423232
382227224224333824
382232232273733632
382238636246433792
382242928323723264
382273722434322432
382283332843732992
382324936233332736
382329243422687232
382339244223627264
382339362737332224
382374642323423232
382424463729229824
382622264482332672
382626432438239232
382776264242233344
382872373687222272
382873424243982336
382967233422262272
383223436224233472
383223632224223232
383224242423988224
383234232634638336
383243742826463232
383247773472227328
383333372734943232
383347347744227328
383363228433383424
383428442323943424
383433723932442624
383493269732622336
383644428436242432
383646323222249472
383694228342964224
383824447439634432
383923472224223232
383942262424338432
384222482833342464
384223334722633728
384226726848233472
384283672732237824
384284783932342272
384324724263223296
384384492292276224
384422233362333696
384442434332393472
384483483633844224
384496223322636288
384623267434463232
384646884322443264
386227432826339328
386228228324327424
386232226262286336
386232344937234432
386274934624223232
386323748726243328
386324647674642432
386332272683384832
386446346827333632
386722226332237824
387242224282238976
387244862862262272
387422432222773248
387426469464244224
387427432623243264
387733934742239232
388222224823222272
389232344429494272
389237283629236224
389324224638222336
389482329337823232
392222292287422464
392223334622773248
392224226743222272
392227233723666432
392232824426299392
392244222882742272
392262376423292928
392262838223634432
392264224484622336
392284227424223232
392322336436933632
392322382232223744
392388736864223232
392422283462836224
392449343644237824
392476373234233344
392498333823762432
392664332342329344
392673282626322432
392747473334329344
392769222292242432
392994732427444224
393222222222262272
393222337433468928
393236226487222272
393243222432743424
393244443437432832
393322427336466432
393326426327482368
393327672247222272
393472779842322432
393624237723623424
393723426922463232
393738382223327232
393774289242292224
393894443327422464
394233374464376832
394293443982262272
394363894333243392
394394322847924224
394422636282642432
394442432639926272
394446333433872384
394628224864223232
394672226324447232
394896422363922432
396222732222234624
396227293479263232
396282467644342272
396367237424922624
396424247324442624
396428222266343424
396447323343224832
396742424224333824
396839372322742272
397227646922932224
397423299223222272
397822422436282368
398226343228342272
398227896322228224
398236372372242432
398242228663222272
398342323624476672
398367242242228224
399342246327263232
422223263746228224
422229832847327232
422232432442343424
422233422398226432
422234673376223232
422236233367732224
422237242928922624
422239268238262272
422243262672666624
422262339742236672
422263243762827264
422263629472333824
422274676222328832
422276482442723328
422289272242962432
422289932742623232
422292243894239232
422292622242742272
422298343327924224
422299242276323328
422322447422324736
422323226464223232
422323927238836224
422323966223843328
422324243238223872
422327262622777344
422334946236432384
422337223264223232
422339332264722432
422342237292724224
422382734338424832
422386472822243328
422394283328274432
422422333243932672
422423762236342272
422423792279322624
422433236484882432
422434623637684224
422438262238347264
422438294343647232
422444232932327424
422447432463286272
422462293724233728
422463629223493632
422467772276293632
422473772223627264
422477264232382464
422477823994232832
422492233222324224
422492432224223232
422493443222667264
422622342434783232
422632263864287232
422632323727294464
422642442433462272
422643768263442432
422677428226228224
422693932794642432
422697743292432384
422724343648223232
422734336422838272
422736222237622272
422742343722467328
422744222774329344
422767622923333632
422793992222687232
422794732933343232
422822383424372736
422827224289247232
422926323747766272
422942893343244288
423232322232287232
423234238238687232
423239827236323328
423247343722463232
423247623473332224
423263673322463232
423264292334862336
423264893449273344
423273983262326784
423284484222222336
423284624449339392
423284734227382272
423322222924726272
423322224736223232
423323338472423424
423324494263222272
423342243334324224
423363782232244224
423448942432223232
423476827222966272
423479622223429632
423482233844662272
423483236243472384
423626974263263232
423647374242742272
423724439934222336
423743629372342272
423763273384722432
423777344424247296
423794642938232832
423832876337332224
423833322244276224
423834373246943232
423938326696722432
423964738322399232
423984329363423232
423996337462247424
424223442662326272
424226426374324224
424227428327227392
424227726936244224
424228967449362432
424229844994228224
424232763232223232
424236299497242624
424243248362422272
424243736723423232
424246744272863232
424262328423284736
424263223422222336
424279322828734464
424283843433332736
424284866343862272
424297827223732224
424299828432863232
424322392367333376
424324262222364672
424324837442322432
424343446922723328
424344943832334336
424349362324242432
424384232247263232
424393927239647232
424398724222943232
424422623943327744
424424363872223232
424432724627423232
424439732222263296
424663248962322432
424682377372237824
424722372772626432
424728383226642432
424733337322463232
424773962942644224
424843767222239232
424846242292432896
424846382944223232
424968343334682624
424968632282382336
424976226332442624
426226378472423424
426227327824822272
426236426242228224
426262326273294336
426272369463263232
426323367227326464
426327393683423232
426339329222836224
426423862334324736
426434982234292224
426622492474343424
426633273323292672
426636242333466624
426672682422239232
426724462474297344
426784222922932224
426822234833682432
426833272686772224
426892322232336384
427222438327222272
427222464627474432
427233327232223232
427233647292383232
427286336437223424
427327463326482432
427328268634423296
427373328422928384
427394223622324224
427424262292242432
427426328922292224
427622228922728448
427627229843423232
427646738272223232
427663983723282432
427723232382222336
427822286262239232
427829727334367232
427923344382492672
428224443364933632
428246232289247232
428293326432632832
428293897233334272
428422333426827264
428424673282228224
428424773429624832
428432224322322432
428446474234232832
428723693392232448
428733228666322944
428742932493238272
428932494223736832
428938622322868224
428939224297242624
429269249223327744
429274363936223232
429322444623839232
429374489393332224
429436644322443264
429462277322932224
429473939322322944
429674428234727424
429698334622482432
429822282483892224
432222226992267264
432222234344423424
432222344872722432
432224722733432832
432224986227277824
432229274293727232
432233326647263232
432234267232223232
432234442342268928
432236733822222336
432239846224822272
432242332936372224
432242838642622464
432243264844726272
432243833227444224
432246724339433472
432249233282629632
432272433327243264
432272744248246272
432274722836447232
432322762472423424
432322924262326272
432323223242932224
432323362637623296
432332244832223232
432337227842322432
432338483293323264
432339243232223232
432339636262367232
432339986724323328
432347427629236224
432367432742633472
432372443343224832
432373232232732672
432392322376433664
432399324843343872
432422378232348672
432423283423444992
432423782839222272
432424476472246272
432432233922428928
432462234732724224
432622887424229376
432627744242663424
432632336224223232
432634943633227776
432662434942943232
432727224223924224
432729634327732224
432774463233982464
432782248224227328
432782722322399232
432822273624244224
432833793828323328
432836237844283392
432948996244242432
432964284482322432
432979229332242432
433222247223263232
433222386632884224
433222472629223424
433226273242742784
433232664724242432
433243293346234368
433247722792722432
433273326922727424
433273632424722432
433293832427323392
433349282329362432
433382322242322432
433392334246674432
433424222334222336
433436244622442496
433443397224628224
433472363228233728
433494364388327424
433664244232224768
433672322282422272
433689249292222464
433734326423322624
433767273463222272
433782643227623424
433793723234844672
433822623244222464
433863266324447232
433864492632244224
433886324236222464
433922232222646272
433963388422324224
434223623234322432
434227662222262272
434229282223423488
434283326272438272
434293322837262336
434322443347623936
434322663928233984
434326284947423232
434343664234266624
434367427889332224
434373966334328832
434382469222367232
434396224336822272
434423236264722432
434632722232246272
434634438496223232
436232938449272832
436242327242932224
436262322323423232
436264429233733632
436269284324278272
436277693237428224
436342222342324224
436364272327237632
436378824932327424
436442224873439232
436623322844233728
436633627642232832
436792692222222336
436842872262623232
436937293333223424
436972463968223232
437223286624223232
437298374232244224
437323223776223232
437344324942823424
437364228222222336
437364292432822272
437437222222823424
437462338674622464
437463322338373632
437687244327223296
437746443824922624
437783342262239232
438226744463327232
438242274733326336
438369232633823232
438399444222738432
438622294244327424
438823442272223232
438887222423322624
438922367322292224
439229867872223232
439239263832244224
439247232826343424
439282626626322432
439326322226233344
439334224429842432
439426384222224384
439464746233626624
439643446626484224
439723674976223232
439742783482232832
442233222368329728
442238373262393344
442262272264372224
442262433222623232
442267244622249984
442272392339226624
442272422427623424
442273632239222784
442282924239224832
442283382886367232
442324342624223232
442328426622222336
442333229374439424
442342336243433472
442342762827743232
442364226324922368
442372822232334336
442374623473434624
442379324224438272
442422334624628736
442427347473334272
442432226624274432
442433249423327232
442436792293343232
442438692274962432
442628322229223424
442637229443383296
442662626742239232
442662824724922368
442722422863429632
442728843923423232
442762286944223232
442762372223926272
442772876342329344
442832226333622272
442922624634322944
443223374344224768
443232933824692224
443234462266294272
443243826694324224
443248682238738432
443269224279834624
443272327332323328
443322343627333632
443333439896223744
443334339632922624
443347297346322432
443372238222262272
443382383422734336
443382447633334272
443392237743243264
443442322382782464
443468369442373632
443494823636238336
443624247362322432
443663272246247424
443672338426232832
443736232989622272
443833266242322432
443937232233234432
444234229333622784
444242943629328384
444243932268724224
444298742927327232
444322466737422336
444424223742492672
444434437984223232
444472367423422464
444483937222262784
444623666622234624
444724284632334336
444892932244242432
444922984843444224
444932234227482624
446233722333364224
446236323292643328
446244976244293632
446347438228242432
446372293824479232
446467422472372224
446722743239442432
446737332422836224
446882322632933376
447222227296223232
447232222244634624
447242344332263424
447266332342222848
447294426263322624
447478434222833664
447483333848334336
447632394742923264
448222726932922368
448322223338422272
448332397634322432
448394927722463232
448433669933236224
448663623284293632
448882263434723328
448942824732229632
449322269246226432
449346262224863232
449733869224722432
462222222667333632
462228363343429632
462228442444726272
462242642462244864
462286322487263232
462332642743222272
462337444324933632
462343727432466432
462382963262226432
462388342333243392
462397939222367232
462423373324222464
462432233272246272
462433622272376832
462443332692344832
462443922722783232
462622432872628224
462622662793396224
462673266264244224
462674229423243264
462822432244236288
462824922337247232
462837423338422272
462863222622388224
462874823337443328
462927433222324224
463222442326228992
463223922323226624
463224626633244672
463224867422994432
463242727333822464
463248329374236672
463263362394292224
463332293834932224
463362842242842624
463473726639243264
463722723933364224
463743863392223232
463943474332434432
464228462282932224
464267863273439232
464276472733237248
464324282843922432
464329436222324736
464422446242463744
464423824222322688
464424342833332224
464432237392822272
464433292926222336
464734262428434432
464796229224628224
464838462982324224
466262279622623232
466272473724223488
466322234263732224
466337333787623424
466489632444383232
466736334442463232
467243623264223232
467329824322486272
467337227332276224
467363322733289472
467434233433423872
467464273292427264
467622833342644224
467636496823222272
467793232222224384
468264222323638272
468438333442228224
468724223494324224
468978333822222336
468982322332434432
469242772323397632
469427732273332224
469627337444622336
469763343772434432
472222422924263424
472222427284242432
472222644226228224
472227833633439744
472232282422247424
472232379292434432
472232626464227328
472233263442296832
472239224326324224
472322749942923264
472326928648372224
472332342237364224
472337422232223744
472348763262222336
472362838426386432
472364343362322432
472384822233268224
472428223842484224
472496324237328384
472633322443333632
472662822322962432
472824448429326336
472848743223263232
472996223823642624
473284424629223424
473296324227342336
473334339473436672
473377222224248832
473437224732229632
473438233666363392
473733642432282624
473736634244923392
473776283663327232
473822333323444224
473822372326367232
474222939243282432
474243622327222272
474273362623463424
474292223372427264
474343494644662272
474377326942224384
474424222232346624
474628923246772224
474648294336233472
474684222842339328
474832742224232448
474837663434932224
474992248224743424
476237332237492224
476333293223337984
476424872323448832
476434233247924224
476464276228276224
476632343934222336
476722629472223232
476972342823223296
477222262443343872
477324444992274432
477342627823337472
477348632322637824
477643472766222336
477663264262324224
477974684334292992
478242999362322432
478247433324724224
478323474232246272
478346624234422272
478422337226932224
478476222628626432
478843293224927232
478933934262239232
479233282323382272
479422222236647424
479648943622324224
482222394392444928
482223446223224832
482237433432244224
482242249227239424
482262284463243264
482276227336372224
482283472432398336
482292322793422848
482323227823374336
482363294234443776
482382489424232448
482446342222774272
482448248326324224
482632443283636224
482676324922294272
483222492832333824
483227227344863232
483232333223227392
483292622273642496
483296462424244224
483374623222923264
483394362822623232
483422247422263296
483422442432233472
484247223228432384
484333273322422272
484342224792846336
484627773343924224
484932732224274432
486422494442422272
486634242223374336
486926263432249344
487224224822329344
487227622633242624
487232322492432384
487232323384246272
487267422949343232
487643282222874624
487724226422243328
488323234722742272
488333427263668224
488434292943224832
489322222344732672
489372226349432832
489633363639263232
492224438266232832
492227627277238272
492243376236724224
492246776263237632
492286392322228224
492322462626742272
492323443343327232
492333682282463232
492342464228622336
492372424493236224
492434344246247424
492472362272292864
492768734322622464
492927863238623232
493274224244293632
493294239892242432
493324494264336384
493372289632223232
493422266942226432
493426232233426944
493442433943732224
493462384234463232
493476972223463424
493834923242422272
493862227462324224
493883742472372224
494263223423336448
494264244422836224
494266282472374272
494424224622968832
496266446227636224
496464366372323328
496884242272223232
497238634842292224
497336347322744832
498334242472722432
498926462632722432
499436442423263232
499722423249272832
622222347372724224
622222832742432768
622224626477432832
622226938823442432
622227326666932224
622228248232722432
622236428742426624
622242227762233344
622247924223442944
622262244277223424
622283427334324224
622284326282723328
622322232322424832
622322244227432448
622324763242463232
622332724824244224
622336386364342272
622337264243638272
622342343223263232
622343236832722944
622344338222874624
622347932232843264
622362722743222272
622393322323433472
622433278227382272
622442422292447232
622442623247843328
622443276947423232
622443482446823424
622473383692468224
622622247273234432
622624338226446336
622627882422239232
622633997733334272
622646362462224384
622682424273272832
622696693826322432
622722868627636224
622746364774367232
622834447922233344
622836288243892224
622849743422226432
622932233239233792
622932277223337984
622934943244222464
622974924662243328
623224223737823232
623234267262222336
623242993633247232
623269386447224832
623273693973622272
623323296262324224
623336626232377344
623376947228442624
623422287938322432
623424272224223232
623462628247732224
623492622624227328
623622432378322944
623624224924237824
623732242333326336
623744244642742272
623863944497332224
623883324632334336
623922862739226624
624223762472927232
624224224822689792
624233427338723328
624237242927284224
624244994276327424
624247647422644224
624262692322934784
624263622373343232
624266923342823424
624272272782262272
624274282336223232
624283283286392832
624294642447286272
624322728732229632
624324446867423232
624336446223286272
624363669224423424
624384222349492224
624433332744732672
624462367222923264
624466337243922432
624468222724276224
624472432234463232
624473343222349824
624624382223843328
624627224222367744
624633272262623232
624727242636263424
624733222248382464
624744424322629632
624932274439323648
624942273233682432
626223433222324224
626233496227282944
626234733284622336
626247826338742272
626248283244724224
626248622983348224
626262428262334464
626266338229223424
626322433426292736
626324664386322432
626326347764662272
626327638247227392
626333692228263936
626362643433332736
626396643322232832
626424962872246272
626649382263324672
626832673427423232
626833233299423232
626882436642373632
627226282423222272
627232222436327424
627242224422223872
627244922423476224
627272432429432832
627323228476342272
627323248932323328
627328432433332224
627344262464274432
627493927228342272
627679323923226624
628223234232287232
628223863343284224
628233633482932224
628334432276447232
628389276322332672
628422228232372224
628422882229223424
628432223682428928
628433722722484224
628488722272223232
628646328322228224
628692232467382272
628738233342492672
628922862227423232
629223336273272832
629226332224487424
629242796223627264
629248464242343936
629283338242228224
629332434722783232
629344639323242496
629482323833782272
629698322272223232
629743492924342272
629843444247822336
632226927448424448
632232283236728832
632232872874344448
632232893237428224
632282268322234368
632322232222482432
632372223223222272
632382224224223232
632422222873362432
632423478324363264
632438284282232832
632444336736436224
632444736296927232
632449462333243392
632467822432223232
632493223639732224
632622849227292672
632677242628472832
632733286442729472
632763472322322432
632767234327732224
632824826679263232
632829336972263424
632829922822324224
632834222639284224
632848243482427392
632862744376246272
632976223234424832
633229242362339328
633232672344244224
633234827663327232
633238236343222272
633248724994228224
633262327232274432
633323242273333248
633344729372393472
633366444427444224
633483433942843392
633632267323367424
633648327623442432
633722738344722432
633784223338463232
633892332346343424
633922248322842624
634222322674827264
634262883262267392
634269339437432832
634272327362322432
634342479323922432
634366844236726272
634378432243433472
634423243884724224
634469932348342272
634627222232629248
634772337232223232
634833482732273664
634982237623222272
636232942223327232
636243828428242944
636262478263222272
636332723238223872
636342873278644224
636343329274232832
636426322728763392
636437632322322432
636447243372724224
636634642733236224
636822223243444224
636879232446234624
637224222622482432
637229632323723264
637234223423422464
637264723792822272
637267666444222464
637293827247243264
637343464737337344
637372338626322432
637382242233483264
637474347322638336
637622347237392384
637632697434292224
637736232323764224
637774273223442432
638283626622222336
638323293723623424
638334793362373632
638346436628447232
638433229293748224
638822434392244224
639267338343223296
639323224327323648
639324444328722432
639324892226322432
639327937222324224
639722432663322624
642223232234422272
642224422434373632
642229429332344832
642232927663423488
642234648864227328
642242397723623424
642263226222772224
642269262836662272
642279624822226944
642322924337332224
642339899262222336
642347482346422272
642362376232894464
642424277926674432
642424343283892224
642483346327732224
642623424426934272
642672622826422272
642678244226629632
642737697222426624
642784962243723264
642862749372383232
642863824326623232
642934492678324224
643222236429287424
643222392942624768
643222474246324224
643243346428428288
643244472322228224
643248342624632832
643262327922622464
643322737932263424
643328226726248448
643433443438362624
643472322744287232
643483284623327232
643662622822367232
643683846432227328
643747432232927232
643798222232223744
643933382296338432
643936238234763264
644223242424287232
644229388862226432
644248233484222464
644279223223222272
644322873332662272
644324336464822272
644446443622367232
644622384233447424
644623233463222272
644673234332639232
644723226423263232
644732632272863232
646322237242343424
646369927324434432
646827273342222336
646833924442423296
646922364224274432
647482229822324736
647493738234642432
647873333242232832
648229748223246336
648232862437343232
648436672232423424
648624488237236224
649222324372242432
649233337373236224
649243624423292928
649323627462623232
649482922423222272
649638723424223232
662222462632722432
662243862248423424
662262336746422272
662277422224244736
662283238634422272
662283947626463232
662323423977234432
662327233346322432
662362974822334464
662424964423483392
662429432793268224
662834422424272896
662839377342234624
663238937833242624
663293684392722432
663394234322386944
663423374363323392
663482249282322432
663486224224223232
663827623623327744
664239446332342272
664336229622349824
664422283292442624
664434239972622336
664898322334482432
666263428222943232
667232722328223744
667422363262943232
668234472343732224
669627842362343424
669642632872722432
669823243244273664
669862263223222272
672222343889682432
672232786472927232
672237379336223232
672247232269369344
672279387232223232
672292244262223872
672342427224244224
672389222222462976
672432232288223232
672442683232223232
672444724222623744
672494444333236224
672623868823732224
672722324482424832
672763662322827264
672782223422324736
673299373239263232
673323423244222464
673336267872436224
673362363273449472
673364437263286272
673432722226446336
673466424263442432
673774626364342272
673982324328628224
674232324732223488
674394342344884224
674464634223722496
674763436243943424
676274936334262272
676332449342226432
676399247334623232
676442949263327232
676493427322847232
676642447333343232
677222832649273344
677246823334674432
677362222323892224
677429422228242432
677432232222326784
677834726223642624
677943274242834432
682232322932342784
682234222432223232
682234278234292224
682286333327327232
682344647337443328
682368392646623232
682422224443932672
682462339347382272
682632923943223296
682822442233626624
683227432222949376
683232463223783424
683492232222277632
683492882434228224
683622237367222272
683762694292242432
684232847426322432
684834272443367424
684933234323226624
686226836262223872
686342229733343232
686462248374239232
686627226976223232
687222222442463232
687229223924662272
687622324227342336
687622662336282624
687622729222324224
689326442447634432
692227283383222272
692246226847924224
692342224242868224
692347294332223488
692469823636242432
693363283462324224
693422943422644224
694232742283444224
694636326722322432
694643268239327232
694779294883774464
694877273236242432
696327329363226624
696424382493622272
697234223322427392
697263733234962432
698244722234228736
698297323423924224
699244722733842432
699292222274322432
699772273323282432
722223934923423744
722229346422226944
722232336228286464
722232428382388224
722236336724238336
722243362392244224
722262322829279232
722272784224223232
722272828732342272
722274343222247424
722274422932242432
722278732734332928
722282224627482624
722322322367643648
722323262283743232
722324233636282368
722324892798222336
722327733432732672
722328744282292224
722332324924342272
722332747623223296
722332822844473344
722337328836329472
722348232422326272
722368322239463424
722373923234783232
722422369282424832
722423222822633472
722466343733428224
722626424326324224
722683224844664832
722692922623967232
722693232222732288
722723342897332224
722732383298322432
722732432947273728
722743363422388224
722763832446222336
722832432442638336
722924446232346624
722926394622738432
722949228263227392
723222636746932224
723223222334226432
723223232262623232
723223927229497344
723224332224479232
723228242633293824
723232697243664384
723236432327442432
723264632736694272
723276626323636224
723276972976223232
723323267392223232
723326336238772224
723326824632287232
723334424224333824
723423322462224384
723434268362932224
723497442229223424
723622468962484224
723643287242932224
723684624823222272
723762472232927232
723769323349266432
723848336436363264
723923983734239232
723932684333236224
723982462346723328
724223263727222784
724224232472444928
724232336224223232
724234847832244224
724243463762337792
724243623243743232
724243832262623232
724292228326883328
724293232934326272
724294263223222272
724294832869343232
724336222732222464
724372296938422272
724393424232382464
724444946327273472
724472237643743232
724723836224274432
724784494432223232
726222676872462336
726237283223273472
726277393333223424
726437623862329344
726463466622222336
726766238663442432
726862222734262272
727243222348726272
727272943277432832
727297229442373632
727393746784223232
727482433662222336
727826238246223872
727832686432223232
727882726332432384
728223324424372224
728226272364724224
728242376442642432
728243744633782272
728342233438224384
728383292326674432
728628666222772224
728684292222222336
728866334623924224
729232424224948224
729242332332982272
729292842832232448
729463223772767232
729478622324293632
729722223424438272
729942243423289344
729963738423263232
732222372222222336
732222727232274432
732222737322467328
732223372663222272
732224344329289728
732228642426322944
732242742338322432
732263644226322432
732282263293722624
732293273436383232
732299347263762432
732322673248223232
732323227336372224
732336243966222336
732338974296244224
732386973334367232
732387367392436224
732387433233383424
732396972928223232
732422223264743424
732432773943263232
732432823323973632
732432984634294272
732442323263422464
732622698363322368
732628674463924224
732674739424223232
732698244642373632
732729724223422464
732732444478734336
732743423822462976
732744222692622336
732842748343222272
732892232222244864
732922367226642432
732932243368722432
732977234682642432
733224424423292928
733266673242292224
733292323229297664
733322374683623424
733374293233333248
733383249342234624
733394227348242432
733422242232336384
733442629223227392
733462262993682432
733626823223476224
733642332424372224
733644329672927232
733723223734222848
733736737442322432
733743228262367232
733846962242322432
733974463424692224
734242222332444672
734248267344248832
734287472783327232
734292332983222272
734344268322373632
734347942247227392
734422729662332928
734433927232223232
734463793344282624
734632423422492672
734667742262329344
734727224632246272
734737223482343424
734823232243236864
734962288323723264
736223442697322496
736224334622687232
736232446227382272
736246228932329472
736293423723282432
736329224644263936
736338327249272832
736422732222234624
736426422436626432
736447326937362432
736642832224223232
736643442224922624
737222483382239232
737244774493323264
737323432478244864
737369222662324224
737422224722362368
737443293727924224
738239286324363264
738446422362292224
738762283667423232
738864623324233728
739324343629283328
739342422424682496
739637443293364224
739672286322622464
742236622663237632
742242723664232448
742246222273339392
742323236429279232
742332342232276992
742343647269224448
742377683234783232
742382283322294272
742384933347262464
742424334824374272
742433742222262272
742472423773323264
742622444343263232
742642282842292224
742662383336423424
742722323332276224
742724722673934336
742732248928223232
742742326722428928
742943643823374336
743248438832922624
743324296299282432
743372642366226432
743423473333223424
743622462233247744
743623224232476672
743672442827833344
743842282242834432
743873332824244224
743883246227423232
744244323834396672
744247374432436224
744398236642443264
744436293462392832
744648326227427328
744932328373223424
746222323227623424
746277296224223232
746694934423732224
746732842422239232
747227424444383232
747268236424249344
747367292422324224
747489223223672832
748234222374223872
748243292276293632
748329622926262272
748422822283444224
748823342242332672
749223932234932224
749279323283226624
749422287422226432
749434223329247232
749784823739449344
762223446323232768
762232626432442368
762237736222943232
762242469382324224
762323238374326272
762323268222222336
762324498423742464
762332222423826432
762376322272223232
762382227766247424
762384824282382336
762424462734262272
762472463223324672
762727448922292224
762762446263222272
762773234424348672
762924366222262272
763226232229343232
763232823744233472
763246337232863232
763322923422646272
763334326322233344
763377234632377344
763463269233229824
763483364642783232
763672284267282432
763762839272423424
763824322928443392
763944272342286336
764222284322832384
764222637332496384
764233324384223232
764343832833294336
764442343264223232
764469433783222272
764863338223337472
764886362238222336
764922737292263424
764943223232692224
764947472224223232
766246824324366336
766264233423273984
766438327422222336
766623672322228224
767222432822329344
767223329722343424
767249466822623232
772232382863327232
772232924222226432
772268472322228224
772324233423224832
772324844687327232
772363837972242432
772373823849234432
772724933429428224
772822429273423872
772832367639263232
773323363993227264
773362838762422272
774292722262327296
774324726229942272
774327368646623232
774372722622234624
774822326747922432
776643674238222336
779223222227423232
779242462442422272
782226639422226432
782244292432232448
782274322332647424
782427832222482432
782823339623227392
783222272263323648
783263223242293248
783286423334682624
783382434234236928
783424232324923392
783426643232292864
783438224327442432
783483963232223232
783683367243743232
783923423337234432
784264386444263424
784447332922294272
784624692632223744
784633326282473472
786242947234332672
786327422632722432
786624229442322432
787322724722343936
787432372724293632
787693269233332224
787723322374324224
788322332266463232
792262338823323648
792287462223839232
792326232383422464
792326264488722432
792329232222388224
792332342423322624
792346434643427328
792433323624628224
792433423373663232
792632722933223424
792943722647322624
793242326392233984
793282333232922624
793483267262644224
793634244442324992
794324727443423232
794336232344223744
794462437442322432
794476324322279424
796228824226332672
796643632728244224
797383222332383232
797394332992223232
797723424262324224
798242334868242432
798293473427423232
798322348633227264
799322238227423232
799628422334644224
822222327222632448
822224222334222336
822224444322742272
822227233233272832
822234477493223424
822237742423867392
822239288446943232
822239633292263424
822243283433422848
822262276223926272
822273686982623232
822274332432924672
822276322292662272
822333246327226368
822364923723743232
822422462942674944
822436433334632448
822463233663762432
822463739322236928
822633422282293248
822649822824628224
822729893262262272
822732337278222336
822762233332236288
822836292232937472
822849463432249344
822948622944436224
822988372363444224
823223322627342336
823232728476942336
823234732382748672
823292223722422272
823294242733326336
823337279292229632
823362486633234432
823379622263783424
823432423442743296
823433333239222272
823624668832333824
823627936693223424
823633373274292224
823672643323428864
823672922238222336
823688326762463232
823728442334773248
823824423422263296
824222338229993472
824223836286222336
824232377824837632
824233324262326272
824233623242932224
824272836448223232
824282228862222336
824282943672287232
824292944473227264
824293462362292224
824336443332624384
824342973894623232
824382826827743232
824424283433336832
824447483334623232
824449394364383232
824622237833232384
824722486632382464
824824624293347328
824998632343732224
826222962224922624
826276222624333824
826322224762847232
826332674443444224
826432644232249344
826626423223222272
827243347222462464
827292264477622272
827322922623762432
827332723268222976
827338442328244224
827629862334234624
828233722393362432
828286222492237824
828464993423327232
828823482434322432
828999289323749376
829234822332284928
829242244262264832
829276623432843264
829383226322337792
829484344723636224
829498342634422272
829772222246682624
832227232934264832
832228296422326272
832233298327732224
832242382622687232
832262439262224384
832279274622222336
832322493372432384
832332473327222784
832333767223762944
832336323733684224
832337942292283392
832346692742283264
832347633327243264
832363927268622336
832373397328822272
832437823636242432
832442632742633472
832472294224822272
832722926726283264
832726422636724224
832732733223272448
832793742322827264
832822363433336832
832843242229727232
832864673632223232
832898422322233344
832924628273332224
833223262242373632
833228434229428224
833228472832229376
833232738823962624
833272228342923264
833299223883743232
833322232347623424
833322923238629376
833326336433332224
833332732222943232
833342927223324672
833432829946232832
833468346434322432
833636723826622464
833722873382633472
834236272244293632
834363943269433344
834364342292447232
834373743627239424
834427326648287232
834464233474228224
834732449622392832
834773793222426624
834872684234932224
836222282442473472
836222984229224448
836229329636327424
836344273633247232
836347233842233344
836386223722463232
836443343287222272
836927423432884224
836929334462644224
837226236823732224
837229776823222272
837273684443922432
837363263247286272
838262443342823424
838283422882332672
838333222327222272
838474322333663232
839296639249339392
839328632326324224
839373328923623424
842223347838222336
842224923673362432
842226629267423232
842227222777823232
842233478249447424
842237222762299392
842237234272272384
842282646327263232
842323323742322688
842372942483423232
842383393427423232
842427834222772224
842442924393234432
842493662233362432
842723632242229248
842724832623722496
842736244274233344
842837428883423232
842942369632223232
842947292922642432
843229426272436224
843232829434232832
843293972222263296
843323334274842624
843336276723892224
843423344832282624
843484443426422784
843622729239822336
843644676222222336
843677638332383232
843722334929682432
843728283774222336
843763488424722432
844242267232272384
844247233644724224
844288222732222464
844337364623327232
844422433229242368
844483372337332224
844649934442463232
844833622622994432
846232222238244864
846242283937333248
846266338833334272
846342388262633472
846682333224763392
848443222347743232
848726343232782336
849226428762292224
849293432332222464
849338262223847424
849732222272274432
862222274276622336
862326289333223424
862327224322228224
862327272932278272
862342362622328832
862722234729234432
863222499322232832
863332362332946432
863362228244447232
863362244233396224
863362764726239232
863633829272223744
863763637333266432
863826423233642496
863834243422224384
864222722223243264
864232374622224384
864242232732942336
864293828243226624
864463243324686336
866226383842443264
866322332824633344
866622838432333824
866776434264244224
867283422433247232
868324726624223232
869226243447324672
869237637223237632
869424236832227328
869678976334823424
872223323363868672
872262642323423232
872267233282228224
872374224962322432
872423734233268224
872684223722422272
873223234384822272
873248282464223232
873287342723432448
873392243223822336
873426233372442624
873427232984334336
873823369244442624
874224388222746624
874229687232233472
874232227229663232
874238973244342272
874273926496223232
874323422334222336
874334742462332928
874339767443423232
874344438262923264
874492422292242432
874733229432373248
874826392324276224
874834284282642432
874932262226362368
876632349224927232
876722222822326272
877324428424249344
878624222232379392
879223748243226624
879223982344372224
879634222362427392
879636222422286336
879722243222667264
882222234964328448
882266222282932224
882272324243423232
882286232293343232
882462468222222336
882496923324383232
882637344262324224
882824664928223232
882843622343442432
883322248834842624
883337444324278272
883722237244342272
883822222462943232
883932423236222976
884263324823322624
884328342642229248
884337244983263232
884432922344423424
884493223232274432
886233223472873472
886233464262623232
886327224223924224
886374326266232832
886429722772242432
887392264933343232
887629292343263232
888324277332344832
888423829242642432
888438322492342272
893233373722324992
893324269622329344
893492334632927232
893794222273462272
893864332222267392
894329664433422336
894422664792244224
896286264322424832
896384384234422272
896664476222226432
897424222729273344
898332448222347264
899426222283423744
922222729732276224
922226322766823424
922228844264423424
922232334484242432
922268237239222272
922272734322229248
922273273632743424
922274262222372864
922288638262247424
922323483437432832
922323699288244224
922324989233332224
922332644734943232
922337324333236224
922342632242282496
922343442232246272
922422222222262272
922426743223222272
922433623248863232
922434246722322432
922444898324447232
922447247362228224
922472423268286464
922626836383924224
922628232964472832
922636272332242944
922642223332663296
922643282323832832
922722249322266624
922724246762422272
922729242383327232
922733737783732224
922746637232372736
922749323872223232
922823288332222464
922823422737334272
922849232472244224
922873324322783232
922886424933433344
922923727323623424
922932662692626432
922973483327422464
923222366622646272
923232336823222272
923234377422292992
923237338728628224
923242333682663424
923243494633242624
923333662278623232
923336293282873344
923344266433462272
923367264864436224
923437226326228992
923622247832223744
923623899923423232
923746343929823232
923824222274322432
923837246324342784
923873322899423232
924226273643323392
924232932232372224
924234423283482624
924273823222923264
924279933262823424
924374473338322944
924662262237364224
924823272323284992
924883337326362624
924923922223693824
926223924932923392
926282444829622272
926344322444427264
926344333647839232
926644424442642432
926926223362228224
927222393222623232
927224249937334272
927232772243226624
927233487422226432
927327327232223232
927727722492383232
927742363324342272
927769432732434432
927932322483339264
928227383232823296
928228732324282368
928238223262482432
928243472224223232
928247262433247232
928296423673823232
928334843398324224
929272267276222464
929443744693223424
929486286222262272
929626233224822784
929972823733223424
932239374637842432
932266462732222464
932267222223224832
932267832223924224
932283376874422272
932339227372342272
932342724733722624
932349386422222848
932426263494623232
932432246474932224
932622238282678272
932623383228383232
932637632324622336
932683278484242432
932686622786322432
932728836239327232
932766823832223744
932823883263246336
932873234842386432
932962688234422272
933223334673272832
933224896232423424
933262433634484224
933263238237732864
933294424272666624
933322274993332224
933323422238244864
933342262423732224
933422343827226624
933427333442322432
933448477792223232
933494233723333632
933662423247224832
933734266882228224
933823323472822272
933892236424249344
933923282822627328
934223832933433344
934227384223924224
934229342647222272
934243238222364672
934282732423348224
934332742782222336
934339234323382272
934422468448223232
934432222726324224
934466382383284224
934762776247222272
934882432672333824
936242493442228224
936323633442742272
936382277242847232
937229923264223232
937322424322228224
937323636283367424
937744336233234432
937792334283743232
938263873226932224
938372932924342272
938388228233232384
939284433922424832
939682232348442624
939883226432274432
942236323622682624
942238323324223488
942273862732726272
942427334232244224
942448283832287232
942469272226234368
942624224443367424
942678434242363392
943226642272223232
943232624464232448
943236234232233984
943242222372323328
943342246434373632
943344644442292224
943367642228293632
943383247243444224
943422224224223232
943443299442622464
943472428632244224
943693724222226432
943726623626723328
943779222642622464
943877334432743424
943928236239224832
944229223426424832
944243369824223232
944293322422222848
944394229762228224
944662376237432832
946322734432223232
946429264332324864
946882382483423232
946922343262322688
947272269246234624
947874229323743232
947974432222347264
948234443682742272
948328992262324224
948676663422222336
948742232477663232
948974243434463232
949483237223227392
949822382329823232
962246233322422272
962248423426228224
962298344237432832
962332332274962432
962383222624223232
962469432234344448
962646427224244224
962842422436429824
962936262394232832
963243982342324224
963272662336438272
963279244926222336
963297372443922432
963324672922386432
963622323236634624
964233274482229248
964343334496223232
964762827326226432
964836276226228224
964942384242622464
966323248482484224
966388223494324224
966427244333236224
966732693232223232
967264632826232832
969226292632338432
969234443472863232
969847328632799232
972237223334264832
972263992382226432
972324332224229376
972376632322228224
972422473228222464
972622349232242688
972982439392223232
973262324743962624
973274322427674624
973282244243226624
973322249223647232
973322766733492224
973326364282847232
973722263264722944
973827433643323392
973942273423429632
974224242923323392
974246264734482432
974263623334428672
976423823426322432
977424743776223232
977844422232244224
978249239232233472
978282626282422272
982223228422324224
982227362722873344
982274229772222464
982282622632722432
982474422667444224
982629336462262272
982638263742234624
982737742432223232
982793723624423424
982922244293394432
983282376322842624
983482424446943232
983629228224282624
983722344343732224
983738223424438272
986822243633332224
992229693442228224
992322478332444672
992342873224249344
992872229423284224
993234399422644224
993442633323282432
994326334392287232
994332368432922624
994333324282232832
996423878232244224
997423323243282432
998232322624782336

