33823232
43928832
26239744
93424384
87474944
23724288
33332224
68622336
23988224
36324864
23972736
82793728
29682432
27346432
79834624
22228224
27483392
22222336
64274944
63868672
92639232
83338496
78674432
87422464
46277632
94642432
23344384
72734976
34279424
23327232
68479232
29424384
22222336
22847232
36282368
26938368
42267648
64679424
39328768
29497344
64276224
37432832
43472384
82239232
44636672
74692864
42422272
28438272
32638464
49477632
48346624
34249472
27322624
98324736
34322432
22364928
84933376
27747328
43982336
44393472
92372224
27828224
44667392
48267264
24283392
83627264
48323328
26933248
88223744
23642368
87993344
63224832
93842944
24287232
26322432
38266368
24277248
36223232
67643648
43383296
94449664
24282368
68286464
22623232
74772736
24369664
78239232
73363968
97332224
92726272
68243968
76338432
63429632
22864896
32348672
36433664
37247232
28822272
37392384
23994624
92732928
67382272
96297472
44489472
99222272
62933248
24887296
72942336
34962432
42234368
29823232
44792832
82343424
24329728
44222464
46842624
72927232
46473472
86633472
67322368
34266624
47449344
44882432
42623744
72827392
93684224
33422848
47333632
32393472
44946432
94367488
22236672
28276224
89492224
36323328
64287232
84378624
63224832
24466432
76329792
96373248
24628224
37243392
23246336
33483264
82782464
33323264
28242432
99273728
73622272
79826432
64886272
27632384
27734272
42622464
33327232
22239232
64223232
92244736
37367232
34737664
22283776
62293248
92267264
43729664
79779936
46672384
23962624
26933248
99373824
96722944
72223232
73733632
46793728
27227392
63632896
63226624
26262272
44287488
67222272
24692224
33822464
79373632
42282496
48342272
29627392
26763264
62879232
28372224
46628864
49279232
29686272
24242432
23222272
62897664
24963328
47222784
47276672
22838272
74322944
43924224
79663232
24732928
27774464
26286336
92282624
42873344
33644288
42297344
44222464
22263296
33397632
42376448
88283392
27243264
82672384
22777344
42324992
23493632
72762368
63438336
29434624
32726784
26732288
44927232
22322432
94326272
33227776
62482432
29223424
26478336
73972224
44233472
22843392
78247424
32227328
26228224
68327424
23262976
29363968
27826432
37464832
33247232
22228736
22424832
38399232
32729344
43474432
97332224
36363264
27486464
87627264
22833664
78733824
34622976
24244224
33343232
34834432
42772224
22646272
32927232
34343424
49882624
37643936
27282944
64292864
49733632
27844864
46349824
46464768
39998464
87476224
47493632
92283392
84246272
34239232
84347392
94964224
83437824
29394432
66932224
72222976
34329344
67772672
43233792
62299648
23786496
94292224
32363264
49999232
24372736
32987392
88344832
76222464
44884224
78932992
47273472
36844288
34386432
44434432
72786432
32923648
92724224
46477824
32272384
46343936
43423744
22439424
44436736
26439424
22322432
83924224
22728448
39743488
64342272
82226432
27237632
33663232
69662464
32794624
44724224
28466944
33274624
33739264
24282624
22264832
33396224
36229632
63743232
32298496
32274432
24333824
22932224
34763776
37873664
47822336
62332672
84342784
46836224
26292224
74932224
36432384
26262272
72324864
43926272
37273344
33383424
26232832
23774464
32344832
42932736
23736832
24483328
22772224
78838272
66646272
86329344
27479936
37422848
32236288
43367424
22776832
87263232
68724224
26243328
22373632
23439872
32923392
97236224
74343424
74992384
27638272
62228224
63839232
93773824
72833792
46226432
62923264
74337792
92927744
87862272
27422464
34727424
42292224
34873344
22332928
38847232
23429632
42293248
37323264
32293632
22962432
29837824
32647424
34228224
99648768
82443776
28722688
42386432
33428224
34382336
44436224
33877248
49462272
97268224
46823424
63263232
72342272
87962624
34239232
93242368
29439232
42733632
69472768
22367232
28744448
33882624
22669824
47226624
36447232
39932928
33396736
34377984
73222336
34228224
83834368
63922432
42277632
84679424
23483648
47243264
27894272
32927232
37479424
33497472
33434624
62262272
47326976
47888896
89462272
87263232
96722432
22793728
29247232
92446976
22729472
43282432
23343232
64493824
23794432
32377344
83239424
29332736
24933376
34324992
27986432
38222336
24692224
87824384
77243392
32944384
73837824
32223232
73244928
23647232
24229376
73426944
49823232
42324224
94836224
29266432
74793472
46734336
67444224
74668288
62943232
92726272
83243776
44442624
23239424
46243328
22964736
74834432
82623232
42437632
93347328
33932288
24334336
24242432
72434432
78962432
94623232
32242432
22373888
34923264
27343872
87327744
28277248
26239232
34322432
22324224
32843264
48334336
39392768
77234944
38232832
83263232
74223872
83262976
64247296
23649792
32668672
22837248
68622336
22742272
63868928
37326336
36263424
44327424
22836224
42783232
36444672
96223744
47222272
22223232
33242368
42474496
64229376
33333248
26363392
78244864
22633792
82748928
22866432
49272832
28297472
96663296
42823424
62262784
76323328
86422272
73342272
22343424
34424832
38243328
68263424
73247232

