624827392
622334464
432287232
226847232
922382336
672223232
264628224
842844672
466742272
432348672
332343296
333432832
267922432
233234432
273332224
422843392
487222272
743327232
344722432
337334272
247642624
272927232
242972672
862823424
933663744
339433472
222426624
232223744
323284992
322228224
982738432
226234368
429492224
427642368
848487424
223644672
322363392
323932672
222623232
622226432
262326272
322642432
462367232
349622272
232372224
729362432
433247232
433933824
442424832
246324224
444767232
223429632
322228224
894623232
822682624
484242432
696922624
462262272
294239232
342262784
292432384
262392832
793232384
322386432
336437248
422433792
462334464
263222272
372323328
224223232
322399232
324639232
444323328
472462336
229822464
226249728
227444736
223263232
722622464
333323264
247273472
423992832
222236672
686772224
632372224
663222272
332474368
223222272
732244992
732944384
239647232
726286336
722783232
488338432
478734336
633234432
942923264
839762432
344244224
236242432
632722432
842748928
449272832
423647232
672233472
343337472
767222272
242323968
339636224
294923264
226294272
246223872
622644224
642424832
229623296
283363328
222263296
633342976
334623744
422926336
393337344
326222848
273422336
339423232
474322432
486226432
722232832
224423936
343237632
364649472
633844224
383222272
472223232
734777344
644344832
262326272
444923392
494262272
823324672
463732224
223444992
279263232
336232448
326324224
333622272
273362432
924862464
732623872
268242432
232233984
293722624
223333376
423442944
223929344
343223296
484378624
362834432
943222272
327732224
993823744
424443392
437236224
234847232
662943232
682932224
423399424
232274944
438324224
424763392
363326464
477727232
693727232
228263424
432223232
272436224
423673344
349236224
732724224
223267328
722683392
826463232
246326272
626234368
262482432
672376832
372293632
324498432
982623232
826422272
962742272
232374272
432692224
362427392
822283264
324442624
293327872
333436928
946233344
223222272
224334336
478388224
438243328
336692224
392632832
266783232
222326272
248233984
273833472
334324224
273462272
842322944
824462336
222738432
333722624
464823296
227743232
624223232
646226944
237983232
323423232
828447232
226446336
342324224
223327232
333236224
262243328
423224832
244327424
496223232
922292224
233334272
282322432
232223232
682638336
464334336
336692224
294362624
333877248
233844224
424763392
246328832
927222272
943634432
332222976
347922432
338463232
833733632
424233984
334623232
328722432
332767232
497298432
276662272
433234432
232822272
722363392
426922496
337439232
263422976
833293824
289242624
932293632
242847232
262863872
363794432
424272384
232244224
324242432
323833344
272232448
422623232
326838272
332792832
722834944
326362624
822879232
322322432
487322624
464233472
922422272
924242432
723227648
427828224
278623232
242324992
332427264
432223232
232374272
326324224
494224384
423826432
943327232
742774272
633298432
832436224
938422272
266292224
342222336
978322432
273723392
779262464
836622336
733324288
322332672
223246336
296223232
992483328
266332672
972263424
222644224
762292224
232227328
666339328
282676224
222623232
633322496
272423424
223826432
632233984
262226432
322492928
632287232
237262336
222327296
888423424
247222784
343348224
484662272
822243328
233422336
686623232
468222464
323633664
234339328
232799232
622262784
664224768
422367232
242322432
387282432
442422272
623284224
722723328
243832832
233372672
332242432
244229632
922232832
342843392
694324224
722268672
394642432
332222464
672233472
636222464
488927232
342623232
426228224
268242432
289268224
243262464
242463232
227636224
232287232
433242624
643423232
223222784
832272384
222772224
933238784
432223232
424244224
823224832
932623872
936282624
228792832
234847232
392382464
342243328
642228224
629923328
662326272
842343424
683282432
663222272
637238272
643922432
937422336
644468224
232927232
227423232
972622336
473333248
244634624
396622336
432786432
423327232
832732672
824372224
247442432
323723264
222226432
324276224
233332224
443273728
234422272
673332224
226363392
273247232
733927424
727732224
687222272
294226432
632436224
222324736
426426368
633247232
992274944
762322944
222826496
632223232
227892224
743327744
427423232
237236224
449234944
242332672
462469632
936223232
327222272
236342272
379423232
293684224
446222848
262623232
282642432
844293632
362332672
229433344
268347392
229279744
622623744
292626432
238833664
842294272
472863232
834228224
933323264
223742464
222427648
322228224
222449664
233268224
234422272
367243264
232373248
243638272
878324224
682292224
823647232
434232832
443323392
644276224
224334336
272223232
343263232
278838272
972383232
728722432
322427392
847286272
226382336
942633472
733323264
677622272
848223232
322422784
433823232
222332928
242622464
494633472
946233344
332327936
326222336
624628224
232287232
794463232
224223232
632988672
223328768
422733824
324498432
829493248
372242944
244627968
622262272
242663424
342226432
346382848
247327232
373223424
622367232
384223232
622262784
287442432
234292224
263429632
442232832
327834624
333323264
994363392
764767232
222367232
776223232
722339328
423224832
274422272
326324224
332222464
297242624
242832384
224223232
866322432
223736832
292942848
624223232
723333632
273422336
942324224
767734272
362267648
347423232
322399232
632632832
426292224
342243328
338322432
272223232
772343296
234484224
634343424
694623744
926224384
332473344
226629632
483723264
633426432
344922624
262623232
424244224
886623232
363743232
222482432
223243264
329242624
292634624
232927232
648333824
346473472
247327232
624282624
428724224
288922624
433247232
223884288
943237632
227623424
433733632
829326336
246644224
248223232
437364224
343263232
227892224
222237696
387324928
723423232
333466624
224822272
392233472
249234432
372222464
462243328
236366848
736863232
266834432
223327232
474422272
222362624
642228224
363342336
323474432
383222272
226232832
262682624
336246784
492293632
482783232
263222272
872282624
232846336
223376896
822442496
442232832
323433472
633462272
622226432
424244224
433443328
773983232
423393792
832223232
633234432
329234432
723226624
972342272
322228224
232847872
494226432
334836224
238222336
448822272
429364224
628242432
283743232
822994432
224863232
942226432
372734464
332327936
274233344
224487424
242422272
633334784
227724288
364342272
244276224
422623232
233746432
232722432
437343232
326863872
328346624
436724224
376372224
733637632
328223232
874783232
262633472
237243392
739723264
436237824
282642944
292323328
323423232
272223744
946932224
432223232
246772224
263826432
232479232
364383232
232743424
362723328
224822272
942324224
283636224
274422272
974393344
222239232
433362432
222324224
226783232
232442368
982328832
442422272
822324224
236622336
923427328
922437632
927337472
722363392
347743232
224223744
223228928
236323328
637283328
732263424
423223296
346233344
242422272
222823424
444338688
369333248
949223424
427228672
623372288
294226432
772622336
436342272
236869632
722322432
232638464
686262272
872372224
343834624
322427392
326623744
423222272
793733632
933428224
226228224
324922368
492442624
922366464
322343424
242834432
687246336
427633664
462393344
324393472
423442432
226932224
246633472
922467328
223294464
928223232
223822336
826322432
973428224
327647232
898322432
828242432
423732224
624333824
489242624
238326272
327442432
444276224
733287424
263263232
622964224
943222272
222733824
932283392
426332672
627743232
227482624
227643392
683239424
283922432
293364224
224823296
293343232
237663232
484276224
823273472
923828224
443323392
324662272
372242432
662324224
393332224
868242432
272824832
736223232
232722944
262234624
222222336
722484224
274294272
393682432
678326272
742222336
436222464
228472832
277233664
426232832
664423424
222633472
227226624
283636224
222734336
826229248
328338432
244242432
368822272
424244224
633823232
929334272
743222272
667743232
298463232
227427328
234322432
264223232
726349824
633293824
223222272
898292224
332284928
279224832
932622336
327822336
342222336
493266432
762383872
746343424
242484224
244282368
342322688
634427392
934223872
334326272
333223424
342324224
232246272
344978432
224274432
222239232
492626432
423732736
722424832
648246272
732468224
233342464
243833344
422247424
333236224
926392832
382329344
442343424
222239232
679224832
282332672
662838272
236724224
974277632
223924224
644323328
726623232
433322496
674742272
246367232
722228224
236276224
227232768
439734272
228242432
633229824
688423424
432462336
922232832
448633344
327222272
722443264
972237824
627242496
322362368
638262272
223222272
363239424
843423744
293684224
642737664
672479232
274233344
672372224
224628224
264246272
727493632
696223744
332327424
334243328
268946432
822328832
933663232
634783232
222367744
926327296
632287232
824346624
226236928
434228224
229223424
729272832
326243328
622244864
983322624
376223232
226232832
234233344
663476224
262226432
323433472
427894272
722279424
462262272
642424832
239924224
429262336
867432448
242934272
764323328
327222272
722294272
423222784
343322624
723278336
242934784
446243328
239263232
732263424
689426432
623823872
633272832
826233344
242373632
243748864
392223232
722296832
837236224
744462336
337334272
742644224
279222272
672223232
243922432
393247232
223348224
396434432
346232832
322364928
642228224
224333824
832389632
242362368
432822272
722232832
264287232
368329728
684229632
394228224
244982272
822823424
863924224
669343232
462224384
326326272
272228864
223736832
434783232
289242624
622843392
762293248
223263744
284639232
862226432
773774336
337443328
222426624
762463232
427363328
993332224
272234496
922422272
762373632
234463232
644242432
232743424
643433472
942623232
732324864
464223232
928223744
822223872
734262272
424338432
923423232
247322624
222362624
222222336
933727232
422482432
932242432
223926272
462367232
247732224
348726272
242279424
733364224
222262272
223324672
923292672
424933376
232372224
362228224
334734336
332469248
482742272
238772224
223332864
288233472
442729472
432282624
242424832
636393472
334222336
333237248
438324224
674228224
793234432
943222272
923828224
422462464
322962432
222262272
832692224
274842624
227636224
328722432
722279424
223772672
664244224
426292224
267423744
326482432
722422272
239734272
248628224
433844224
462326272
466834432
233242624
226424832
832863232
822428672
282783232
243444224
227282944
226294272
273426432
362934272
262222336
734243328
226232832
482663424
232822784
624284672
824223232
229343232
982239232
272287232
334234624
226232832
824822272
722934272
292238336
432244224
786228224
392223744
726923264
233422336
364276224
442682368
379743232
232244224
424824832
362228224
922232832
377234432
432476672
223772672
464372224
732342272
784423424
337422336
232822784
242366464
938422272
429622272
493722624
222277632
882232832
392444928
967322624
673229824
432223232
232479232
372724224
972327936
384223232
443762688
328223744
228242432
846223872
233247232
282422272
639378432
333364224
332662272
624433664
483423232
243237376
722332672
626232832
296282624
223284224
443474432
832274432
633443328
322232832
742324224
723743232
466422272
423222272
226424832
272379392
627282432
329234432
432223232
327732224
222672384
234322432
236626432
422224384
744223232
227423232
422324224
223223296
222324224
428442624
464223232
422222336
628242432
273882624
962322432
282299392
232927232
472474624
234324992
224633344
323427328
227226624
432439296
793447424
822247424
242622464
327222272
226233344
726623232
326226944
348724224
324278272
732222464
233663488
483228672
766222336
699423744
274279424
642633728
423267328
232884224
433336832
222326272
742247424
236263424
438324224
824282624
436383232
232632832
962322432
382324224
372664832
333428224
642424832
223224832
327263232
343263232
272822272
424372224
263263232
222439424
342328832
438243328
226232832
286226432
334332928
232333824
433462272
338783232
937268224
283832832
283323392
426377728
682228224
933622272
933236736
362463232
282422272
633227264
823348224
247222272
222262272
323444736
324432896
288233472
292242432
324323328
332263424
234292224
724323328
227423232
332293632
422226432
322642432
224267264
224443392
233247232
272249344
692366336
322463232
892276224
862347264
422324224
224272384
723474432
232223232
426292224
763423232
643382272
324342272
332942336
832822272
422623744
347343872
432284672
262247424
362232832
326239744
364724224
293622272
242844672
242292224
222879232
827444224
249247232
263222272
444238336
233426944
972222464
837492224
474322432
447732224
446324736
232479744
323344384
332342272
828293632
424227328
222833664
338233344
432232448
642832384
233823232
624223232
327223296
242893824
229343232
223634432
322228224
322424832
749622272
824436224
682934272
929339392
327224832
282422272
422262784
384722432
227346432
472423424
389343232
864632832
232227328
236222464
443423232
224827392
247263232
232436736
832274432
323474432
724222464
283444224
822843392
233339392
232244224
343243264
473823232
332366336
293236224
323367424
632937472
242642432
242463744
224272384
223222784
336223232
283743232
434783232
846222336
434742272
742644224
242322432
642337792
942264832
369823232
222262272
222393344
223442432
247843328
224227328
299423232
884242432
284343296
324434432
683333632
229326336
633322496
338422272
932223488
262226432
233273344
232223744
322932224
223463424
222324224
693223424
332344832
942324736
823493632
622879232
293323264
332244992
234322432
624248832
328632832
663222272
832666624
292222976
242294272
222623232
432437248
833332224
626229248
683239424
283922432
722933248
322294272
229238272
243943424
222249472
624483328
347743232
223327232
243233792
376628224
629492224
239322624
243497472
223322624
634343424
722463232
476222464
237283328
863284224
326326272
243487232
222632448
432462336
337247232
372726272
432442368
323423232
228442624
723282432
327442432
733237248
442322944
342243328
227346432
262439424
822372864
323242496
993234944
374262272
826382336
474343424
293492224
322642944
464922624
233272832
644342272
337823232
239223296
334234624
226827264
943244288
443636224
327263232
338484224
422623744
622482432
224372224
249362432
792223232
482399232
427444224
382482432
396323328
433349632
223463424
326482432
232722432
842294272
443743232
623734272
443423232
992223232
263324672
237622272
227832832
242422272
233232384
926247424
463329792
236626432
434763264
422223872
442949632
998623232
226422272
472223744
472722432
272223232
242486272
242229248
222362624
234332672
439263232
429233664
336274432
237323264
229287424
272483328
423634432
733722624
627828224
264223232
232824832
234394624
742633472
482422272
223442432
238943232
748242432
429323264
364342272
229428224
274228224
832822272
732222464
348342272
244343296
424884224
922292224
692263424
299423232
224223232
774738432
422324224
287246336
287224832
734324224
227423232
333279232
822262784
247222272
222262272
226962432
323323392
662262784
224722432
727223296
643922432
227636224
632844288
836447232
428242432
223643648
332342784
942363648
869236224
327647232
682228224
366324224
224228864
222329344
476622336
393227264
322399232
424346624
237223424
872233472
223243264
442292224
273334272
742326272
297362432
239243264
346422272
223243264
647322624
339423744
222226432
298663424
776244224
693727232
392232448
333283328
444622336
922339328
642273792
892263424
443764224
228826624
433336832
892447232
242339328
424822784
422263296
232634368
426228224
343223296
834229248
822324224
822247424
839732224
384223232
262367232
436242432
327322624
467323392
842232832
922423296
272276992
363636224
662392832
244273664
466834432
342623232
632436224
293663232
336443392
334326784
222226432
663647232
832223232
428442624
394386432
842322432
232282624
334222336
646623232
232246272
232786432
366247424
248628224
222263296
272223232
763323392
926964224
228662272
492434432
322363392
232227328
463263232
634636288
662262272
296223232
243922944
668383232
343222272
232246272
342432768
232297472
623224832
734234624
334646272
373323264
392244224
628242432
942774272
649334272
722827264
624423424
628242432
422883328
327323648
638823424
272333824
237243392
224823296
424922624
489242624
643342848
384233472
246623232
243922432
346292224
222482432
464223232
322622464
272246272
288338432
223273472
232443392
643467264
462324224
222862336
274232832
422623232
442228224
783634432
282422272
722292224
478633472
339832832
832483328
933343232
462262272
673247232
427239424
434233344
343327232
423324672
432724992
837343232
322868224
244242944
227643392
444276224
878644224
292383232
273294336
222994432
384233472
224223232
432282624
732327424
262247424
322382336
443922432
244242432
723636224
342623232
982324224
632692224
222324224
329462272
372447232
729234432
428432384
269663232
482332672
264287232
264246272
234642432
282463232
272462336
476222464
222262272
234292224
634292224
624694272
434642432
322642432
723723264
248223232
463826432
238326272
293223424
624228864
373663744
294324224
286222336
336884224
622388224
337332224
324242432
234294272
926222336
324383232
682343424
264249344
232223232
232244224
626422272
422943232
339922432
449422336
224822272
664722432
278324224
723282432
662428672
232334336
432372224
693223424
232628736
726222336
942482432
332468224
332222464
732342784
332237824
832846336
426422272
824873472
963226624
293224448
722343936
738742272
232436224
743442432
442322944
626322432
423272448
268293632
233723392
242742272
634727424
239263232
322364928
734644224
487634432
436383232
237323264
722363392
432763392
873362432
246623232
224372736
322494464
222442496
232633344
247327232
247322624
282292224
224423936
223294464
784423424
272436224
662324224
332832768
733223424
273833472
632274432
433242624
432423424
223826432
272244224
243723264
324623872
382222336
227922432
222328832
422324224
232233472
232374272
272782336
833844224
723423232
983732224
334326272
292442624
328436224
442979328
234232832
722238464
222226944
262329344
737332224
333243392
723387392
824924672
726623744
226472448
429236736
422632448
782222336
237343232
332264448
632246272
632436224
293927424
268434432
243432448
933279232
497332224
742923264
434932224
922294272
243239936
244344832
764222464
282847232
233742336
833462272
247822336
332242944
422324224
433294336
333773824
228242432
294239232
682228224
424223744
833272832
623327232
382234624
246367232
328632832
762422272
723764224
827423232
227828224
337227264
842394624
328372224
863442432
832823296
222262272
733622272
262332928
343322624
733479424
429326336
322234368
346473472
426629632
347943424
324447232
226783232
224924672
422222336
944223232
224479232
472464384
734324224
223322624
223327232
349236224
269433344
383634432
338463232
249362432
842238464
823732224
273334272
722783232
234322432
394783232
823263744
823222272
223227392
294964224
222879232
323322368
223289344
862262272
288282624
224223232
327732224
643262464
829343232
243226624
423224832
824423424
943463424
226232832
323282432
472244224
722742272
682382336
232284672
262623232
239284224
334262272
222249984
623224832
474292224
224333824
986932224
424372224
622442496
339226624
723423232
423223296
884323328
224436224
347333632
262623232
422223872
234932224
297334272
722322432
342733824
242322432
224272384
392223232
636229632
232722944
926264832
446772224
423422464
822222848
283322368
222266368
332942336
727822336
242463232
422362624
439732224
622623232
349223424
942239232
297422336
232692224
392822272
824274432
222226944
262243328
236263424
272244224
333883392
322747392
328338432
332383232
647732224
342326272
932472832
442362368
747282432
336223232
373394432
964442624
273247232
466787328
328423424
234322432
432822272
383322624
624927232
223399424
338424832
628344832
492242432
282343424
823647232
342373376
732442624
432379392
832223232
424487424
326222336
324724224
233242624
327263232
289823232
238222336
394232832
336372224
298343424
322332672
322676224
394228224
932242432
337334272
636324864
736863232
392334336
626232832
334223872
248246272
222226432
323324928
622943232
966623232
823222272
248374272
943224832
267323392
633232384
477236224
466422272
228626432
626424832
462243328
399327232
623263744
232233472
493637632
732242944
822324224
446332928
893438464
426932224
469343232
473333248
478646272
463224832
279423488
442663424
334226944
472436224
226322432
674233344
472223744
863243264
423328768
244472832
393874432
292242432
284434432
632992768
233823232
322622464
222222336
838623232
322228736
776244224
222224384
623286272
433273344
434633728
622262272
934623232
622224384
623734272
243323392
223422464
424722432
628724224
422396928
624333824
884242432
223263744
626932224
674723328
263824384
682322432
269236224
333637632
342324224
427986432
223348224
332469248
272927232
342324224
934222336
327222272
223222784
664338432
427322368
222222336
422623232
264423424
234424832
632334336
233227776
222482432
223243264
248287232
662262272
223327744
233782272
242322432
222239232
234322944
233439232
272922624
223263232
343442432
742623232
933343232
422223872
223732224
462222336
398324736
224223232
273334272
322428928
274842624
463442432
642332672
736223232
333663232
247442432
422334464
322373632
628923392
632223232
448334336
237326336
322983424
623336448
474422272
422322688
223263232
673423872
628242432
328223744
286243328
223627264
262224896
222362624
343962624
223327232
772496384
224692224
236442624
492342272
982222336
333492224
236276224
222222336
822243328
338422784
722932736
832249344
732626432
387282432
874322944
323432448
873232384
624483328
223222272
326772224
332343296
223327232
636237824
693983232
232244224
443227648
422373376
326239232
663926272
422226944
342862336
386322432
242972672
236242432
226463232
336372224
332363264
337972224
686222336
227322368
622687232
348222464
732242944
283249664
234322432
493279232
972626432
462646272
442343424
422482432
222482432
422324224
923282432
226332672
222262272
323226624
224837632
447327232
243638272
373343744
924229632
224722432
242322432
773343232
333622272
428242432
643324928
273332224
339226624
279322624
228242432
222284288
932293632
242422272
292442624
836383232
622644224
222833664
272743424
833232384
232229376
273462272
332732928
868323328
423762432
926823424
234683392
372933632
633426432
346343424
224223232
394322432
482233344
822226432
234322432
274422272
323743232
832922624
863222272
276327424
842343424
323623424
623222272
232248832
772323328
223732224
936633344
462222336
823962624
697234432
822239232
263237632
232722432
642292224
224274432
292222464
226783232
327263232
423429632
232287232
493262336
826294272
272227328
933323264
393443328
242922496
244293632
422646784
323894272
322232832
827977728
222236672
333492224
473227264
822222336
243423232
744338432
222866432
372342272
423237632
322322432
422262272
246324224
226742272
227922432
283333632
477492224
462262272
477343232
233242624
232244224
276242432
442232832
232334336
944223232
322399232
638324224
244229632
226228224
342264832
634922496
962422272
662239232
274322432
928223232
336822272
293822464
642424832
739423232
322322432
622222336
222362624
472632832
463222272
364242432
463422464
622262272
326433792
643636224
232424448
673333248
722484224
422326784
832223232
822239232
823324672
649336832
226332672
362426368
242742272
663224832
223323648
332283392
222222336
336372224
243323392
328443392
637323264
233229824
482228224
323444224
382943232
822367232
424223232
234422272
926262272
332327424
422633472
227832832
923326464
282932224
273268224
622836736
488436224
433722368
228622336
342239232
263284224
373274624
339636224
922676224
938232832
337242624
228639232
232423424
274228224
733287424
947423232
222262272
782738432
282727424
736274432
322427392
432282624
774324224
232872448
848223232
268276224
326234624
426292224
423834624
682232832
933492224
447243264
272732672
224338432
333238272
242363392
344274432
922228224
323346432
238226432
422324224
229236224
242783232
462332928
822367232
434486272
322332672
242422272
264722432
792223232
633242624
477364224
772327424
462262272
322747392
242292224
237323264
243794432
223734272
323423232
222388224
224282624
933343232
386932224
622439424
262222336
922363392
433972224
324434432
364229632
247228928
726324224
227367424
728223232
633423872
922723328
223322624
242443264
432773632
223222272
263327232
292323328
443423232
232244224
233334784
322343424
232423424
229343232
482642432
773223424
423824384
332442624
726674432
344224768
326223872
242333696
322423296
248372224
222328832
332237824
273422336
234322432
432223232
633273344
622823424
272333824
733238272
924724224
393823232
432372736
344372224
822324224
328927232
627423232
433332224
436242432
622224384
242422272
343732224
392227328
247223296
292242432
327627264
343327232
239222784
747423232
624436224
238943232
333262848
436982272
273334272
922678272
922427392
333233664
222672384
242622464
722228224
332622336
232376832
282292224
843982336
283363328
667636224
226292224
247826432
473337344
398823424
226322944
333238272
623224832
342843392
482962432
832223232
474346496
274793472
624244224
342623744
263227392
433334272
272223744
722322432
236342272
326623744
226932224
294264832
879224832
224247296
242742272
692278272
926239232
222974464
486224384
422949376
687634432
266949632
232822272
793434624
727337472
332233728
264824832
229266432
483343872
467922432
672372224
222249472
693748224
842382336
742482432
292429824
442834432
244383232
746343424
436724224
432632832
433332224
722422272
424244224
222393344
428434432
394228224
348222464
279222272
424794624
236432384
723342336
768223232
942823424
424223232
222286848
264223232
243472384
839222272
322663424
762293248
333428224
322233344
492263424
626282496
436434432
633334272
283282432
223442432
388323328
642279424
262943232
236428288
742222336
627292672
473443328
272234496
334777344
244923392
933347328
332342272
783732736
222672384
337844224
282932224
773323264
263263232
232228864
322639872
344374272
732363264
228222464
722292736
337722368
223222272
982247936
422682624
999222272
272242688
234742272
389343232
224244224
873439232
233372672
227423232
322642432
283623424
222226432
444282368
224223232
224232448
328223232
372364288
942226432
233339392
463327232
332342272
423493632
264822272
424223232
736822272
223243264
476242432
982329344
749323264
893323264
832282624
677324288
289823232
744722432
942687232
232332288
326222336
428342272
226486272
333432832
263442432
236222464
442768384
232634368
826663424
629372928
248843264
373223424
222226432
376246272
249334272
437343232
723233792
427922432
396626432
332342272
723724288
447442432
264379392
333366272
422838272
627829248
222239744
972242432
292626432
622388224
244278272
692327424
243233792
897234432
482842624
422223872
882322432
324323328
343227392
863263232
783634432
327322624
376372224
822262272
433722368
892222464
229332992
362783232
422633472
367222272
438774272
623372288
344863232
293343232
843433472
388323328
423732224
438367232
323922432
627342336
622324224
274322432
223883264
226763264
222623232
843367424
432246272
448233984
742222336
923239424
772447232
833234432
944722432
234279424
834962432
423223296
433332224
322373632
792332288
233384448
234783232
232274432
833723392
244728832
232287232
262326272
472423424
432232448
246734336
842232832
922783232
239732224
232272384
222943232
424223232
238738432
322322432
242293248
266422272
942623232
244427264
927222272
922228224
222437376
486243328
772728832
222262272
642932224
342364672
848233472
229923328
632822272
724323328
876434432
297234432
232464384
367422464
333233664
638226432
442949632
266292224
222623232
322444288
722422272
332724224
729247232
437283328
236222464
223429632
648843264
236329472
373432832
937232384
223929344
293238784
236434432
343647232
343478272
422772736
633827328
382644224
634322944
424466432
432246272
643423232
894247424
823647232
332427264
222223872
822393344
272223232
732327424
423348224
662224384
392274432
424423424
742923264
422262272
333343744
946443264
223222272
722229248
432374272
833332224
279222272
864436224
962422272
823246336
998324736
942492672
874932224
733223424
222687232
739277824
222334464
223783424
222223872
237492224
233332224
447323648
672822272
272223232
232927232
822633472
263668224
233372672
263822336
222224384
343327232
329439232
242467328
322228224
834233344
947423232
223737344
222243328
222862336
224223232
234934272
392884224
322842624
262772224
287222784
834962432
274322432
438874624
292442624
328436224
922422784
429237248
222277632
224232448
832379392
222262272
622947328
943322624
463248384
229842432
247222272
326239232
423476224
269722624
722842624
944244224
424694272
922343424
626446336
233386496
822228992
243233792
484327424
222439424
672373248
637326336
667323392
222478336
873362432
223843328
472423424
332662272
733323264
784244224
923423232
243282432
322663424
483636224
242323968
342222336
434463232
727222784
222427648
346443264
632423424
672223232
433434624
472372224
423742464
372276224
826228224
933343232
223736832
848443392
822326272
442322432
832822272
632287232
263227392
623327232
322228224
662243328
479222272
226322432
838262272
223222272
748222464
322437632
723226624
882399232
268434432
226292224
323636224
242793472
462644224
922484224
322872832
468383232
244626432
343732224
422932992
224223232
224922624
226228224
234322944
422222336
223228928
226744832
633742336
342426624
343263232
646239232
422927872
422247424
223327232
287222272
637223424
782644224
338332672
422377472
392722432
278836224
223224832
436622336
623222272
342263296
228233728
443892736
233642496
722292224
243367936
222623232
342623232
327924224
474642432
844263424
743222272
922422272
243423232
222262272
263742464
423222272
329227264
263263232
672333824
222943232
824244224
382623744
732472832
292447232
423627264
222623232
934674432
934326272
448632832
237236224
222222336
692472832
943224832
493233664
734262272
979342336
294226432
623222272
736233472
942362624
762463232
473322496
382262272
722473984
794294272
482233344
422393344
347743232
322622464
323943424
232223232
746228224
447222272
262239232
727222272
382226432
222247424
237236224
273247232
324724224
662623232
472274432
722228224
223243264
233232384
833748992
722322432
343222272
432338432
374362624
239224832
334427648
382823424
262234624
333622784
663734272
482642432
726283264
462262272
292324864
934627328
293234688
222239744
283423232
733432832
324624384
382324224
722962432
684222464
783332864
432223232
374222336
322228224
432822784
336223232
497722368
942324224
224824832
626363392
262328832
393823744
266898432
826663424
692447232
773822464
223222272
229242368
343267328
247478272
232274432
249242624
274322432
442373632
476327424
722422272
232634368
634936832
322322432
227723264
824223232
422222336
934324224
338297344
332342272
228293632
233227264
633874432
232336384
279742464
222332928
623244288
466343424
329362432
346233344
237224448
833234432
243743232
344246272
272442368
243226624
972233728
823734272
227423232
394422272
222842368
232233472
224439296
293364224
329272832
224274432
463732224
242292224
623924224
322229248
743322624
962463232
362232832
422439424
364242944
923333632
722322432
334226432
333492224
273423872
429842432
836327424
422682624
262243328
223693824
262277632
437366272
424884224
626399232
276222464
223732224
439222272
362229248
664886272
977272832
232822784
646222848
737332224
627239936
436662272
363277824
623734784
787423232
672692224
743732224
672227328
224272384
226422272
826233344
464863232
248822272
226233344
922424832
243764224
722332672
327422464
732726272
728334336
243232768
466422272
743642624
274932224
822646784
862222336
222277632
334322688
332698624
242443264
822298624
287224832
783263232
224424448
338422272
924982272
222324224
623476224
743348224
947423232
292624384
224722944
323423232
927263232
328223232
362422272
232722432
633396224
823442432
262362624
243444224
434232832
438222336
623336448
332222464
334326272
626234368
423822336
232628224
846326272
926482432
423222272
233422336
224223232
232244224
232743424
223284224
424822272
223429632
234763264
322228224
248438272
626249728
839647232
362426368
673682432
423222272
272443392
972342272
824373248
463223296
274742272
267723264
332329472
333236224
243922432
273247232
439822336
922232832
733366272
632927232
284982272
224443392
372724224
378422272
264338432
326234624
393372672
476242432
828342272
326239232
434373632
328333824
644923392
622943232
423332864
333722624
244882432
932626432
734239232
333236224
424223232
273746432
763444224
222734336
433334272
226472448
922343424
677433344
327732224
227423232
226322432
423222272
422887424
626292224
432822272
322423296
223693824
928333824
878239232
332329472
223444992
666322944
494632448
222649344
424634368
246283264
272487424
423322624
823223296
223222272
933223424
632886272
682228224
722424832
722622464
276923392
222772224
222283264
492724224
722322432
423627264
823222272
622284288
324263424
263263232
683444224
226322432
422222336
222482432
264249344
272272384
992632832
739723264
632763392
242682368
224479232
866322432
647263232
323236864
222263296
638239232
262682624
243346432
323892224
222226432
322663424
232436224
834232832
862277632
892622336
636342272
642427392
323226624
394622464
923323392
463862272
324363264
442463232
843449344
234663424
222362624
242228224
473242624
222644224
892299264
243333632
238324224
273332224
626322432
328732672
233242624
868263424
446324224
327263232
362339328
242742272
624443392
322228224
434228224
336722432
473746432
294222336
622283264
632423424
932626432
433234432
442633728
839348224
224433664
342324224
287222272
674322432
233362432
366222336
324329472
232692224
293364224
437842432
242444288
337334272
627892224
842427392
872249344
383822336
422682624
268724224
383284224
448282624
222623232
248332288
622623232
234742272
673362432
236242944
962332672
222283264
743224832
434422272
634233344
324724224
363323392
367327232
322382336
932283392
424423424
239374336
274427392
224246272
222324736
223732736
896233472
222277632
664372224
232632832
447263744
667282432
622862336
239433728
824244224
233268736
222263296
992436224
429266432
272287232
462262272
322422272
637266432
733663232
362422272
364383232
638646272
324363264
328244224
226832384
243233792
283423232
334623232
363423744
423322624
224372224
272274432
229772288
242934784
666232832
624423424
892383232
783422464
333343232
344822272
222262272
486364672
243872768
328722944
232894464
922422272
676622336
282292224
622326272
242292736
742262272
337339392
223839232
774262272
922293248
927224832
223327232
322723328
296922624
738742272
283636224
222224384
232722432
232722944
286226432
246823424
327263232
762343424
273396224
222226432
443723264
467323392
328338432
272333824
293223424
343732224
242332672
642229248
623442432
432732672
444242432
676434432
232397824
324233728
423822336
634422272
636238336
229492224
244667392
293372928
332343296
944462336
344922624
328372224
343442432
827433472
924498432
423327232
326329344
262392832
227448832
237236224
224223232
323322368
279672832
327422464
272223232
426422272
322869248
723339264
326674432
223822336
974623232
422239232
327327744
626622464
722868224
362332672
632372224
224922624
323448832
234742272
242444288
234343424
334623232
232227328
633447424
242422272
344374272
223642624
323832832
294239232
329232384
339723264
344423424
424633344
273439232
742222336
232244224
822222848
826783232
333343744
337938432
293223424
422239232
624438272
734328832
423324672
326362624
392246272
442322944
736233472
749432832
224692224
823826432
284442624
292263424
434463232
323474432
642742272
236323328
443326464
327322624
828276224
222224384
622367232
722463232
223793664
226322432
744722432
724222976
233426944
943327232
883444224
274233344
422623744
292622336
324233728
272632832
332626432
432233472
482642432
222697472
897332224
433333248
824293376
842233344
222239232
222393344
983222272
462324224
373223424
663732224
234322944
348222464
234642432
376223232
264374272
664233472
436323328
463327232
736338432
234723328
292342272
634422272
782226432
247373824
223323648
432863232
247374336
688246272
833383424
324242432
272722432
226266624
222327296
336692224
224223232
922233344
422634496
647222272
743222272
348724224
842382336
242422272
347323392
223883264
492882432
424372736
236242432
742324224
276242432
222938624
842272768
726733824
346422272
272827392
832223232
943227392
384722432
234292224
639286272
797236224
686243328
242673664
397343232
962847232
732383232
272223232
422243328
262222336
422239232
273247232
467444224
983222272
234723328
329426432
424692224
749343232
323382272
647227392
242322944
232436736
264232448
332264448
224824832
947262464
393227264
322322432
262482432
239222784
823422464
228724224
722962432
722642944
683423232
424229376
344246272
728884224
234473472
933262336
624223232
833332224
643449344
448927232
272223232
923723264
637223424
222774272
736223232
748342272
372882432
426344448
223222272
292293632
372342272
222239232
928232448
764383232
438324224
824223232
622264832
243326464
766234624
433462272
392722432
334388224
834399232
722322432
633742336
363226624
444238336
844282368
224794624
423672832
368722432
386322432
226463232
823762432
323723264
322229248
623227392
262623232
423227392
263732224
232223232
334234624
222633472
423237632
422623232
632246272
222672384
783442432
242294272
223442944
972432384
322424832
733246464
326247424
672223232
432333824
333492224
924639232
322423296
232372224
279732224
226742272
472223232
333323264
243764224
623227392
624223232
334222336
423223296
283282432
362229248
368223232
282228224
422226432
444282368
238324224
282934272
384274432
462222336
444639232
622332928
834322432
223442432
333727232
374623232
327222272
742633984
223736832
363292672
622738432
398623232
642832384
222243328
494226432
262239232
263476224
244724224
234228224
233273344
443423744
233426432
424466432
936244224
423634432
222437376
634463232
223222272
392233472
628378624
626322432
222943232
832292864
824244224
232334336
223924224
662482944
342843392
462439424
242727424
232886272
272223232
334243328
924293632
383222272
426228224
733343232
844442624
433342464
443262464
233827328
883643392
436323328
233342976
323743232
473232384
243999232
628622336
342326272
332222976
242382336
348229632
366326272
829223424
248628224
622324224
622226432
944223232
343224832
472246272
623337472
442437632
992227328
722228736
784487424
634842624
883743232
623444992
334234624
243444224
462436864
722484224
473439232
693236224
823337472
243273728
662377472
963433472
323226624
424227328
234266624
936244224
232922624
232232448
273298432
686222336
427623424
722228224
263333376
423332864
368223232
287224832
272423424
329234432
222262272
276323328
469236224
244327424
242932736
632223232
836363264
364229632
234294272
734439424
224223232
343442432
374633472
462239232
622222336
322463232
422923264
247227392
242322432
666236928
323382272
298292224
432423424
922322432
326324224
282642432
723363328
226228224
933364224
224722944
624232448
682463744
362332672
382324224
623227392
222772224
374623232
224223232
743222272
344229376
776269824
422222336
223263744
662283264
839322624
343634432
263327232
233742336
239329792
822224384
293223424
472332288
426422272
422222848
932383232
387226624
232773632
232382464
434228224
222262272
233242624
247327232
649439232
222244864
632287232
232346624
422923264
229233664
237279232
672246272
336274432
227684864
223822336
223223296
274332672
392223232
332343296
842437632
392372224
227423232
664244224
279442432
292383232
323423232
346463232
227833344
423924224
923444224
237364224
234872832
322322944
223348224
422226432
429223424
227226624
433434624
322386432
729242624
232246272
623222272
632372224
362232832
347833344
848223232
238644224
367222272
276242944
233823232
932472832
642484224
242642432
233464832
433422336
242322432
222644736
322484224
477223424
343224832
928223232
876244992
638262272
242983424
643764224
232223232
963433472
422842368
233462272
637323776
294239232
222332928
823386624
423826432
622439424
243792384
223843328
238943232
689332224
233362432
262334464
923333632
272287232
722783232
962322432
222943232
322363392
322422272
343263232
342239232
482873344
442422272
732242432
283322368
833247232
483239424
473362432
622687232
236447232
829736448
424246272
328346624
499423232
272223232
446623232
673823232
242623488
272246272
336438272
343222272
427282432
263926272
432244224
422222848
337342464
333622272
864822272
423732224
323269632
232333824
626473472
398234624
224348672
978322432
894226432
632223232
236222464
226424832
634723328
722382336
824223744
464282624
243623936
242234368
424924672
392223744
643342336
264223232
444472832
482322432
324293632
462633472
886264832
226233344
323423232
242422784
322229248
222442496
328436224
463244288
324229632
233422336
332882432
742324224
243723264
233234432
282292224
447324672
263222272
493237248
336628224
272233472
823642624
743732224
334224384
338422272
244434944
242484224
324363264
292263424
223286272
872223232
424338432
296722432
434228224
229722624
433272832
843346432
832822272
237262336
238736384
322322944
622623232
238239232
277233664
968223232
332222464
237236224
336232448
227423232
322233344
362763264
237432832
792372224
422263296
829942272
322322432
962266624
622223872
324238336
474233344
732342784
287762432
227922944
626277376
432284672
222887936
922232832
322463232
434373632
224632832
274622464
292342272
242332672
327924224
962234368
273332224
246239232
237663232
283239424
432223232
433234432
396626432
326324224
326239232
442962432
232348672
262324736
623393792
784362496
726439424
242793472
426742784
223222272
632722944
633422336
484327424
224224768
342687232
278623232
279322624
943243264
234834432
233974272
329823232
224334336
736227328
382364672
322637824
732942336
262324224
774623232
928274432
824244224
239732224
242932224
823732224
834379264
276622336
248632832
423222272
732662272
337823232
737332224
268222464
232223232
646646272
626322432
722642944
863822336
232372224
442292224
223422464
423263232
232244224
393242624
842834432
683333632
342879232
328773632
282422272
332383232
672479232
624223232
222328832
262776832
493238272
626282496
793422336
282343424
732342272
897334272
233426432
722232832
222388224
442629632
283363328
824692224
262633472
472338432
267333632
673234432
922228224
472423424
222797824
423228928
262943232
322363392
427623424
233733632
927224832
382964224
723423232
266332672
238277632
666322432
866422272
626332672
237243392
322228224
334223872
732242432
822324224
842729984
383222272
846226944
226232832
343926272
262223872
374623232
726226944
462697472
263327232
633269248
627423232
343243264
723237376
327284224
696722432
222222336
747344384
374836224
224822272
646234624
293343232
736282624
238262272
886324224
376223232
223732736
472232448
362473472
332242432
637492224
842322432
722834432
422324224
743732224
438239232
772323328
692327424
622738432
222674432
232223232
483423232
362229248
492342272
323922432
664948224
272382464
324328448
762847232
482322432
223228928
628634624
322322432
322232832
233278464
426933248
738228224
632246272
679322624
722343424
944483328
326223872
432223232
222364672
224332288
382324224
222224896
323482624
922232832
362232832
872223232
823327232
224372736
342674432
227228672
634422272
283423232
423222272
724342272
228383232
227226624
323232768
243342336
222426624
223386624
822224384
822772224
423627264
733223424
243278336
423222272
234294272
224333824
437863424
344232448
922427392
422324736
227444736
382324224
283423232
362424832
322446336
243483648
442422272
624248832
237622272
369247232
494239232
234228224
226742272
222478336
842484224
323323392
232722432
248372224
233242624
234292224
672773632
446222336
723922432
224223232
878324224
433633792
733242368
836242432
926943232
234422784
272843264
732263424
426463232
326324224
323643392
332647424
623222272
993332224
822367232
234339328
342367232
422347264
844222464
444229632
464863232
333364224
983222272
224244224
934633472
333822464
244263424
432763392
482339328
323382272
447222272
232462336
826663424
642292224
432232448
323687424
679322624
223732224
938228224
974262272
482382336
223243264
246367232
823223296
933223424
323636224
246247424
436323328
362463744
272743424
238262272
338228224
239248384
234873344
348726272
232223744
466723328
232244224
794422272
324242432
276222464
263627264
226463232
282322432
733366272
394437632
726239232
222226432
364233728
333223424
743222784
332324864
724242432
874233344
742328832
834228736
274228224
778292224
722322944
242423296
879222272
232389632
268383232
322422272
226872832
333243392
234422272
234422272
736372224
742222336
464628224
429276672
424438272
423284224
224436224
222736384
986422272
222347264
634294272
772626432
442228224
332383232
373233664
263822336
822334464
224223232
243743232
732434432
322229248
424722432
723427328
222326272
297242624
473229824
683382272
962232832
622284288
226332672
633424896
223928832
233739264
372323328
232446464
242322432
392423424
723434496
732442624
343224832
238646272
866422272
922232832
228323328
849844224
362236928
347922944
933923328
232223232
638772224
434294272
423273472
828726272
427636224
283423232
232276992
226486272
328633344
328346624
329332224
338238464
447243264
723642368
322322432
423732224
938232832
482343424
222226944
732263424
467764224
834437632
644383232
624223232
722673664
382324736
623839232
333663232
729422336
222239232
482229248
334234624
673247232
294234624
323832832
232744448
782324224
324434432
928978432
244242944
622234624
439862272
244732928
364329472
238326272
484242432
446284288
324293632
242642432
723423232
672423424
772342272
822432768
433422336
722373376
274742272
233723392
296722432
222234624
267892224
672474624
229243392
224292864
742239232
624628224
392246272
483623424
347333632
324242944
223222784
232692224
234382336
444383232
438226432
223722496
762296832
466332672
344374272
922467328
226322432
276626432
223223296
442934272
237927424
223222784
262923264
232244224
333643264
242233344
442427392
942223872
247374336
422462464
643423232
368822272
422324224
272922624
323943424
444662272
296462336
263333376
263647232
492639232
223322624
236643328
922332672
672822272
224296448
223924224
462247424
468323328
238332928
726239232
232332288
442932224
662646272
323482624
224479232
233823232
227226624
622842368
224722432
332724224
222324224
334823424
787423744
627444224
786443264
364222464
628242432
226642432
862262272
373942272
234463232
633439232
422964224
722373632
282847232
822239232
622267392
244634624
462644224
442422272
822334464
823733248
622226432
233329664
643282432
734234624
424743424
238623744
423822336
426232832
822226944
322446336
722932224
294623232
243282432
239924224
347322368
229727232
392223232
624436224
762642432
228967424
826738688
229224448
264722432
222687232
722232832
873462272
332233728
632332288
827323392
478324224
744927232
462823424
264223232
223374336
342267392
226322432
264372224
222627328
286239232
232223232
622364672
332442624
994633728
743647232
433383424
424389632
223322624
232246272
234422272
422324736
223224832
326249472
632348672
637332992
238243328
646324224
222247424
772242432
786233344
734632448
722463232
922868224
339282432
493637632
362362368
339226624
273332224
722232832
323828736
282422272
648346624
328244224
246729728
338484224
643423232
347444224
962233344
242268672
323943424
422243328
344743424
324329472
239822336
232632832
662222336
223442432
263222272
733223424
223823872
342224384
349236736
392223232
622482432
494234624
222994432
224743424
223693824
422222336
632822272
724427264
736743424
273332224
374627328
437684224
262222336
246239232
322322432
233383424
947636224
228329472
329823232
462623232
676622336
464246272
632822272
248629248
864227328
762233344
344274944
444242432
224423424
472223744
667423744
272632832
742244864
379262464
224223232
683239424
784227328
233722368
436276224
726243328
872462336
233422336
729362432
724222976
242693632
384223232
722422272
422239232
224223232
333773824
222623232
293323264
229233664
422367232
223732224
932276224
272274432
724222464
262926336
624274432
226362368
737972224
322228224
332327936
242232832
232932864
472333824
222823424
426463232
242422272
327732224
323228672
342324736
692242944
223322624
422923264
277223424
723922432
273332736
823263232
983732736
223733248
223796224
477223424
224293376
842322432
234232832
838324224
729242624
226383872
443363328
328246272
223286272
368223232
232922624
448633344
723423232
223333376
444639232
362422272
234373632
333622272
833234432
344223232
244429824
784483328
672223232
226832384
943762432
223924224
222648832
424223232
333224448
922266624
223839232
278482432
422226944
442443264
232382464
243922432
273682432
629842432
332229632
247826432
672692224
242373632
226332672
323282432
232346624
723892224
262286336
723323392
933863424
682343424
323322368
224372224
873334272
342772736
232633344
432463872
368232448
223263232
422239744
233439232
238738432
223422976
322232832
423324672
248393728
462862336
324473344
227342336
239348224
336223744
363423232
239284224
423237632
834422272
333343232
222222848
369332224
426322432
924639232
223783424
223263232
634463232
323227648
274727424
332342272
242322432
432223232
382234624
243383296
242272768
333773824
339423232
222326784
223284224
377447424
493876224
842484224
432398336
323828224
423433728
282292224
423742464
664228864
243323392
232628224
396327424
222964224
233228288
623423488
642783232
242622464
422646272
232282624
343322624
638226432
222876672
326228992
734644224
422239232
438262272
223284224
233426432
666422272
423222272
322292224
249362432
724622336
323764224
223823872
434232832
338422272
972237824
624223232
833242624
232233984
322363392
332767232
823223296
282637824
222432768
822239232
823322624
432822272
324263424
384223232
242962432
222234624
268342272
243423232
768223232
222644224
942222336
722424832
782943232
863222272
248722432
222823424
343222272
269627392
234427392
622462464
442463232
234232832
222222336
829944832
223463424
226962432
423333376
372442624
322424832
234677248
222324224
238843392
324323328
429622272
232722432
227324928
243423744
379423232
822324224
243723264
629343232
339423232
226234368
236724224
433426432
237622272
933364224
323764224
372233728
273332736
833294336
232244224
373262336
276882432
222247424
272282624
324263424
336863232
932242432
844222464
222439424
232223232
923922432
262222336
232372224
492342272
266422272
627342336
622324736
262367232
242282496
463463424
334222336
283333632
834783232
272436224
822326272
864234496
223222784
244242432
249334272
428383232
246623232
223224832
322727424
832244224
643879936
332434432
233247232
638324224
933343232
234294272
434423296
234422272
223642624
826292224
692323328
643282432
222236672
263824384
624822272
274228224
274424832
272773632
234322432
744424448
372882432
284724224
672863232
226234368
863783424
243239936
933722624
927222272
646222336
262887424
823433728
233633792
332982272
243292672
222733824
694823424
423929344
284434432
463327232
223222784
333343232
427322368
472244224
394422272
232423424
242322432
332622336
233823232
224233472
933223424
326326272
332383232
222836224
432377344
622226432
443833344
447284224
722322432
632372224
423263232
232244224
334943232
226322432
237238272
383222272
223263744
226228224
323444224
222332928
223222272
422836224
434424832
243636224
623399424
232423424
634232832
472223232
462224384
772242432
449247232
662324224
373727232
493223424
423822336
834373632
349238272
962343424
443743232
932383232
322382336
292242432
842228224
922932224
243636224
423668224
332323328
243226624
224333824
673422336
226642432
244342272
234292224
363623424
234842624
229279232
374243328
343634432
332222464
232374272
233724928
324493824
246262272
224948224
328722432
736333824
336223232
226322432
233972224
774623232
439322624
823327232
333323264
326222336
277622272
727632384
286239232
432692224
724229632
268447232
732263424
833234432
249234432
222324224
433833472
242289664
332342272
784223232
223442944
247222272
229343232
272223232
332427264
743263232
242783232
743223296
692323328
669627392
422224384
324293632
688244224
423223296
629343232
438222336
273337344
262324224
262964224
874292224
336232448
484383232
982482432
322343424
622674944
224863232
427322368
343442432
392372224
423392768
642332672
232824832
272372224
366324224
273723392
223327232
322228224
822823936
224223232
236882432
822264832
327222272
823332864
224223232
373343232
322842624
432223232
338322432
263642624
222774272
962426368
224633344
433444864
322844672
677343232
333323264
222943232
336223232
326746624
292882432
324327424
373236224
263348224
322292736
624248832
422324224
862326272
223226368
437343232
294388224
222243328
827487232
242932224
722842624
624338432
237428224
322363392
932242432
222482432
463924224
222363648
423348224
622482432
362729472
273823232
226723328
922232832
642423296
643344384
373774336
437238272
743322624
468623872
226228224
966243328
276342272
223433728
233244672
843794432
222332928
823436288
277863424
432837632
648246272
376372224
637479424
362322432
472372224
674933248
372343296
332278272
232249344
627423232
624927232
433973248
232372224
278262272
367422464
463227392
429236224
283922432
842232832
267333632
247732224
642463232
283333632
734623232
333326336
233332224
469236224
668242432
322228224
222226432
333686272
484263424
382482432
244327424
633823232
363623424
924724224
822328832
442332672
223284224
374262272
342324224
373283328
424244224
823222272
737972224
724434432
422732288
434962432
644229632
277428224
648424448
248244224
399224832
626484224
473234432
243892224
733323264
832223232
322322944
492263424
222222336
263642624
647222784
232223232
282232832
332623872
929268224
424244224
328223232
222334464
624274432
424269824
463272448
323324928
237663232
329227264
237323264
633268224
927634432
462362624
263322624
334277632
363363328
342836224
224272384
322463232
422469632
227922432
334774272
442228224
423924224
322229248
243482624
624374272
862226432
289332224
243233792
724293632
422324224
226868224
733722624
662623232
222836224
643346432
239732224
224436224
422223872
232244224
264722432
444626432
226622464
723342336
227322368
223732224
232372224
234962432
226332672
476342272
973323264
626233344
234322432
493223424
323326464
367924224
472633344
623823872
326328832
323269632
367463424
242343424
424826368
843346432
763226624
632628224
222836736
364383232
742224384
344223232
823222272
723892224
762932224
673242624
934674432
624823296
224334336
472724992
432224768
262772224
848692224
447439872
266322944
332342272
263222272
227429376
332442624
876229632
222482432
239222272
872783872
223327232
422223872
733236224
429328384
643277824
233386496
893323776
344223232
422623232
422482432
442622464
732383232
286222336
343222272
632223744
322232832
667282432
263263232
443828224
633247232
336822272
273439232
376244224
283367424
736628736
342367232
347324928
933238272
434443264
464822784
846222336
968223232
262224384
682292224
436643328
222347264
824227328
287322624
667423232
284242432
232722432
343988224
476242944
448244224
276393472
343327232
732323328
482783232
223223296
392423424
328722432
432333824
333492224
947282432
622362624
838324224
242742272
434422272
236442624
822236672
376223232
822239744
242642432
224628736
422286336
268342272
323363328
422324224
322292224
246836224
424722432
224242688
333623296
443432448
426228224
382328832
422249472
426422272
622224384
422222848
323427328
262243328
983243776
423244288
429323264
923262464
484447232
733727232
433227264
724222464
646239232
933433344
247438336
833334272
973223424
434322432
382623232
432223232
423374336
334492672
686324224
928223232
274422272
238943232
627636224
472722432
824244224
333842944
637366272
648423424
323732992
232822272
833227264
994233344
637223424
239327232
429223424
337234432
334674432
472249344
336438272
632743424
622644224
239348224
243423232
933364224
244726272
983224832
477663232
233332224
224282624
422667264
629343232
333429248
222243328
242273792
233293824
334623232
973223424
382943232
244732928
422943232
339474432
272274432
684342272
223672832
724432896
473422336
224223232
422943232
329362432
233932288
423222272
423292928
424287232
444293632
843922432
236229632
272282624
743826432
222367232
342239232
622262272
243346432
624333824
264274432
333343744
427922432
428363264
279442432
223463424
238239232
232233472
422283264
692622336
422263296
893236224
292242432
343263232
337383424
824423936
882473472
432336896
442292224
734243328
426486272
289426432
273332224
339327232
443423232
872338432
477663232
294633472
726226432
473332224
229236224
266422272
223826432
446623232
429492224
942277632
224223232
832272384
234873344
742432768
484342272
423734272
427226624
366226432
373663232
282322432
822283264
292324864
363423232
442232832
323299328
284242432
322228224
294239232
643333632
423732224
922232832
229622272
282228224
323892224
629236224
632383488
342222336
623222272
777662464
238222336
387444224
222442496
236239872
324939264
326234624
642463744
338322432
242386432
826727424
442343424
478222336
224722432
362292224
327826432
238738432
847463424
424846336
844327424
222277632
243636224
442932224
222369792
424223232
424922624
986422272
393268224
294772224
632722432
722279424
446332928
222427648
244622336
463732224
236276224
222226432
327834624
433247232
242633728
623327232
273362432
422222336
223627264
233844224
282322432
723423232
422469632
678243328
433332736
482279424
838226432
232223744
232766464
284229632
323833344
232223232
277343232
423327232
664743424
424244224
222772224
422286336
222329344
428344832
242446336
494262272
429663232
322233344
274322432
323423232
922842624
723743232
362642432
273333248
632374272
872244224
243764224
223967232
832274432
942262272
422222336
244242432
222433792
922343424
292383232
734234624
393232384
429429248
383423488
636434432
466233344
432223232
722322432
732623872
282422272
492378624
622772224
278283264
224333824
229323264
227444224
372493824
624722432
342226432
264884224
362382336
283623424
238223872
333364224
773663232
242232832
273247232
422667264
727442432
996342272
272722432
223222272
823732224
426292224
744223232
623224832
276242432
232722432
472466432
242228224
643834368
229364224
243423232
226322432
324468224
322294272
263822336
222324224
362932224
674322432
272223232
223327232
247322624
333876224
273823232
424443392
222226432
322832384
933643264
233298432
833332224
224348672
442294272
434322432
432372224
287263232
226228224
222223872
374482432
324263424
693492224
462388224
322443264
632338432
329342464
637238272
488244224
636263424
734226432
342623232
223333376
642238464
836383232
228242432
322228224
444222464
296223232
382234624
237236224
832822272
223222272
233483264
723636224
722484224
863263232
862322688
722332672
964383232
972242432
637364224
222286336
242424832
278433792
333236224
232722432
323423232
222734336
423644672
384822272
242962432
464632832
248244224
442642432
944423424
242322432
242744832
932222464
433972224
223224832
232297472
432274432
733242368
362232832
423263232
433232384
236383232
633336832
232233472
424287232
933233664
448223232
222377472
646623232
292634624
422838272
448372224
493492224
237236224
328223232
436222976
246482432
222647296
337972224
332724736
244472832
929247232
244923392
723382272
822243328
342439424
333266432
733343232
322228224
223824384
242232832
432628224
448334336
842366464
223263232
292366336
624333824
832822272
462332928
734943232
328232448
442932224
623222272
262623232
242996224
362868224
696423424
793332224
846324224
238226432
423284736
444434432
433384448
234423296
936223232
386232832
344922624
272229376
223337472
423222272
384423424
224333824
284747264
823222272
473362432
333829632
838283264
232233472
627228672
492434432
362292224
942226432
324342272
243333632
294226432
227226624
878222336
432223232
667623424
694262272
332792832
263327232
264287232
827322368
223246336
249823232
843723264
424372224
844327424
227242496
327222272
283423232
244442624
322437632
229993472
762422272
247429632
838623232
764222464
424424448
637233664
842343424
636293632
743322624
423422464
634463232
233362432
233742336
984822272
743322624
432863232
232886272
432338432
326772224
242873344
334262272
333748224
283322368
672423424
232389632
633272832
222264832
423284736
232423424
443262464
426463232
232372224
223323648
422268928
222332928
332946432
932236288
322444288
334324224
742326272
724242432
636383232
922232832
223244288
392223232
384334336
232483328
228242432
726262272
224233472
932793344
386382336
672722432
282962432
624244224
243423232
372242432
236276224
348263424
244242432
222222848
823327232
322332672
632227328
622623232
322783232
637432832
332472832
662426624
272244224
462226432
733492224
683743232
342239232
642233344
422243328
622222336
242422272
428242432
742462464
632462336
236229632
272423424
232267264
343263232
927322624
333343232
322322432
236323328
232269824
222674432
972263424
422623232
323342336
432223232
422644224
322638336
373727232
322324992
447627264
479732224
232274432
728423424
222322688
894623232
642292224
462262272
632423936
862324224
368223232
264223232
327322624
374324224
224223232
263273472
422923776
242783232
862239232
222632448
493622272
422797824
463732736
269223936
323382272
673426432
226932224
232223232
364383232
324428288
224287232
734623232
442622464
363384832
432233472
288692224
488927232
642322432
234322432
743222272
943323392
293236224
373727232
923743232
232863232
262426624
624666624
494644224
244293632
233823232
933643264
233234432
636342272
422264832
222347264
362443264
426322432
422324736
332323328
226343424
326772224
443633664
872223744
232223232
623246336
232333824
422736384
327732224
232292864
722742272
648223232
422264832
733236224
926262272
222324224
862324224
232889344
344244224
242339328
832863232
228473344
463322624
482228224
477663232
472267264
474723328
434742272
624223232
672233472
322232832
337334272
338233344
229833728
297247232
372242432
327263232
227323392
232822272
623762432
222264832
274228224
249242624
722322432
629343232
222623744
844229632
328632832
624244224
642322432
433337344
222823424
424334336
222826496
832223232
762322432
238262272
233242624
262324224
332387328
386424832
296233472
432244224
347323392
896223232
227236864
762322432
432479232
233247232
272438272
297332224
226339328
329443328
244634624
433234432
442683392
263924224
322233344
744246272
239327232
323423232
273823232
237236224
282266624
242228224
724276224
343263232
382222336
276383232
922322944
234932224
422239232
332242432
762443264
232922624
442399232
243474432
326243328
922422272
327267328
623423488
624274432
234663936
723282432
476342272
326222336
244677632
237236224
823348224
233243648
742623232
222746624
222243328
283333632
323233792
242332672
672373248
268263424
363922432
932447232
327337472
633242624
228242432
462234624
246277632
232223232
622283264
322322432
423272448
332229632
242834432
223284224
273332736
222367232
922763264
324323328
446239232
982738432
434322432
422623232
822324224
223463424
243764224
432436224
329362432
342823424
243636224
284238336
484473344
348342272
232223232
682232832
244882432
242322432
723427328
423222272
337332224
267423232
222393344
344424448
423243264
222738432
422634496
224822272
273242624
922322432
273298432
228263424
232436224
623438336
894222336
232272384
232232448
223732224
833332224
633272832
323423232
632246272
423843328
734226432
972342272
484447232
874933248
222283264
222367232
624223232
263862272
336223232
232377344
382627328
342239232
933428224
247463424
232338432
782324224
274933248
233823232
669236224
422226432
224223232
272223232
336223232
222236672
233332224
264336384
464223232
224227328
736433664
463324672
342633472
326324224
223378432
222228992
427239424
632799232
423222272
464338432
624223232
322932736
442322432
323474432
232244224
346636288
323623424
326247424
366623232
422367232
394463232
633234432
443282432
772344832
326286336
482424832
238226432
472822272
728372224
223327232
728334336
872244224
248223232
344223232
346232832
332383232
242463232
334243328
342426624
342392832
622734336
286239232
494226432
382482432
432372224
238226432
733266432
228242432
393268224
222267392
233972224
222326784
492242944
222347264
444434432
263862272
664223232
424372224
332724224
346463232
394292224
426463232
233974272
933223424
622222336
443423232
834229248
232332288
664223232
334243328
272863232
422674432
467226624
933233664
233227264
434742272
682422272
448374272
322228224
237863424
464372224
223862272
494362624
234386432
334734336
466322432
372327424
946322432
272223232
479273984
226422784
342623232
234642432
762233344
937234432
234373632
223263232
222623232
472223232
232722432
424462336
372323328
332882432
686243328
422928384
423337984
322463232
294623232
422222336
292242432
444242432
224822272
264424448
337242624
222738432
233484288
924327424
243423232
694222336
222283264
243487232
323423232
692242432
238264832
362932224
942262272
263442432
622222336
423322624
287327232
723423232
883679232
226484224
663223296
433247232
322962432
826228224
328474624
822262272
224389632
374627328
222646272
224282624
224373248
322847232
494324224
743324672
324222976
326239232
328223744
466744832
322484224
284263424
894222336
433294336
249447424
272223232
288223232
372429824
242742272
734223872
683322368
263647232
427282432
433823232
382222336
942836224
222623744
222797824
223243264
236724224
663324672
332276224
443423232
232722432
627262464
823263232
677343232
229343232
634297344
424223232
222239232
223324672
922727424
263222272
943733248
342426624
364329472
334324224
343222272
332427264
323228672
263237632
234744832
324293632
276242432
622836224
299423232
243427328
277338624
424443392
244263936
884434432
238283264
342623232
226827264
442629632
864223232
232463872
223272448
324323328
336372224
326732288
477942272
224376832
849332224
328244224
682642432
236342272
326222336
283444224
322842624
743378432
333663232
224233472
267922432
734326272
222426624
936227328
929422336
429332992
237243392
342239232
723723264
429663232
493343232
642292224
239378432
433434624
823732224
264246272
322232832
232438272
477323264
722292224
226232832
636342272
264423424
332434432
732343296
279327232
282232832
637279232
432423424
362322944
434629632
232822272
324283392
487862272
482842624
622388224
942222336
343263232
227262464
229223936
743222272
232272384
334226432
623222272
322233344
324238336
632249344
823322624
422324224
223442944
323444224
323623936
232863232
822823936
282322432
448223232
373842432
447243264
222243328
333226496
829239296
263478272
229243392
429663232
343924224
246239232
923723264
323226624
242424832
222222336
434228224
622222336
362422272
266322432
334324224
429323264
343327232
224232448
864843264
442292224
467322368
323282432
233823232
444323328
422322688
743272448
273332224
437863424
729332224
233844224
323423232
223348736
246326272
842238464
426292224
823327744
394422272
369332224
424274432
242962432
727322624
623463424
223323648
298322432
748263424
738422272
263333376
344334336
622644224
833462272
232722432
223967232
343224832
237876224
626742272
342324224
432374272
326644224
223327232
376632832
422392832
333722624
642842624
424633344
636222464
444468224
243324928
363323392
222236672
283323392
242249728
273426432
647327232
242373632
222226944
223222272
222236672
222362624
222484992
342243328
262329344
389343232
242373632
222222336
368223232
266232832
943647232
423237632
423839232
862222336
329247232
233342464
674424832
432732672
277343232
284639232
232244224
226422784
424244224
823322624
234422272
737334272
332222464
267323392
239862272
374222336
248633344
734262272
476434432
262222336
242422784
266228224
224248832
322996224
267892224
724323328
634633728
943222272
226322944
242322432
443636224
764222464
763282432
224383488
242663424
222943232
793422336
832244224
632479232
239237632
933622272
822923264
342247424
226382336
264927232
324277248
632436224
424436224
239222272
472722432
222324224
228732928
242228224
232722432
332393472
433234944
264274432
423273472
422222848
432632832
223423488
623762432
342482432
272223232
374334464
326623232
424223232
234322432
233383424
264423424
322343936
232628224
922292224
423762432
234463232
223263232
746322432
483726336
323623424
384244224
223634432
372664832
222388224
232466432
227743232
322834432
223222272
323832832
232633344
234422272
927348224
839222272
224863232
743322624
624227328
428263424
372242432
232436736
242292224
479273472
232333824
966324224
322422272
282322432
434932224
623223296
734738432
832246784
432436224
242232832
442422272
276242432
324263424
423237632
222367232
232287232
822774272
324622336
473273344
467382272
477343232
444276224
327327232
232233472
233742336
838623232
722228224
473272832
282437632
829236224
444263424
236327424
843367424
266834432
322322432
229622272
624377344
232382464
392732672
328223232
444342272
736223232
237236224
478262272
343222272
362232832
226663424
437223424
423222272
443323392
622224384
932242432
223332864
684238336
842322432
262234624
423222272
232223232
643423232
223762432
932242432
272692224
722228224
228432384
944423424
349236224
422332928
392374272
932342272
823732224
327284224
442232832
436323328
776223232
932342272
329362432
222644224
224438272
332342272
324242432
264334336
443343872
222324224
466228224
223263232
827662336
272223232
673334272
432246272
622943232
642834432
323226624
722228224
237364224
332242944
332342272
624333824
833434624
837223424
842424832
224244224
626322432
626868224
364622336
462482432
222324224
366239232
222222848
228327424
642232832
272438272
377332224
346232832
822222336
323423232
224223744
432223232
243226624
234322944
222262272
223732736
338424832
833334272
224223232
492434432
472223232
322233344
423222272
427963392
622774272
424722432
482484224
336223232
337234432
242842624
272223232
932323328
639222272
839243264
242322432
244442624
434742272
322422272
372344832
342324224
827322368
286324224
422324736
272223232
434373632
232722432
832223232
643423232
232424448
232763392
244222464
362228224
922322432
226463232
943673344
334326272
267832832
842297344
262264832
462222336
677343232
322292224
343222272
262222336
332727296
276634624
374623232
234292224
222823424
444222464
364242944
322783232
687824384
427323392
422623232
634663424
322322432
432332288
239374336
493622272
467423232
234842624
922463232
344373248
423348224
342644224
282292224
928223232
334234624
238234624
639246336
632223232
432372224
272338944
276323328
767732224
727223296
333622272
233823232
242422272
422223872
382262272
327263232
223222272
223333632
274422272
392287232
323239424
333364224
322228224
342633472
326243328
622277632
422224896
337823232
822623232
472843264
222943232
222263296
233462272
933223424
476434432
823732224
324724224
632246272
262623232
224443392
342926336
986633728
222364672
734222336
262243328
274783232
622623232
296372224
632233984
272223232
927327232
392233472
242322432
782222336
364242432
423222272
223476224
734222336
267282432
873332224
422222336
262226432
467636224
748622336
332276224
342623232
633242624
822633472
682322432
432922624
722484224
792423424
823327232
432443392
823222272
374373376
322446336
264922624
432223232
637236224
672722432
883228672
333263872
373432832
227892224
428229632
372393472
346463232
243423232
282443264
433273344
872732672
322427392
422239232
223476224
443423232
326264832
322279424
823734272
367422464
627232768
249269248
224223232
442932224
342733824
992223232
646324224
222329344
844323328
472462336
262623232
344336384
432362496
432223232
266228224
423463424
229266432
334222336
427423232
382262272
223349248
429263872
234399232
327442432
623222784
622247424
268383232
363637248
443743232
222623232
722783232
933343232
646224384
682727424
734226432
727442432
742623232
332329472
392282624
232223232
284242432
292222464
222223872
443743232
222277632
342324224
373433344
292634624
832244224
324242432
327323648
236327424
226622464
383822336
238623232
364233728
227342336
426422272
323662336
263442432
623273472
283423232
393227264
222226432
664246272
224436224
632223232
233423872
464223232
736692224
238324224
923833344
632232448
623668224
222734336
273234432
446362624
647926784
926223872
222223872
362322432
324922368
434292224
239222784
872338432
722437632
932323328
433294336
322873344
289332224
223438336
649268224
824249344
822239232
843633664
483484672
726623232
623926272
428363264
844383232
292366336
322424832
444473344
427922432
636222464
243764224
733622272
424223744
383284224
226642432
823924224
223346688
629343232
224274432
922322432
364432384
224233472
922228224
727732224
624223232
462328832
426228224
222326272
222746624
433232384
623263744
663263232
242234368
332729344
363232768
263263232
326243328
622234624
462226432
233232384
223222272
262324224
632822272
423322624
273342464
224246272
338238464
842472448
264227328
322292224
262224384
632244224
646324224
636447232
328223232
428342272
243382272
232667648
943442432
634322432
274422272
237243392
424248832
322629632
342262272
263733248
239284224
432223232
432244224
324434432
722232832
322292736
332432384
366222336
882322432
874232832
882322432
822262272
273242624
422222848
322233344
233232384
642422272
232233472
439222272
424223232
323472384
422324224
873332224
362332672
832223232
646226432
233234432
222277632
229223424
224274432
922896384
222226432
742226432
222823424
442382336
622223872
323423232
432223232
373343232
233426432
273436672
624334336
472223232
423243264
292242432
262644224
443623424
282932224
224246272
234422272
733663232
222264832
362932224
662324224
438222848
242873344
724242432
223422464
732732928
346233344
322236928
223327232
673332224
632333824
634622464
322382336
222284288
742222336
622239744
622222336
493622272
433833472
623327232
383627264
432423424
334226432
472822272
232223232
238226432
323433472

