232
832
744
384
944
288
224
336
224
864
736
728
432
432
624
224
392
336
944
672
232
496
432
464
632
432
384
976
424
232
232
384
336
232
368
368
648
424
768
344
224
832
384
232
672
864
272
272
464
632
624
472
624
736
432
928
376
328
336
472
224
224
392
264
392
264
328
248
744
368
344
832
944
232
432
368
248
232
648
296
664
368
464
232
736
664
232
968
224
272
968
432
632
896
672
664
232
272
384
624
928
272
472
472
272
248
296
336
432
368
232
832
424
728
464
624
232
472
472
368
624
344
432
744
392
224
848
632
472
432
488
672
224
224
328
232
624
832
432
792
248
224
392
336
264
464
264
432
728
272
432
272
384
272
464
232
232
232
736
232
664
776
248
264
664
936
384
624
248
824
944
232
632
728
392
896
624
272
488
272
224
464
632
496
272
392
264
232
224
864
232
272
432
272
664
328
784
672
272
944
224
232
928
464
336
624
344
288
344
464
296
632
448
392
264
384
344
992
632
368
336
624
784
288
232
432
272
776
432
424
336
224
472
392
424
328
224
424
976
968
432
832
232
736
832
232
344
432
224
264
464
264
664
824
976
224
232
432
224
272
232
424
624
936
944
864
632
864
824
768
464
224
632
392
272
232
392
224
824
432
224
976
344
672
792
648
496
224
264
232
736
392
832
464
224
992
472
288
432
432
432
648
224
824
384
936
744
424
736
424
432
224
448
488
272
432
632
232
464
624
224
944
624
264
624
832
224
632
232
496
432
824
224
776
664
336
672
784
224
224
224
384
272
864
272
344
424
832
464
832
736
832
328
224
272
272
344
936
848
288
424
832
232
224
328
632
872
392
224
424
384
272
224
232
824
792
432
264
792
744
272
464
424
224
344
928
232
632
248
264
632
432
824
424
224
768
776
688
432
224
336
224
248
272
224
424
232
272
624
232
368
232
632
768
232
448
624
824
624
232
928
736
984
336
224
368
432
632
424
648
264
272
232
424
472
624
272
976
896
272
232
432
728
232
976
472
432
232
824
432
344
424
736
376
992
432
336
224
384
392
384
824
232
928
232
376
944
232
224
224
432
472
336
224
288
232
272
776
624
424
328
736
432
232
632
328
288
336
432
432
432
232
432
888
264
872
744
248
232
432
224
264
336
768
944
832
232
872
976
296
792
672
248
336
272
928
336
424
424
224
232
672
744
272
232
368
496
376
248
392
864
792
928
432
832
472
296
424
784
328
272
272
424
832
328
424
232

