2333247488
4224223232
6229624832
7272372224
2886378496
7874962432
3349266432
6932447232
3729726976
2448233472
8736223232
6422327296
8347623424
2462972928
2734697472
3246793728
4326226944
2322277376
3749992448
3382337792
3324233728
9979743232
6622328832
2729329664
9426228224
3242979328
6242234368
3628263424
7227977728
7242299392
2323448832
4923743232
7463322624
8394949632
9722279936
7873247232
2634232832
4424466432
9646862336
7238427648
2382748672
9222326272
2638772224
2224223232
8342836224
2372293632
2272632832
4632223744
7323922432
3427273728
3463286784
2223228928
3236472832
7232232448
8226233344
6447642624
2663647232
4224442368
8372969472
2272724992
3242727424
2392722432
3647222784
2443892736
2778322944
3224229888
3484342272
2639634432
7928423424
8274868224
7444242432
2336282624
9936223232
2732242944
3438262272
8274742272
3792479232
9373283328
9472786432
2296863744
2772662272
2244344832
4424334336
3997327872
3382769664
4827838464
8933774336
7734243328
7223349248
6232244224
4326836224
7989643264
2322366464
3373432832
3427663872
6233742336
7227743232
7384334336
3344479232
4464223232
2224436224
2439337984
7232837632
6329626624
6624229376
2846844928
9933364224
3322292224
6888824832
2292762624
2726283264
3672679424
2378723328
3776227328
7246332928
6833332224
3622223872
4998672384
2627892224
6343783424
9269233664
2224333824
2796468224
3833362432
4624437248
4244342784
8224227328
3272843264
6477468672
8233227264
6334262272
3676469248
6626742272
2372429824
7322693632
2823373824
4324328448
4678222848
6479273984
3744233472
3938322432
9838687232
4927237632
8232348672
3983474688
4234297344
4446362624
4462287872
4942277632
3377742848
7842633728
2673292288
2343237632
2738443264
3388724224
2624282624
9847438336
9323444224
2992223232
2432872448
2373422336
3282229248
8449972224
3232267264
3663862784
7228434432
9382324224
6442729472
3244832768
2779623424
6332944384
3263473664
6422239232
2432288768
3737887744
2438623232
7437277696
2224487424
6423223296
3873434624
6228772864
2223372288
6228277248
4724662272
3227732992
7237223424
8222388224
3338297344
8323397632
2347433984
9342222336
3224743936
2422239232
3263223296
3396472832
8422623232
7644639232
7342824448
3832628224
3334324224
3323446272
6724663296
2328722432
6222687232
3726226432
4262469632
2623224832
4737422336
4347768832
3422234624
3223442432
2922764288
7226292224
7462426624
2983322624
3867828224
4222778368
7748622336
2329242624
7227282432
7232442368
4664224768
4326326272
4936372224
2222234624
3482232832
9962422272
6232988672
2327442432
2867423232
3262236672
6223337472
3742226432
9222623232
3744248832
2236628992
2822324224
3324372992
4488374272
3392722944
2233447424
4222646272
9333942272
7224424448
3672444928
7226942464
2362292224
3393422336
9326874624
2448223232
4876222464
6647463936
2224438272
3933748224
2626249728
2468447232
2774923264
3742623744
6492383232
9627666432
6943327232
6423886848
2378663936
2327962624
2428434432
4292447232
7243896832
3922642944
2949332992
4426422272
2242834432
2464223232
3662267392
3224649728
7223877632
6386294784
8246623232
7392692224
8273678336
3293238272
4233823232
6748263424
3462324224
7439294464
3932366336
2293238784
6622222336
3844788224
6222462976
9429772288
3334326272
3322744832
2373262336
2839438336
2227382272
2722834432
7776446464
2723226624
4277733376
4342838272
7822687232
3922962432
9447274496
8327892992
3298322432
3223733248
2373392384
3926224896
3263698944
9237778432
3466236928
4223423488
8232244224
3237266432
3328632832
3234289664
2227326976
2739423232
3223273472
3226937344
3233332224
4992922624
6344978432
8223762432
3424894976
3372263424
7639732224
7246482432
4386443264
9222623232
4223634432
2232633344
4626322432
3332662272
4222734336
3926247424
3434676224
7422322688
2749243392
6423738368
7637224448
3443427328
6432489472
3369232384
8422967296
3733223424
2843762688
4722228224
2463668224
2929723392
3464274944
2264372224
3367247872
6476244992
3326696448
3343926272
8423742464
3722932224
2362232832
4723433472
7378747392
3372724224
9266622464
2974367232
3724222464
2336223232
3432722432
2224223232
4892342272
4377938944
4222738432
3336374272
8432223232
9237343232
2732664832
9346832384
4637366272
6432244736
9824233472
3336927232
7223263232
2772327424
2437863424
8688694272
7226738688
9364283392
4933489664
3342262272
4792244224
8272423936
4227262464
6224223232
6224922624
2447263744
4324242432
6773262336
3728223232
2464973824
4932242432
3479222272
9624377344
2279762944
4843368448
3322382336
3432863744
4322747392
4734994432
7326263296
4634437632
4648372224
3227828224
9836263424
4336443392
2223422464
2362768384
6947764224
3479742464
4362463232
8682293248
4737946624
4366372864
2324447232
3824468992
7933243392
3643834368
7642292224
6974277632
3884327936
7324233728
3223226368
6344244224
8384282624
2623268864
8822324224
8326776832
7337232384
9873633792
2728773632
4724323328
4726284288
6844342272
3693792992
2822674432
3422646272
2397323264
3494672384
4623374336
3927327232
2427922432
6233242624
2334332928
2443487232
2792244224
4687348736
2233232384
2448223232
2627382272
3237428224
4232223744
6482742272
7848332288
3932473344
8229364736
8283444224
7337362432
8236724224
3248924672
3272439296
2329362432
4282437632
9624423424
3299423232
3736233472
4286772224
6982733824
6443237376
7383822336
9222623232
2937933824
2347282432
3226322944
6223422464
7336772224
7694943232
7323369472
3773343744
7334243328
2628242432
3327294464
8923774976
4233227264
2323434496
8724242432
2222367232
4394727424
4928223232
3269224448
7282386944
7362322432
2462226432
3927349248
9272864768
2477324288
3732276224
4433462272
2236833792
6293776384
6828327936
2742239232
2234426368
7898268672
2377486336
3727634432
3329439232
2344372224
2923749376
2732383232
9723922432
3486262272
2229223424
4432822272
7343644672
9777337664
9463263232
3267467264
2923327232
7422328832
8282292224
2272743424
3942964224
3742277632
4964472832
2429432832
3826873344
2793783296
3232722944
8442422272
7742326272
6662324224
9222428672
9236363264
6344423424
2232332288
2972923392
4987342848
2222442496
6434233344
8224632832
8827922432
6323922432
2272873472
9428286464
2226847744
9724442624
4632287232
3823327232
8433746944
8964622336
6823732224
7274676224
8424372224
8327222272
2443932672
2744372224
2692762624
7242422272
9229944832
3432372224
2772242432
8242343936
2633293824
3394228224
7243282432
6469343232
8838223872
9324427264
3624244224
7222264832
2624233472
8678436864
2724363264
4842232832
3222396928
2626486272
3334889472
3833268224
8228636672
6642446336
4222864384
3873934336
8446222336
3272628224
9324222464
7282322432
3233298432
7224244224
8774623232
2244728832
4229262336
3677338624
2332273664
4273272832
4376244224
7923382272
2933479424
2342247424
2223924224
4823222272
2332726272
7932263424
2743227392
3472863232
2339932672
2227723264
8767422464
2423322624
4293394432
9223349248
3946422272
4399388672
6722642944
3223222272
7324367872
4224223232
4326923264
3928372224
2232244224
3222623232
7336224768
9677236224
3222836224
3762424832
4362788864
9263222272
3632822272
4823476224
3488922624
6223337472
3236624384
6322382848
4832227328
6468788224
9226422272
4347384832
2464376832
2282292224
4226228224
3332793344
2244622336
3373324288
2263263232
6649339392
9287327744
2224822272
7222324224
9274427392
8263227392
4227232768
7243833344
3332496384
2272274432
2464223232
3936227328
6227236864
8882322432
3843282944
4684942336
4243232768
2462334976
6222292992
3392436224
4834666496
3262222336
2377329696
2233227264
6439732224
2776923392
9374328832
3268293632
6293963392
8933266432
4432439296
2624233472
4623847424
3498344448
2742623232
9442239488
2834228224
9722292224
3294676992
2348724224
3282233344
3844323328
2392479744
4343322624
6489249792
2622823424
2343323648
3822266368
9488223232
2232722432
3423422464
4426343424
7763738624
3289227264
4278644736
4342226944
2482422784
3728443392
2372327424
3384244224
7243343872
4222736384
6262223872
7623476224
6262923264
8368223232
3647926272
7237428224
4226233344
2682437632
2634232832
4372242432
8222234624
4392244224
3492747264
6362942464
8273342464
6233273344
6273239232
3238923264
3343286272
2334222336
2463284224
6942234624
9492662272
2323427328
2766237696
7484387328
2479824896
4449247232
3322679296
9664223232
4346729472
2374623232
2624743424
2682422272
2293822464
3324982272
2332942336
7623442432
7247228928
4224227328
7443922944
7422267392
7223322624
8437323776
4423226368
4972647424
2233746432
2963382272
3223223296
3927222272
3292444672
4822324224
7242932224
8333268992
4444222464
4244242432
2683367424
2784274432
2766644224
7394289664
4237722624
7422943232
7624633344
2372468736
3264282624
4283498496
8224997376
2487826432
3327772672
2937242624
4237432832
7862367232
3324727296
3223324672
2643623936
3637686272
2223429632
3247924224
2837276672
4424374272
6743337984
4347764736
8384274432
2366222336
2863284224
4224229376
2829262848
6726324224
2328978432
6222943232
3424443392
3232227328
6426778624
9224224768
2722322432
7288244224
6478262272
6322729984
7224246272
3673273344
2274676736
2627346432
2372663296
8442344448
7392223232
2433349632
7622989824
2433292288
3423824896
3322422272
4293289984
7772242944
6324242432
4227487744
4922642432
7232487424
2223796224
3396223232
3323242496
4234422272
8743862272
8786842624
4236444672
2693234688
3283346432
7369228288
3346233344
2372923392
6863843328
2223926272
3223297792
2899423232
2237622272
2369247232
3397392384
7823224832
4323893248
7383422976
2967333888
7992366336
6643382272
3822234624
2823442432
2847843328
4292788224
8883482624
2976784384
3832346624
2442932224
3322364928
4742324224
2342623232
6223473664
8822367232
4726288384
9472223232
2623422464
2373394432
2669369344
4744246272
6238736384
4367824896
7323323392
2323723264
9883239424
2469343232
7268242432
3332327424
2696373248
3422332928
6822373376
3343762432
4437266432
2923282432
2223627264
2342836224
8422623232
2882629632
3843423232
8443962368
2347933696
3332622336
8867342336
6372327424
3434396672
2237236224
7267623936
6323423232
9237684224
7222843392
2332647424
4482742272
2339282944
2434834432
4233242624
3392282624
3688438784
2728374272
6369947648
2746292224
7224722432
3766239232
4362742784
4438629376
6343222272
3272244224
2374392832
4439442432
9747383296
2686774272
2424223744
6327322624
3247839232
3474322432
2696338432
9288246272
6637236224
7622823936
3442238464
3726736384
2432372736
3846733824
4283743232
3972329472
2973343232
3372664832
7242723328
4637882368
6487322624
6246243328
8638362624
3339449344
9222623232
2762422272
2224443392
6742634496
2332327936
6864223232
6864922624
2497333248
3472423936
6264379392
6388447232
7774226432
7264693248
6776743936
4634292224
3362383872
4746676224
2643474432
2692276224
2372626432
7243323392
2232244224
3322238976
6327442432
9224722432
2929462272
3883743232
4363433984
3664223232
3332636672
9372432384
6262987776
3386294272
4826384384
8929247232
8373224448
9642932224
3379327232
4273477632
6439222272
4742623232
3487224832
2433232896
3424223232
3463476224
2642446336
3968223232
2246426624
4446222336
3737232384
7462428672
6277224448
2422329344
3733983232
4623422464
4269238272
2262326272
7724686336
3224246272
8337477632
7488436224
8222324736
4647348224
8498332672
6286262272
8627273728
6422262784
2722343936
4498296832
3222222336
2634292224
9227344896
6298638336
3223742464
3333233664
4282482688
9693237248
4232476672
4684628992
6934222848
4366823424
3882642432
7364636672
4477492224
2232246272
6722322432
2474232832
2368223232
3437326336
9626332672
3324342272
6247922688
2267666432
2622244864
2883383296
6929426432
4924434432
2249234432
3232227328
3824447488
6722842624
3327839232
3644474368
9762936832
6268222464
3224732672
2227467264
3342234624
2724498432
9297434624
7892762624
3342364672
2832667648
8474339328
2228328448
6322827264
6882233344
3882473472
3232438272
8627662848
2339724288
8433722368
9392223232
7432372224
2332724224
9938373632
3236634624
3423336448
4722783232
6394934272
6723427328
3393742336
4633298944
4744374272
6362727424
4864223232
3274322944
2724329472
2224439296
2342326272
6238644224
3629622272
6822243328
3622324224
2242322432
7494469632
6244278272
3786422272
2328244224
3326226432
4222746624
8622732288
4348342272
6342623232
2224292864
3732649984
6272229376
8642332672
7239222272
4383422464
4449234944
3632223232
4227642368
2344634368
3383222272
4244393984
7346382848
7242363392
7349737472
4382326784
4236828672
6996662272
3383742464
4423322624
9923764224
2744272896
2622224384
6382292992
3398674432
6762463232
3872233472
4882322432
2972942336
7772724224
2462236672
9644434432
2777662464
3288389632
3223422976
4824247296
3229343744
7237837824
8422462464
4242228224
3233247232
6282238976
4362933248
2264884224
2223823872
8924346368
2236237824
2467324928
3963363328
9634742272
7322384384
3722232832
2644242432
8274642944
2493748224
4333237248
3248692224
4324772864
2662324224
4743223296
7748842496
6282426368
8233269248
8222823424
3378663424
3442922496
7626422272
8437343232
3237433344
6494644224
2943284224
6477364224
9493449728
7392332672
8834332672
2244447232
2624333824
3627624448
3963623424
9243326464
6342247424
8726239232
8364724224
2268432384
4222866432
2327322624
7272926336
2324492288
2224863232
9922228224
2433938432
8322337792
2223826944
7746962432
3367732224
7423967232
2336333824
2423324672
8874232832
4238649344
2646433792
3822262272
9262337792
4392444928
9872692224
2482847744
2282292224
2364392448
9222326272
2622739392
8429323264
2323472384
3648227328
8846222336
3262734336
8676323328
2972649472
6974226432
2376233984
2437746688
2226228224
3423849472
8442294272
2663329792
9246824448
2498229248
2888397824
2462262272
9277923328
2823284736
7442424832
9732242432
8224822272
3437236224
6323924992
4266642432
2622773248
3392292864
3432722432
3484982272
6238332928
8294623232
3622674432
2399742336
3422222336
3632229376
4223284224
2372728832
4279476224
8376246272
4763326464
3842238464
7743924224
7827282944
2242332672
2722322432
6294222848
3324647424
3333323392
3323877376
3443382272
2338934784
2266339328
6229223424
8474642432
2738322432
2262239232
7946983424
7333647936
2497234944
8239463424
3323282432
8322363392
2232846336
8243423232
3279632384
7232223232
4322742272
3482697728
4433733632
8747743232
3632398336
3842228224
9226233344
3294824448
7374222336
8736223232
2622263296
3264223232
4296244224
9272223744
2442343424
2233447424
3228686336
4222738432
3337424896
8222324736
2249234432
2432267264
3324688384
2826426368
8632629248
2244263936
9272243392
3242463232
7323666432
2286734336
4374239232
6722228224
8923644928
2224223232
2342326272
8334262272
3373339648
6293943296
4233976832
2343323648
6333323264
2732244992
4842742784
8322922496
4362266624
3233422336
7347727872
3264632832
4233439232
9346463744
8422966272
4483383296
3226293248
7362343936
9473434624
3626727424
2432274432
2869646336
3872223232
4744424448
3282468864
3332793344
4386322432
3344274432
4324732928
9333223424
3236327424
4747476992
8838879232
3839228928
3722384384
2223433728
2272978944
2222277632
2429748224
4442292224
9662234624
4477243392
3837773824
2384293888
2263226368
3332329472
3228242944
4782226432
9367222272
8823834624
2266463232
4289332224
2334482432
4469343232
7342222336
2923449344
7722934272
7924498432
2349338624
2347333632
2338233344
2979892224
2464223232
2722332672
9244944384
6328423424
3237343232
3299764224
6922427392
2938494976
3222223872
2423222272
2479244288
2333239296
9364662272
3684943872
4279486464
3243743232
7422262272
3282322432
2347922432
9738293248
2272489472
2676984832
4322296832
8284383232
3833447424
6327739392
3237789696
3347943424
3322427392
8823226368
4362744832
3732799232
4363444224
3246774272
6442693632
9834236928
4873823232
2327322624
2892342272
2223273984
7963664384
3334733824
2946332672
3292767232
4224223232
2492639232
3323346944
9222324224
3332667392
3434492928
3486224384
6396623872
2243876864
2648372224
3422226432
9336722432
3263422464
2267333632
2328297472
2486222848
6222262272
4827333632
7434463232
7623376896
2664722432
4393336832
3322847232
8262324224
7263327232
4323643392
7432933376
2729439232
3223732224
2793234432
6492299264
4773822464
2233673728
4734263296
3423839232
2447742976
2244937728
2724242432
6274279424
3822833664
4324327424
3369823232
6243832832
2389833728
4647237632
2234622976
8628278272
4422838272
9232233472
9964222464
4374943744
7328746496
3473332224
2443348992
9638823936
2726324224
3234936832
2342222848
2397722624
9274443776
8224223232
3233332224
6366234624
4464223232
4643382272
2233874432
3732383232
2426728448
4324762624
3386292224
2428826624
7224348672
4263732224
3233748992
2632246272
3247479296
6244287488
2234292224
3333222272
2743924736
3243828224
2737426432
2284363776
2864223232
7327924224
9272783872
3732343232
7233426432
2272272384
7734632448
3294388224
4244293632
3942623232
8384743424
3339282432
9299427328
7228432384
2676732928
3728463872
2342432768
2676862976
7266234368
3226232832
2342623232
3623222272
6694324224
9222227968
2277433344
4228276224
3622938624
8428468224
2638263296
2337292288
2427242496
2642233344
3398326272
3824822272
8334262272
2348237824
3299273728
2393278464
2422329344
2864437248
6444242944
8484429824
6234638336
3743499264
9242232832
3724394496
3346322432
3826827264
4346636288
6397672448
2624927744
3984462848
6982632448
2942363648
4836323328
2743322624
4442642432
3897362432
6233823232
6243273728
2934243328
9227282432

