279232
237632
263232
343232
982848
326272
422272
623232
239232
964992
222464
347648
932992
632768
282368
223232
642432
282624
236224
637824
323392
228224
226688
342272
623232
226368
222336
439744
223232
423488
442432
424832
323328
239232
732224
343232
223232
243264
362432
222272
349632
734464
867264
433664
482944
922368
383744
927424
492928
222976
474624
223232
363392
386624
437632
246336
372224
434432
482368
343424
623232
244224
389376
924224
678336
239232
383232
292736
972992
349248
467392
222272
946432
362624
834688
229696
622976
324224
236224
932288
827264
942272
822272
244224
247296
427392
223424
223232
642432
682944
327232
449344
633984
723968
348736
494976
746624
282496
288768
644224
672448
432768
234432
222272
246272
382784
442368
644928
322624
779328
239232
223232
847232
822336
377472
332224
497344
729472
924928
223424
223232
439424
626432
226432
372992
884288
426944
328832
223232
426432
882432
272448
462336
329344
242432
399232
222336
733824
924288
823296
392448
843392
223232
729984
846976
748864
236288
492224
347328
626432
697728

