224
232
432
232
448
928
224
232
336
784
624
272
432
224
232
832
232
784
264
264
736
624
472
328
928
648
432
232
672
944
728
944
232
264
328
472
248
264
296
432
648
232
232
368
232
688
336
472
424
336
272
376
472
784
264
464
296
432
976
264
272
232
672
328
232
728
776
944
224
336
872
944
432
944
224
496
432
824
232
744
344
488
272
328
496
768
368
496
664
648
464
344
328
424
296
232
488
272
328
632
232
384
624
224
728
384
648
328
464
224
744
672
344
224
432
672
928
728
848
872
944
832
224
224
784
448
624
392
624
832
832
896
992
736
432
232
272
432
624
272
776
672
464
672
464
272
792
224
688
632
328
744
472
432
336
448
832
272
272
624
696
496
328
336
232
272
672
232
392
832
944
392
224
248
296
224
672
272
232
648
248
296
448
232
944
672
768
264
432
424
296
784
384
624
672
832
328
272
224
336
648
832
984
936
784
832
384
264
288
384
736
432
936
432
224
432
928
632
232
744
328
832
272
784
968
232
432
224
928
832
248
688
224
832
672
224
672
