7392
7232
2336
3232
2272
3296
2832
2432
4432
2224
3392
2272
2432
4272
7232
2672
3472
6624
3744
4992
8224
4368
3392
2672
3232
6432
6272
2432
2272
2224
2432
7232
3824
4832
4224
7232
9632
8224
3232
2432
2272
2784
2384
2832
7248
4464
2272
3328
3232
9232
9232
4736
3232
2464
3264
3472
6672
2224
2224
2272
4368
2272
4992
4384
7232
3232
4336
4432
3264
4224
2432
2432
2832
7232
2272
3968
6224
4272
3872
3296
3296
3744
7344
2848
2336
3232
2432
6432
2832
3936
7632
9472
4224
2272
3232
4832
6272
3392
2272
4992
3232
2448
4224
2272
2432
2464
2432
3984
2624
3376
2944
9344
3296
2272
2224
3392
6224
7232
4224
3232
6224
6224
4224
7328
3232
6272
4368
2432
3632
3232
2272
4272
2224
7392
3264
2624
7872
6928
2272
4336
3328
2224
6272
3984
4224
2272
2944
8432
2624
3296
3232
3232
3232
3232
6336
4224
7232
6224
3328
4832
7424
3232
2224
4272
2432
3232
4336
2224
8832
2272
2976
2432
3232
3632
3232
2432
7232
2272
4432
2272
3392
9232
2976
3632
7232
3872
4432
2384
4224
2432
2448
3232
8272
2832
2624
2432
2624
2272
2432
7648
8224
3232
4992
3232
4272
4224
4384
6432
7232
4272
2272
2224
2336
2432
3392
2336
2672
6336
3232
3328
2672
3424
4224
2224
7328
6224
3232
3424
6432
6432
7232
2336
2784
8224
3328
2336
3232
3664
9328
2784
4768
7232
2432
2432
2272
4224
2832
2672
2432
2832
4224
2464
2464
7232
3232
8224
2432
8224
2464
3232
6224
7232
2624
2784
2224
3232
4224
4832
7232
2464
3328
8224
6272
2272
7232
3232
2336
4624
2336
7232
2224
2432
3264
6432
6224
2224
3728
2272
2224
3392
7232
7424
2224
2272
6432
4736
6368
7232
4944
2944
6496
3232
2224
3232
6224
4944
2672
3232
2272
2272
3232
4224
2848
3232
2432
2672
3344
7392
9744
6432
3232
8224
3264
2464
8224
8224
2272
3248
8272
4224
2224
7232
2832
3392
4336
3232
3232
2432
7392
2336
3472
2272
3232
2784
3232
2928
2464
7936
2336
8224
7232
3232
3232
3824
7968
2272
3424
6432
2848
7232
3424
7232
3232
2784
2432
2224
2832
4624
3264
3392
7232
3232
9328
4832
2272
4224
2464
2624
2384
3232
6832
3232
3632
2336
4224
4272
7648
3232
9232
2832
2224
3328
2432
3232
3424
3344
9632
2624
3232
4224
3232
2432
3264
2624
4624
7232
3472
7232
2624
4224
7232
4288
3424
3632
4224
3232
3232
2224
7696
4928
3232
6624
2272
3472
4432
3328
6848
3232
4432
7232
2272
2624
8224
2272
2832
6784
2272
2624
6336
6896
2496
2832
3472
6432
4224
3232
4432
6624
2272
8224
7872
6224
2336
2272
4224
2432
3232
4432
3232
6432
7936
3344
7424
2272
2272
6224
3232
6432
2432
3232
3872
2224
7632
3232
3472
2944
3328
3232
3744
2224
3232
2224
6432
9232
3232
3424
3328
2272
4224
6224
2272
3344
9232
2432
4224
3232
2368
2272
4224
7632
7472
3392
3232
3744
8928
3328
3328
3424
3296
3344
2272
3424
3248
3424
6432
2272
2432
8464
2272
2224
4624
7392
2272
8224
2368
3424
4432
3472
2432
2224
3472
4464
3232
2336
2432
7232
2432
2224
3824
2624
6272
2432
7424
3232
2272
3824
3392
2624
3392
2432
4224
3232
3232
6224
3392
2272
2432
4224
2224
2432
4832
3232
2944
2336
4224
2432
6272
2336
2464
2832
2832
3472
6624
6224
4336
8432
2432
2272
4224
3232
2272
3232
7328
2432
3232
3824
2272
4928
2336
2336
3424
4224
6272
3424
4224
6272
8432
4432
9232
6432
4832
2464
3344
7424
6224
9344
3424
9232
2672
8272
4224
7632
4224
3232
2272
7232
8224
6224
2768
2432
2336
2832
2272
7824
2496
2368
2272
2272
9424
4224
3344
2224
8224
7424
3328
6432
3232
7744
7232
8224
3424
2832
3328
4864
2624
3232
2832
3344
6432
3472
2272
4224
4272
3328
2272
2784
2624
8336
4784
3328
3232
3424
3632
3232
6832
4272
4224
2272
3232
2432
7232
8224
2832
4928
8224
3824
2368
2272
2832
7232
9728
8224
3424
3232
4384
6272
8864
6832
3232
3744
9232
6432
3328
6624
3232
2224
4496
2272
3632
3232
2432
3424
3232
4864
3232
3744
3872
2272
8432
3232
2624
2624
2336
7232
2432
6272
2224
6272
9424
4224
2272
4672
2672
3376
2224
8224
4336
2272
2224
2864
3472
9472
2624
4832
2336
7248
4224
8224
4432
2272
2464
2432
2272
2624
6224
2432
2672
4224
2224
3744
2432
2272
4272
8224
4224
6272
2624
4832
4224
2944
4272
4272
2336
3328
2832
4672
3232
3232
9232
7232
4624
2832
2272
4272
8336
4224
3744
2336
4224
8224
2832
4432
6672
2672
2272
3424
2336
2272
2272
7632
4928
3232
9232
4224
3232
3744
2432
3872
7232
2272
4224
2272
3232
2672
2832
4224
4432
3328
2832
4224
3232
2272
2272
4832
9392
3232
2224
2432
6432
4384
3232
3232
4224
3296
4224
2624
3232
2336
2432
2432
9392
7232
4992
3344
7328
6624
9296
7424
2464
2272
3344
3232
6944
4224
8272
2464
3488
8672
2336
9424
7328
4224
6832
6272
7424
3424
4224
2624
3232
2832
2432
4224
4832
8224
4832
3232
3232
2272
2224
3232
9424
8832
3328
2832
6432
2928
3824
2272
2832
3392
8224
3232
2272
7264
8224
2272
2272
4736
2896
3472
2432
3328
3424
2224
3328
3232
3632
6432
2432
3392
7232
3232
4224
2384
3232
2224
3232
2272
2272
2336
2272
3872
4672
7424
2832
4224
4672
2224
7232
2272
6944
2464
2432
9744
4384
2272
3664
3344
2448
3232
3232
3296
3232
4432
8224
4832
4272
4832
2272
2784
2432
3424
3232
2832
7328
2464
3232
7392
3232
6736
4432
2464
4224
9392
4224
3264
3232
6224
7424
7472
2432
3744
2384
2784
3232
3232
3232
2336
4224
2432
3232
2272
3344
2432
3328
7328
3232
3296
4432
2272
6432
3344
3744
2224
3424
4224
3424
4832
4736
9232
3264
4992
2432
8832
2832
2272
2976
4272
3232
7248
2224
2432
3248
4272
8272
3424
9472
3328
3232
7232
3792
2224
2624
7472
2624
3424
3232
2464
4224
6272
2448
2336
7232
6272
2368
3232
2624
2432
2432
7248
3328
2496
2272
3424
2624
2832
2272
3232
4624
7264
3232
4224
2432
2224
2432
3232
9232
4224
2432
9632
3424
2432
2432
3232
3232
3232
4672
2272
2832
2272
2384
7424
6432
3872
2272
3744
2432
3232
9248
2624
2672
3232
3264
4432
2624
3232
4832
4624
3472
2272
2432
3264
2272
8224
8224
2272
2464
2272
2224
3424
3232
3232
4224
6336
4832
4224
3232
9232
2272
2272
2432
3392
2432
3296
6224
7232
3648
2784
3648
7232
8224
4224
9344
7264
9232
6624
3424
3472
3264
2224
4272
6272
3264
2272
3264
2624
6432
2448
2336
4224
6832
2784
3296
4368
8224
3296
4224
7424
3232
7232
2432
2624
2832
3296
3664
3232
3392
6784
6432
7232
3232
2624
6432
2432
2624
2336
3232
6272
6432
8224
3296
3232
2272
3392
7328
3232
2272
3232
3232
2272
6272
2768
4832
4624
6272
3264
4224
2432
7264
3424
2432
3328
3648
3824
2624
2624
3232
2432
2224
2432
3232
2464
6272
3472
4224
2336
2832
3232
8224
2272
2224
3232
2272
7232
9424
3344
7232
4672
4992
3232
8224
2944
3392
3232
4336
4432
3232
2624
7424
2336
2432
2432
6224
3232
4224
2224
4224
7232
4432
2384
3232
2672
7232
2432
3232
2336
2464
2272
2224
2224
4272
2432
2432
3264
3232
6272
3424
4224
2336
4224
8224
2224
2432
4272
2336
3232
3424
9344
3232
4224
2272
3232
2272
2432
4224
2432
4336
2224
3424
2336
8224
2464
7824
2272
4448
3936
6224
2432
2432
3632
3392
2272
3232
4928
3232
3264
3392
2432
3232
2736
4464
2496
3344
7232
2624
2224
3936
4464
3424
6224
4224
2768
3424
2624
3424
6432
4224
3264
3872
2336
2432
8832
4224
3472
4272
2336
4224
3232
6272
2624
6224
2832
6944
9344
2224
3392
7392
2448
2336
3232
4448
6272
7424
4432
2448
2224
3264
2224
4272
9936
4832
2464
7232
2336
2272
2336
2944
4224
4336
2432
8224
3744
2832
7232
4624
7232
2832
2272
3232
8224
2224
3296
2272
2272
2928
2624
6336
4368
3472
9632
3424
7232
3232
4672
2336
3232
9232
4384
4224
2624
7232
6224
3344
4432
3232
2432
8464
2224
4272
3232
2432
2272
7392
4224
2368
9344
2272
2624
3232
2224
6624
4832
3424
2832
2432
4224
2272
4672
3232
4224
2272
4832
2224
3824
2224
2224
2496
6624
3232
3296
6224
3632
3232
3872
2224
2432
2432
2384
3232
9632
2944
2224
2464
2848
6368
2336
2336
3232
2624
2224
3232
3424
2336
2224
2272
6944
3328
3424
4224
3392
7392
8432
3232
2224
6272
2368
3232
4432
2624
7232
3424
2432
2272
7232
9424
4832
2432
3424
7232
3376
2624
3232
2336
4224
2624
3232
3232
2336
2832
2224
3424
2672
8224
2432
4272
4864
3232
4336
2832
3872
6272
6432
4928
3232
2272
4272
4832
3392
2384
6224
2272
6432
4832
3328
7232
3472
2944
4224
2928
2224
3232
3488
3424
6944
6224
2432
3744
8768
2832
4432
2432
4432
3232
2464
2336
3232
8736
4384
3344
3728
2272
3232
4384
3392
2464
2432
6928
3824
3744
2224
4384
2432
6224
4224
8224
7232
4224
2336
2272
2784
2368
2336
3232
3424
4832
4336
7776
2432
3264
7232
2272
7744
2272
2432
9232
2944
9232
2624
3232
2432
3232
3232
3872
2224
2336
4736
3232
4272
2624
2672
3232
3232
2432
4464
3632
3392
3232
6336
3424
2272
2688
3232
3872
2432
3744
7264
4896
2624
2624
7232
6384
2224
2272
2224
6224
2336
3328
2432
2448
3328
2272
3296
7232
3232
4224
7648
3376
9232
6944
2432
2672
2432
3232
2224
3264
2224
2336
7232
2464
2944
9664
2432
9232
6432
3424
2432
4224
2432
2672
2272
6624
7632
7232
8272
2432
2432
3232
2272
2224
6624
2624
2432
3632
2272
2624
3232
3664
3424
2384
9376
2272
3328
3392
3424
3232
3344
2432
2272
3232
2624
7424
3424
2272
8832
3328
2224
3344
2336
2624
4432
7632
2432
2224
4432
2464
3232
3232
9632
7232
2336
4272
3264
3328
3632
4272
2832
6672
2224
7264
2336
3232
8432
6432
2272
7632
2432
2272
4224
2272
2432
3632
2224
2272
3232
2624
4224
2432
2832
4336
3232
9232
4224
8224
2272
9232
2432
3232
2272
2464
3232
2432
2336
2624
2272
2464
2272
3792
6224
4448
4224
6784
3232
2672
2272
4832
3648
2336
2224
3392
3264
9824
8224
4224
3232
7232
3232
2272
2272
7424
3472
2832
2224
8224
6224
2368
2336
9232
4624
6224
6224
2832
9232
3424
8224
7424
3232
2272
7424
4432
7392
2624
4224
3232
6224
2224
2832
2224
2672
8432
3392
4432
8224
6432
4224
3232
2928
7232
2672
2272
2432
3232
2624
4224
7424
2272
7392
2224
3264
4432
4272
3232
8224
2624
3232
9424
2336
2224
4432
9632
8928
4224
7424
3232
3328
2624
3264
2272
7232
3328
3232
4224
4784
3424
3424
3232
3424
2624
4432
4768
3696
3296
2224
8832
7824
2336
2432
3232
3424
3824
8272
3232
2736
2224
4224
7232
3232
2224
2432
4384
2272
2224
7328
3296
2432
7264
7232
2784
3232
2848
4272
7392
3664
2464
8224
2336
6832
2224
2224
6432
3424
2944
4832
3232
6496
3472
4224
3744
7392
3744
2432
2272
2224
4832
2272
8272
9232
4384
9632
2272
3728
4832
6432
2224
9472
8224
2336
3424
2832
2224
2272
4224
3344
4432
8224
2464
2272
2384
2336
3424
3232
6848
3232
2384
2272
3424
8224
3344
3424
4272
2432
2432
3232
8288
2336
4496
7344
3392
2272
2224
3264
3232
9872
3264
2464
2736
2368
2272
2272
3232
4224
9232
2672
3232
2432
3424
6432
3232
2448
3232
4288
6432
9392
7232
2272
2272
3232
2272
3264
2432
3264
2624
3232
2288
2336
2832
2432
2464
8384
4368
3264
3424
6432
6272
3232
3792
2432
2272
9392
6272
8272
9744
2432
6432
8224
8272
7424
3792
3872
2432
3328
7392
3232
2624
2224
2272
2368
2464
2992
3232
3472
2272
3232
3232
2224
2432
2336
4224
2432
3264
3264
3232
6272
2336
9424
4432
9424
3296
2224
3632
4448
3232
4432
8832
7232
6272
3424
2448
4336
2832
2384
3232
3232
8432
2432
3248
2272
3232
2272
8224
7376
3328
2272
2224
4672
3472
3328
2272
3328
4432
4432
2464
3664
2224
3232
4288
2272
4224
2464
9632
2832
9344
8784
4432
7232
8272
7328
2944
6432
6272
7232
3872
3344
3232
8224
4384
3264
2272
3744
3264
2272
4272
2224
2272
6224
2272
6336
2672
2224
3424
7232
3424
3872
2224
2224
2272
3232
7232
3472
8224
2672
2336
4384
7232
9232
7328
8224
3344
3232
7344
3328
2336
3232
4272
4224
2624
2224
2784
2432
2624
6224
7248
7632
2448
2272
2624
2432
2272
9232
6224
2624
2624
4224
3424
3792
9424
6336
8336
2432
3328
3424
2272
3232
2432
3424
3968
2336
3232
2784
3264
3424
3232
4624
2224
2464
6224
8224
3232
6832
6272
2432
2272
7232
7392
7232
8224
3328
2272
2432
2272
2272
2464
7632
6624
4432
2224
6224
3472
4224
6432
2224
2992
3232
2624
8224
2944
2336
8928
6624
3232
9232
7424
7232
2272
3424
2672
2432
6224
4832
2272
3728
2736
2496
2224
7936
3232
3232
4224
2432
2272
2272
3232
2272
2464
2272
7264
3232
3824
3232
4224
3744
2832
7232
3232
6272
2832
6224
2336
4832
2272
6432
2272
3472
3232
2496
3984
3344
3344
3232
2464
3424
3232
8224
2272
9232
2272
6432
7424
6224
7232
4224
3232
8224
3264
2384
2432
2272
8432
4832
3424
2784
3264
2272
9744
3232
2832
4384
4224
2432
2464
3232
2336
8224
3232
2368
4224
4832
3392
3744
8432
2464
2272
2368
7328
8272
4432
2624
2432
3632
2272
4368
2432
3264
3232
2336
7344
2272
3632
7264
6384
2928
3424
2432
3344
4448
4432
3232
6272
2368
6624
4272
3232
3472
9296
4224
4432
2224
4224
9248
2624
2832
9424
2944
3632
2432
6432
2224
3872
2432
3328
3824
7632
2464
2224
2272
2848
2224
2272
7824
2224
2224
2384
2272
3232
2272
3344
4832
4224
2672
2464
6272
2768
2272
2224
2336
7632
2688
8624
3264
4832
4448
2272
4224
6224
8224
3232
4384
2944
3232
3232
3232
2272
2432
2432
4224
2832
2464
6272
4368
8224
2272
2336
3232
4224
3424
4224
2272
9632
3264
8224
9728
7232
2272
3392
2272
3296
2272
9472
6224
2432
7232
2832
7232
2272
3392
4224
8432
2672
2432
2272
9232
3632
3392
3232
2624
2432
6432
9232
6224
3232
4336
3424
2224
3232
2432
2272
7424
2224
2272
3296
3824
3824
9472
4992
2944
3264
7424
2624
3296
2272
3424
8224
4832
2464
3392
2224
4224
2432
2272
3424
3232
4224
2432
2336
2432
9344
2384
2368
9232
3232
6864
3296
6432
2224
6432
3424
6224
2832
7632
2272
6624
3392
3264
3232
3424
2624
8224
2624
4224
9264
3632
4224
2224
2432
2672
2624
3232
9328
2272
8224
8224
2432
6432
3424
6432
4432
4224
2272
2432
2432
2336
9472
2224
4224
2432
4288
4272
2224
9344
2336
4224
4224
3232
3232
2432
2944
4832
2272
3344
4224
3392
7232
2336
3392
7392
6272
4736
2736
3472
7632
2224
2832
3744
2432
4224
8736
3296
6224
7232
2272
2272
3232
2272
3232
3264
4224
2384
3792
3232
3232
3744
2624
2224
4432
2288
4784
3424
3232
2272
2272
2768
4464
2272
2224
6272
2736
9392
9232
3248
7232
3328
6224
4384
2432
2944
6432
3424
3232
6432
3264
8432
3824
3424
2224
2672
9248
2432
2672
2432
7824
3728
2272
8336
2224
7392
2928
3296
2624
2224
2432
3472
8432
7232
9344
2832
6224
3232
2368
2464
3232
2272
9248
4432
2336
9232
7744
8224
2672
2224
2624
8832
4288
3424
3232
7328
2272
2624
2832
2384
3264
3424
3344
9232
2336
4224
2848
3744
8432
3424
9232
8832
4672
2624
6272
3472
2832
2224
6432
2624
3424
3232
2272
3328
6464
2624
4384
7232
3232
2432
6944
7232
3344
2336
3728
2832
6432
3472
2224
3248
3344
9232
3344
2272
4224
3424
2224
2944
2464
2432
3232
4272
3472
7232
3328
2272
2272
6432
3648
3232
4336
3424
2432
2432
2224
3232
3344
4496
2272
2272
4224
2336
2272
3392
3264
2736
2432
4224
2432
2272
3232
7392
2432
2224
3328
3664
3232
3232
3232
3328
2336
9232
7232
2272
3328
6432
2224
2272
2944
6736
4448
4832
7264
2432
2432
2784
2432
2944
3232
9376
6272
3232
2224
3232
3424
4272
3232
2272
4448
2272
3632
2272
9232
4224
3232
4832
6464
2272
2432
8224
2432
6624
4624
2432
2432
3232
2432
3264
9248
7392
3232
7392
2224
3232
4624
3472
7632
3232
6272
2432
4272
2944
4832
7424
3232
3824
2224
3296
2224
2224
2272
3232
3264
4224
7392
3232
2336
3296
2432
3232
8224
6432
4224
4272
4432
2336
9232
2928
2432
2432
7232
3232
2272
3984
6832
2672
8432
3232
3328
9232
4224
8224
3344
6432
6432
4224
4432
7376
3232
2272
3472
2432
3232
2864
4224
4336
4224
7424
6272
3232
3328
3632
2272
8224
3232
2624
2464
2464
2976
3232
2336
6272
2976
2336
6272
3424
8224
4224
6432
3232
4832
6272
7472
7632
7328
8736
3232
4624
4224
6864
4224
9232
7472
3728
7472
6624
6624
4224
2624
2448
2336
3424
8224
3376
3232
4832
3424
2272
3328
7424
3232
9632
4272
3232
2432
3472
9232
2336
3232
3264
7392
2432
2272
2224
3424
2432
4224
2432
3328
8224
4224
2944
2448
2672
4224
7392
2224
3232
3232
2272
2336
3744
3264
4432
7232
2336
9792
4384
3424
2272
2848
3232
6624
2464
8224
2272
2624
7232
4864
7232
6624
3264
3664
2336
3296
2672
3232
3296
7632
3232
4224
2432
3232
3232
3232
3344
4224
4224
2944
8224
6432
3424
6624
4624
6272
2272
2224
2832
3232
4224
2272
2944
3232
4224
2432
4832
2336
2432
4736
4224
4832
3232
2272
3232
2272
2928
6432
9424
2384
3328
2432
4464
3632
7232
3232
2432
3232
3392
2272
3232
9232
3344
2272
2432
7232
2432
7232
7232
6272
3232
3232
3232
6272
8272
2272
2432
6272
4224
2848
2464
2272
2272
2224
9632
3824
3472
4624
8672
2432
3232
2464
4832
3744
3936
4368
3744
3232
2432
3632
4832
3344
3232
2784
9248
2496
6224
4288
9632
2336
2432
4224
3264
4432
2224
4672
2272
7248
8224
3472
2624
2224
4384
2272
4224
3264
3424
6272
3232
8432
2432
8224
2624
2832
2272
2336
6384
2944
3232
9232
3232
2464
6224
2448
3232
3344
3264
2832
2224
3296
2432
3872
8336
2432
2944
4672
7936
2832
3232
3632
2832
2464
2272
2672
4224
2224
9232
3232
3232
4432
4224
9232
2432
8672
3792
2496
3472
2784
2272
2944
4768
7232
3232
2624
3264
4432
3232
4336
7328
7824
2336
4224
3232
4224
2224
2224
2336
2272
3232
2224
2464
3232
6272
2432
2944
2224
2224
2464
3232
4224
2624
3632
2272
3232
3232
8832
8272
2336
3424
2272
6432
2832
8224
9632
2224
3472
3632
8224
3424
7824
3232
3392
3424
3632
3232
2672
2272
2672
8224
3872
2432
4224
2272
2832
6272
3872
3232
7472
7232
3232
3264
7376
2432
2336
2272
3232
2272
4224
3232
2736
3472
2432
2432
4432
4224
2224
9232
3328
7424
8432
4432
3232
3232
2272
2432
2464
8448
7232
2432
8928
4624
2432
2832
8464
3248
6272
2624
3424
3328
3232
4672
4224
4896
2832
2832
3232
7232
2736
4432
8672
2272
3232
2272
2272
3232
6624
2768
2336
6624
6624
4384
3424
8336
2272
4272
3824
3424
2448
7392
4736
4736
4224
3232
4832
6336
3648
2272
8832
2272
7232
8224
2272
8336
4224
3392
2432
2224
2624
2224
2336
2432
3232
4224
2368
2432
3264
3424
3232
4224
3392
7424
2272
2224
7232
9328
7232
7264
2464
9632
3232
4224
2272
4224
2464
3424
9328
2272
2272
2336
2224
2448
2624
2224
3264
7232
3296
3424
6224
7424
3744
3424
2272
8224
3344
6272
3744
4224
2432
2464
3232
2432
7632
9232
6432
3728
3424
4864
2432
8224
2224
2944
3296
2272
9632
3232
2272
2832
3392
2272
2272
2224
2336
8272
4224
6224
6384
2272
7264
4272
6432
8224
3232
2336
4464
3232
3232
4432
9248
2432
7328
6272
2624
2272
2832
2672
4896
8832
9264
3328
6464
2432
3424
2624
4832
6272
2272
2832
3328
2944
3328
3232
2224
3472
6272
3232
6992
3344
2224
8464
2432
2224
2832
3424
6944
3424
3232
3232
3664
4736
9232
3232
2336
9232
9248
4624
7232
2832
4448
4432
2944
4624
2928
9472
6272
2432
3632
2432
3232
3424
2336
2272
3392
2432
4624
3392
2864
9232
8224
6272
3632
2784
2224
2336
3232
6432
2496
2672
2432
6432
3296
4272
7424
2784
3264
4224
3344
4336
2464
2272
4224
2624
3424
3376
7232
9232
2624
3328
2272
6448
4224
7424
2928
9232
2288
2224
9232
3232
6624
2368
2432
4224
4224
3424
4224
2464
2432
2432
2272
2272
3232
3632
7232
7392
4624
4224
2272
4464
6432
2432
4624
3424
2832
6944
6336
2224
3232
2432
4224
7232
3232
2432
7424
4448
2432
7232
2832
2272
3728
2288
3392
7232
3232
4336
7392
2432
2224
7328
3232
4672
2624
3424
2624
6272
2272
4736
4832
9472
2992
3328
4224
7424
2432
3344
2448
3232
8224
2432
2368
6624
2224
2832
2272
4224
9728
4224
4224
3344
8672
3424
3328
3424
9472
2336
2832
2336
2432
2272
3424
3872
3232
2432
4432
3424
3824
2336
2272
2224
2336
9232
2432
3424
6224
9472
3232
3232
6272
2272
7328
3344
4944
2432
3424
3744
2832
2464
3232
6224
3328
2336
2336
2432
3232
2272
9232
3232
3232
3264
3664
7232
2224
6224
4432
2464
6336
4432
2368
8224
7936
2832
2864
3824
3424
3232
2272
2224
8672
4736
2624
3264
3424
2432
2736
3232
3248
6224
3376
2432
2832
4224
3872
6272
6272
3232
2624
3232
3376
9232
2272
3632
2272
4432
3232
9824
3232
2384
4224
8832
3232
9232
6944
3264
2464
2432
2432
9632
6432
2224
3632
2672
2432
6624
2224
6336
3392
3424
2368
2224
4272
3344
2448
3232
9232
8432
2976
2832
4672
3728
3344
2336
3232
4224
7632
2272
3232
2848
2432
3424
3232
3232
7424
2272
2432
3232
4624
3296
2768
3232
6784
4224
7424
4224
8336
8224
3728
2224
2464
3392
8224
7424
4224
8288
3232
2464
6272
2624
2624
8992
9232
2272
4224
6432
2272
2272
2224
2432
2336
4224
3872
2832
2272
7824
3232
2624
3984
3392
7232
3296
2624
2272
3424
3232
2432
4624
2272
3232
4224
2336
4832
2432
3424
2272
7392
3232
2832
2336
4832
3424
2432
3376
2624
4832
7248
4224
3392
3328
2272
2432
3744
3232
4224
3264
3232
3232
4368
4224
2272
4224
4224
3728
2736
4336
4224
2336
2432
7424
2624
3424
2432
2464
9424
3232
2432
2336
2224
2272
2272
2336
4736
7232
2496
3424
2336
3632
6224
6272
2784
2432
3232
3232
4832
7424
4224
4432
7232
4224
3232
4272
2272
2624
2224
3328
2432
6672
4384
2272
8224
4832
2432
4448
4368
9936
2624
2272
2336
7424
3792
2272
2672
3824
4432
7232
2784
3232
2368
4224
3424
2432
2336
3232
3472
3424
6272
3232
6224
6432
2432
2224
3232
4224
3232
2432
8272
2272
3744
8224
4224
2928
2272
6224
4832
6224
9424
3424
2832
3232
4384
2432
7232
4224
3424
3632
8272
3424
3232
3232
2336
2432
8224
2224
6224
3328
6624
3824
2432
2272
2224
3424
2624
9232
3328
4432
2464
4272
4928
2272
8224
2432
3232
2432
3232
2624
7232
3264
2336
2272
2224
7232
3424
4432
4432
4224
9664
2272
3232
2944
2272
3232
3232
3232
3232
3296
3328
4384
3632
3296
3232
4224
4224
2224
2448
3232
3424
3232
2368
2432
2672
4832
2224
4224
3392
7232
8224
3936
3232
4832
2272
3232
3232
2624
3232
2432
4272
3344
3264
3232
3232
2432
7424
6224
8224
2736
8832
4224
6368
3232
8224
3328
2224
2624
8224
3392
2432
2432
4224
8224
2432
3232
2832
4336
2624
8224
3328
2272
3728
4672
2928
7632
2224
9424
2432
2224
3296
9344
3232
7232
3248
2224
2464
7392
2432
2832
3632
2224
3632
6336
2224
2432
8224
6432
3424
2432
7424
3232
3424
4224
2272
4224
3328
4224
2272
2288
2432
8224
4224
4832
4224
4432
2224
3232
2944
3424
2336
2784
3232
2832
3872
4224
3232
4432
4928
3232
7264
3264
4432
2624
2624
3328
6224
2384
3232
2432
4272
8224
4224
9248
2624
6432
2224
3792
3632
4224
2624
3232
6224
6432
6224
3872
4224
2432
6432
2464
2336
2224
2224
2432
2672
2272
3344
2432
3424
6464
4224
8832
9632
3424
6624
8224
6736
3232
4384
3232
2272
2224
2224
4336
2224
9872
2944
2272
2272
9376
2624
2432
2272
7232
3872
6224
3232
3232
2464
3232
2336
2272
3744
2832
2432
3232
8224
7232
2272
9232
4224
7424
7232
4928
2336
3232
4384
2224
7264
3232
2432
2432
3472
7232
3296
3424
2432
3824
2224
2432
2624
4224
2272
2272
6672
3232
2432
6336
2272
3328
4224
2224
2432
2688
3296
8224
8832
9472
2272
4384
2848
7328
3328
4288
3264
2464
9232
3344
8336
4272
3424
2432
3232
3232
2672
3232
2272
6224
2432
4224
2944
6272
3424
2272
7264
3424
7232
3424
4432
4432
9344
8272
3424
3232
4224
6272
3232
2224
2624
7264
3232
9248
3328
3232
3424
3232
2928
3232
4432
4432
2272
2832
3232
3232
2432
2272
2928
7232
2432
2624
6432
7232
9232
2272
6432
3824
4432
3744
2432
3264
2432
3424
9232
3472
3264
2336
3296
2432
3232
3424
3472
6896
2224
3328
6432
2224
3232
3232
3472
6432
2224
2272
6432
7632
3232
3344
2768
2272
4272
6624
6432
3232
2432
3264
3232
2832
2432
8224
2224
2832
2272
8224
2224
6224
3488
2336
2272
2464
2336
4224
2496
9872
9264
2432
7424
3424
2432
2224
6432
8432
3424
6336
7424
7632
6224
2224
9792
3232
2624
2272
8224
2224
2432
2928
2336
6224
6432
4624
7232
7232
2432
2336
7264
2432
3232
2736
3744
9632
3232
3232
7232
4224
2224
6336
9344
4832
6336
2272
3232
3344
2432
3232
3232
2432
3248
4272
4224
4224
7232
4432
2272
2336
2432
3424
3232
4624
2384
3488
4432
3232
2432
2272
2224
3264
3824
3264
4224
3824
6432
4224
2336
3424
3872
4224
2832
7232
7264
2432
2432
2272
2224
2224
3232
4832
2432
2432
8224
4368
4224
3232
2432
4272
2336
4224
2224
2432
3232
7232
2624
6224
3232
3392
6432
2384
8432
2224
8672
4272
2432
2224
8224
3872
3424
2224
3264
8432
4224
3424
6432
3232
3376
8464
3232
2432
8224
2464
3232
4624
6224
2272
2272
3264
6224
4224
3232
2672
3232
2432
4832
3792
6224
2432
3232
4336
2272
2432
2832
4224
2432
2432
2464
2224
4832
4432
2368
2832
3232
2384
3232
6832
3472
7232
3232
7472
3232
4624
8272
6224
3232
2976
2432
7296
2224
2832
7232
3392
2272
3328
9424
6432
3232
8224
4384
2832
3232
3824
2272
2928
3232
2448
2224
2272
3232
2224
6432
4736
4432
3296
3232
2624
9376
7472
2272
3824
7264
2272
2432
9632
3264
3472
8672
2224
6432
2272
3632
6432
6624
3232
2832
7232
7232
6336
3264
2224
7424
2272
3232
2624
7632
3472
2272
3232
2464
4448
3632
2624
2464
3232
2432
2336
2272
2624
3232
6272
8432
3344
2272
3424
9632
4832
4736
3424
2464
3232
2224
3648
8928
2928
6432
4288
4224
6272
2432
2832
4288
3232
4336
3328
2432
2272
3472
2336
2432
2432
4224
3232
2432
6224
2432
2848
7232
2672
7328
3232
3232
2832
4224
6432
2224
9232
3344
3328
2336
2272
2464
2336
3424
7264
3232
2624
3232
2432
3328
4432
3424
3232
2336
3232
4224
8336
4992
7264
2224
4432
3424
2688
3232
2224
2272
3232
3232
2624
4224
3232
3472
3232
9232
2448
2272
2736
2272
2224
3232
3232
8288
7232
2464
3472
2224
7232
2432
2432
2272
6224
3232
3232
4224
3632
3232
4432
2272
7264
3264
2432
4736
3328
3424
3232
3824
2224
2864
2272
3232
6224
2272
4224
9344
4224
3344
2624
8224
3232
7264
3232
2832
4272
3344
3728
7232
2432
3232
3392
2272
2432
4832
8224
2624
2432
3232
3744
2832
4224
2432
7344
3424
4336
6496
3232
2432
2272
2624
4224
7328
4832
4224
3392
3232
6864
2432
7232
8272
4624
4432
4224
3344
6272
7232
3232
3232
6224
8224
6224
3232
2336
3232
2944
2224
9232
2432
2624
9232
4432
3328
2272
4432
2432
2272
2336
7632
6224
8224
3648
3232
6624
3328
3632
3792
2672
3424
2432
7232
2624
2432
3232
2432
9632
4432
4224
2736
7232
3328
9232
2432
3232
4224
3424
4224
6224
2432
3424
6224
8336
2272
3232
2832
2432
2432
7328
2272
2224
3232
3344
4448
3264
8432
4496
2272
2432
6224
2336
2384
2448
2224
2224
3232
6272
6432
2272
3248
7232
3232
2272
3232
7344
7328
9232
8432
3232
6224
6432
3232
3232
3232
6672
2224
6384
3232
7328
3472
4224
8432
8992
9424
9232
2272
8432
3232
2736
2432
4224
6288
3424
7424
7232
4432
2432
4832
6336
4832
6432
2272
2224
7232
4224
3232
3232
2832
3232
3232
3328
6624
4336
2432
2224
6432
6432
2432
8224
7392
6784
7264
4432
2272
3232
2224
4224
3232
2224
3232
3424
2336
3232
2288
3232
3328
3232
7264
2272
8224
2272
6432
4336
7424
2432
3232
3984
2784
3232
2432
3344
4432
3632
3232
3232
3232
2432
3328
2432
3328
8384
7984
3232
3232
2336
2432
2432
2272
4448
8432
3232
3232
2432
4832
2224
2272
2432
2336
2624
7232
3232
4224
3296
7232
2432
8224
4624
2272
9632
6272
2624
3248
7232
4224
2976
9232
3744
4224
3424
2336
4336
7424
3232
3232
9824
2272
3872
2368
7232
2432
3232
2336
3744
7824
3264
4224
4672
6224
3232
2432
3232
3232
3232
9232
4672
7424
2272
6624
9472
4224
2272
8672
7632
4832
3632
2432
6224
3232
7328
3392
3936
4432
3232
7264
9632
3232
2448
3328
2224
2288
2224
4224
2432
2272
2336
4224
2624
3232
3472
2432
6624
7328
2336
2992
9232
3264
3232
2224
8432
4624
2224
2832
8272
3264
2224
2832
2272
3424
4432
2832
9232
3424
2272
3392
2272
8224
2336
3232
2464
3936
2272
2384
6432
2272
3344
8336
2624
4224
2944
4224
3936
3232
3936
2432
3232
3328
6496
3392
3232
4224
9232
6624
4832
2336
8224
2336
2272
2432
4224
3264
7232
2448
2224
2432
3232
2688
2224
3424
2224
3232
8736
6272
8464
2224
4432
2432
2624
3424
3648
2432
3424
3376
4336
2272
2432
7232
4832
6224
2272
4224
4272
4224
7232
2832
2624
3344
2464
8224
4928
3392
6672
3392
9728
3632
6944
2272
6672
2624
3328
9344
3232
3632
2336
3232
2832
7632
9232
2336
7232
2464
2672
3232
9232
4224
2784
4224
2624
2272
4272
2464
3392
2336
2272
2336
2784
8224
8832
6224
3328
2272
2944
2432
2464
2432
3488
3424
3232
2336
4224
7632
3264
7424
2336
7232
2272
2432
4224
8224
2432
3472
4432
3472
2848
2832
3488
2432
2432
3232
4464
3232
3232
2432
3424
3424
8224
2224
3232
3232
2432
3424
4224
4432
4832
8224
6432
3232
4432
2272
2832
3344
2272
2272
3232
2624
7328
2432
6736
2224
3824
4224
2272
2432
2224
3296
6224
2832
2272
2432
3424
7632
7232
7232
2336
3344
2272
3232
7232
3472
2336
3232
8224
2832
7632
3424
7424
4432
2432
2272
7344
2464
2672
3232
2272
3232
6224
2272
2272
2832
3424
3424
2272
3392
4384
2432
2864
2432
2272
3232
2432
2432
2224
8224
2384
6224
2928
4272
2272
2224
2832
3232
2272
2432
4224
8272
2272
2432
3872
4224
8224
3232
3232
4272
6272
3232
6624
8224
4224
2944
2272
3824
4624
4224
2432
8224
2432
4224
9232
2848
7424
2832
8272
2832
2336
3232
3744
3232
6624
2944
2272
2736
4832
4272
3232
3232
3344
2272
4272
2432
4224
3232
4432
2624
3232
3328
2272
2432
2624
2272
4832
4224
4736
3232
3632
2432
3232
4448
3392
2464
8224
2432
3232
6272
4832
2336
2224
2272
2336
7296
3232
2224
3424
2464
2944
3232
4384
3392
3232
2432
2272
3232
2624
3232
3248
8224
4224
2224
3232
4624
4624
3232
2224
8944
3328
3296
2272
3232
2272
3872
3232
2272
3632
2272
7232
9424
4224
8224
3472
3328
3232
3232
3232
3296
2272
3424
2224
4224
6272
3232
3392
6336
4672
2336
3328
3232
3232
2224
3232
7232
3472
2432
2336
2272
6224
2336
2432
2336
6432
2336
6224
3232
2624
3472
2432
2624
4224
3424
7232
3392
2272
6336
3232
6224
2432
3872
2832
2224
9632
3472
3232
3232
3344
7392
9232
6224
3232
4832
9424
4272
2464
3232
2224
3232
4224
9344
3328
3232
6384
3232
8224
3424
6432
2336
3232
9248
2432
7424
3232
7248
3232
3232
3232
3232
4384
7424
6432
2432
3232
9472
2624
3232
2432
2464
3872
3232
7632
4224
3344
4624
4224
2432
3648
7424
2464
2336
3232
3728
2336
2272
2336
2432
3232
7264
6432
6272
6224
3232
3872
3232
4224
3344
8224
4336
4432
2624
3872
2432
2368
2224
2784
3328
4336
3344
2224
8336
3664
4672
3232
3264
3232
4832
3344
2432
2464
4224
2272
3744
4224
2432
6688
3232
4432
2432
2384
3472
8224
2224
3232
8224
6272
6624
2384
3232
4368
9344
3232
3328
4624
6432
2384
2272
4224
2272
2624
2464
6272
8464
7328
2224
4384
4224
4224
3232
2272
2432
2272
9632
2272
3248
4224
3232
4224
4432
2832
2736
2384
2336
2432
2832
2432
2272
2848
3344
2384
3472
2272
3232
2384
4224
2672
3232
6432
4432
7632
3424
4432
6384
6432
6432
3424
2336
3872
3232
3232
3232
6432
6672
4336
3232
3264
2432
4224
2224
6272
2272
3232
4832
2224
4224
3344
2432
2464
3344
6928
7232
2224
3824
2336
2336
9744
2336
2272
7232
7264
3424
6432
2272
3232
6432
3472

