3247488
4223232
9624832
2372224
6378496
4962432
9266432
2447232
9726976
8233472
6223232
2327296
7623424
2972928
4697472
6793728
6226944
2277376
9992448
2337792
4233728
9743232
2328832
9329664
6228224
2979328
2234368
8263424
7977728
2299392
3448832
3743232
3322624
4949632
2279936
3247232
4232832
4466432
6862336
8427648
2748672
2326272
8772224
4223232
2836224
2293632
2632832
2223744
3922432
7273728
3286784
3228928
6472832
2232448
6233344
7642624
3647232
4442368
2969472
2724992
2727424
2722432
7222784
3892736
8322944
4229888
4342272
9634432
8423424
4868224
4242432
6282624
6223232
2242944
8262272
4742272
2479232
3283328
2786432
6863744
2662272
4344832
4334336
7327872
2769664
7838464
3774336
4243328
3349248
2244224
6836224
9643264
2366464
3432832
7663872
3742336
7743232
4334336
4479232
4223232
4436224
9337984
2837632
9626624
4229376
6844928
3364224
2292224
8824832
2762624
6283264
2679424
8723328
6227328
6332928
3332224
2223872
8672384
7892224
3783424
9233664
4333824
6468224
3362432
4437248
4342784
4227328
2843264
7468672
3227264
4262272
6469248
6742272
2429824
2693632
3373824
4328448
8222848
9273984
4233472
8322432
8687232
7237632
2348672
3474688
4297344
6362624
2287872
2277632
7742848
2633728
3292288
3237632
8443264
8724224
4282624
7438336
3444224
2223232
2872448
3422336
2229248
9972224
2267264
3862784
8434432
2324224
2729472
4832768
9623424
2944384
3473664
2239232
2288768
7887744
8623232
7277696
4487424
3223296
3434624
8772864
3372288
8277248
4662272
7732992
7223424
2388224
8297344
3397632
7433984
2222336
4743936
2239232
3223296
6472832
2623232
4639232
2824448
2628224
4324224
3446272
4663296
8722432
2687232
6226432
2469632
3224832
7422336
7768832
2234624
3442432
2764288
6292224
2426624
3322624
7828224
2778368
8622336
9242624
7282432
2442368
4224768
6326272
6372224
2234624
2232832
2422272
2988672
7442432
7423232
2236672
3337472
2226432
2623232
4248832
6628992
2324224
4372992
8374272
2722944
3447424
2646272
3942272
4424448
2444928
6942464
2292224
3422336
6874624
8223232
6222464
7463936
4438272
3748224
6249728
8447232
4923264
2623744
2383232
7666432
3327232
3886848
8663936
7962624
8434432
2447232
3896832
2642944
9332992
6422272
2834432
4223232
2267392
4649728
3877632
6294784
6623232
2692224
3678336
3238272
3823232
8263424
2324224
9294464
2366336
3238784
2222336
4788224
2462976
9772288
4326272
2744832
3262336
9438336
7382272
2834432
6446464
3226624
7733376
2838272
2687232
2962432
7274496
7892992
8322432
3733248
3392384
6224896
3698944
7778432
6236928
3423488
2244224
7266432
8632832
4289664
7326976
9423232
3273472
6937344
3332224
2922624
4978432
3762432
4894976
2263424
9732224
6482432
6443264
2623232
3634432
2633344
6322432
2662272
2734336
6247424
4676224
2322688
9243392
3738368
7224448
3427328
2489472
9232384
2967296
3223424
3762688
2228224
3668224
9723392
4274944
4372224
7247872
6244992
6696448
3926272
3742464
2932224
2232832
3433472
8747392
2724224
6622464
4367232
4222464
6223232
2722432
4223232
2342272
7938944
2738432
6374272
2223232
7343232
2664832
6832384
7366272
2244736
4233472
6927232
3263232
2327424
7863424
8694272
6738688
4283392
3489664
2262272
2244224
2423936
7262464
4223232
4922624
7263744
4242432
3262336
8223232
4973824
2242432
9222272
4377344
9762944
3368448
2382336
2863744
2747392
4994432
6263296
4437632
8372224
7828224
6263424
6443392
3422464
2768384
7764224
9742464
2463232
2293248
7946624
6372864
4447232
4468992
3243392
3834368
2292224
4277632
4327936
4233728
3226368
4244224
4282624
3268864
2324224
6776832
7232384
3633792
8773632
4323328
6284288
4342272
3792992
2674432
2646272
7323264
4672384
3374336
7327232
7922432
3242624
4332928
3487232
2244224
7348736
3232384
8223232
7382272
7428224
2223744
2742272
8332288
2473344
9364736
3444224
7362432
6724224
8924672
2439296
9362432
2437632
4423424
9423232
6233472
6772224
2733824
3237376
3822336
2623232
7933824
7282432
6322944
3422464
6772224
4943232
3369472
3343744
4243328
8242432
7294464
3774976
3227264
3434496
4242432
2367232
4727424
8223232
9224448
2386944
2322432
2226432
7349248
2864768
7324288
2276224
3462272
6833792
3776384
8327936
2239232
4426368
8268672
7486336
7634432
9439232
4372224
3749376
2383232
3922432
6262272
9223424
2822272
3644672
7337664
3263232
7467264
3327232
2328832
2292224
2743424
2964224
2277632
4472832
9432832
6873344
3783296
2722944
2422272
2326272
2324224
2428672
6363264
4423424
2332288
2923392
7342848
2442496
4233344
4632832
7922432
3922432
2873472
8286464
6847744
4442624
2287232
3327232
3746944
4622336
3732224
4676224
4372224
7222272
3932672
4372224
2762624
2422272
9944832
2372224
2242432
2343936
3293824
4228224
3282432
9343232
8223872
4427264
4244224
2264832
4233472
8436864
4363264
2232832
2396928
6486272
4889472
3268224
8636672
2446336
2864384
3934336
6222336
2628224
4222464
2322432
3298432
4244224
4623232
4728832
9262336
7338624
2273664
3272832
6244224
3382272
3479424
2247424
3924224
3222272
2726272
2263424
3227392
2863232
9932672
7723264
7422464
3322624
3394432
3349248
6422272
9388672
2642944
3222272
4367872
4223232
6923264
8372224
2244224
2623232
6224768
7236224
2836224
2424832
2788864
3222272
2822272
3476224
8922624
3337472
6624384
2382848
2227328
8788224
6422272
7384832
4376832
2292224
6228224
2793344
4622336
3324288
3263232
9339392
7327744
4822272
2324224
4427392
3227392
7232768
3833344
2496384
2274432
4223232
6227328
7236864
2322432
3282944
4942336
3232768
2334976
2292992
2436224
4666496
2222336
7329696
3227264
9732224
6923392
4328832
8293632
3963392
3266432
2439296
4233472
3847424
8344448
2623232
2239488
4228224
2292224
4676992
8724224
2233344
4323328
2479744
3322624
9249792
2823424
3323648
2266368
8223232
2722432
3422464
6343424
3738624
9227264
8644736
2226944
2422784
8443392
2327424
4244224
3343872
2736384
2223872
3476224
2923264
8223232
7926272
7428224
6233344
2437632
4232832
2242432
2234624
2244224
2747264
2942464
3342464
3273344
3239232
8923264
3286272
4222336
3284224
2234624
2662272
3427328
6237696
4387328
9824896
9247232
2679296
4223232
6729472
4623232
4743424
2422272
3822464
4982272
2942336
3442432
7228928
4227328
3922944
2267392
3322624
7323776
3226368
2647424
3746432
3382272
3223296
7222272
2444672
2324224
2932224
3268992
4222464
4242432
3367424
4274432
6644224
4289664
7722624
2943232
4633344
2468736
4282624
3498496
4997376
7826432
7772672
7242624
7432832
2367232
4727296
3324672
3623936
7686272
3429632
7924224
7276672
4374272
3337984
7764736
4274432
6222336
3284224
4229376
9262848
6324224
8978432
2943232
4443392
2227328
6778624
4224768
2322432
8244224
8262272
2729984
4246272
3273344
4676736
7346432
2663296
2344448
2223232
3349632
2989824
3292288
3824896
2422272
3289984
2242944
4242432
7487744
2642432
2487424
3796224
6223232
3242496
4422272
3862272
6842624
6444672
3234688
3346432
9228288
6233344
2923392
3843328
3926272
3297792
9423232
7622272
9247232
7392384
3224832
3893248
3422976
7333888
2366336
3382272
2234624
3442432
7843328
2788224
3482624
6784384
2346624
2932224
2364928
2324224
2623232
3473664
2367232
6288384
2223232
3422464
3394432
9369344
4246272
8736384
7824896
3323392
3723264
3239424
9343232
8242432
2327424
6373248
2332928
2373376
3762432
7266432
3282432
3627264
2836224
2623232
2629632
3423232
3962368
7933696
2622336
7342336
2327424
4396672
7236224
7623936
3423232
7684224
2843392
2647424
2742272
9282944
4834432
3242624
2282624
8438784
8374272
9947648
6292224
4722432
6239232
2742784
8629376
3222272
2244224
4392832
9442432
7383296
6774272
4223744
7322624
7839232
4322432
6338432
8246272
7236224
2823936
2238464
6736384
2372736
6733824
3743232
2329472
3343232
2664832
2723328
7882368
7322624
6243328
8362624
9449344
2623232
2422272
4443392
2634496
2327936
4223232
4922624
7333248
2423936
4379392
8447232
4226432
4693248
6743936
4292224
2383872
6676224
3474432
2276224
2626432
3323392
2244224
2238976
7442432
4722432
9462272
3743232
3433984
4223232
2636672
2432384
2987776
6294272
6384384
9247232
3224448
2932224
9327232
3477632
9222272
2623232
7224832
3232896
4223232
3476224
2446336
8223232
6426624
6222336
7232384
2428672
7224448
2329344
3983232
3422464
9238272
2326272
4686336
4246272
7477632
8436224
2324736
7348224
8332672
6262272
7273728
2262784
2343936
8296832
2222336
4292224
7344896
8638336
3742464
3233664
2482688
3237248
2476672
4628992
4222848
6823424
2642432
4636672
7492224
2246272
2322432
4232832
8223232
7326336
6332672
4342272
7922688
7666432
2244864
3383296
9426432
4434432
9234432
2227328
4447488
2842624
7839232
4474368
2936832
8222464
4732672
7467264
2234624
4498432
7434624
2762624
2364672
2667648
4339328
8328448
2827264
2233344
2473472
2438272
7662848
9724288
3722368
2223232
2372224
2724224
8373632
6634624
3336448
2783232
4934272
3427328
3742336
3298944
4374272
2727424
4223232
4322944
4329472
4439296
2326272
8644224
9622272
2243328
2324224
2322432
4469632
4278272
6422272
8244224
6226432
2746624
2732288
8342272
2623232
4292864
2649984
2229376
2332672
9222272
3422464
9234944
2223232
7642368
4634368
3222272
4393984
6382848
2363392
9737472
2326784
6828672
6662272
3742464
3322624
3764224
4272896
2224384
2292992
8674432
2463232
2233472
2322432
2942336
2724224
2236672
4434432
7662464
8389632
3422976
4247296
9343744
7837824
2462464
2228224
3247232
2238976
2933248
4884224
3823872
4346368
6237824
7324928
3363328
4742272
2384384
2232832
4242432
4642944
3748224
3237248
8692224
4772864
2324224
3223296
8842496
2426368
3269248
2823424
8663424
2922496
6422272
7343232
7433344
4644224
3284224
7364224
3449728
2332672
4332672
4447232
4333824
7624448
3623424
3326464
2247424
6239232
4724224
8432384
2866432
7322624
2926336
4492288
4863232
2228224
3938432
2337792
3826944
6962432
7732224
3967232
6333824
3324672
4232832
8649344
6433792
2262272
2337792
2444928
2692224
2847744
2292224
4392448
2326272
2739392
9323264
3472384
8227328
6222336
2734336
6323328
2649472
4226432
6233984
7746688
6228224
3849472
2294272
3329792
6824448
8229248
8397824
2262272
7923328
3284736
2424832
2242432
4822272
7236224
3924992
6642432
2773248
2292864
2722432
4982272
8332928
4623232
2674432
9742336
2222336
2229376
3284224
2728832
9476224
6246272
3326464
2238464
3924224
7282944
2332672
2322432
4222848
4647424
3323392
3877376
3382272
8934784
6339328
9223424
4642432
8322432
2239232
6983424
3647936
7234944
9463424
3282432
2363392
2846336
3423232
9632384
2223232
2742272
2697728
3733632
7743232
2398336
2228224
6233344
4824448
4222336
6223232
2263296
4223232
6244224
2223744
2343424
3447424
8686336
2738432
7424896
2324736
9234432
2267264
4688384
6426368
2629248
4263936
2243392
2463232
3666432
6734336
4239232
2228224
3644928
4223232
2326272
4262272
3339648
3943296
3976832
3323648
3323264
2244992
2742784
2922496
2266624
3422336
7727872
4632832
3439232
6463744
2966272
3383296
6293248
2343936
3434624
6727424
2274432
9646336
2223232
4424448
2468864
2793344
6322432
4274432
4732928
3223424
6327424
7476992
8879232
9228928
2384384
3433728
2978944
2277632
9748224
2292224
2234624
7243392
7773824
4293888
3226368
2329472
8242944
2226432
7222272
3834624
6463232
9332224
4482432
9343232
2222336
3449344
2934272
4498432
9338624
7333632
8233344
9892224
4223232
2332672
4944384
8423424
7343232
9764224
2427392
8494976
2223872
3222272
9244288
3239296
4662272
4943872
9486464
3743232
2262272
2322432
7922432
8293248
2489472
6984832
2296832
4383232
3447424
7739392
7789696
7943424
2427392
3226368
2744832
2799232
3444224
6774272
2693632
4236928
3823232
7322624
2342272
3273984
3664384
4733824
6332672
2767232
4223232
2639232
3346944
2324224
2667392
4492928
6224384
6623872
3876864
8372224
2226432
6722432
3422464
7333632
8297472
6222848
2262272
7333632
4463232
3376896
4722432
3336832
2847232
2324224
3327232
3643392
2933376
9439232
3732224
3234432
2299264
3822464
3673728
4263296
3839232
7742976
4937728
4242432
4279424
2833664
4327424
9823232
3832832
9833728
7237632
4622976
8278272
2838272
2233472
4222464
4943744
8746496
3332224
3348992
8823936
6324224
4936832
2222848
7722624
4443776
4223232
3332224
6234624
4223232
3382272
3874432
2383232
6728448
4762624
6292224
8826624
4348672
3732224
3748992
2246272
7479296
4287488
4292224
3222272
3924736
3828224
7426432
4363776
4223232
7924224
2783872
2343232
3426432
2272384
4632448
4388224
4293632
2623232
4743424
9282432
9427328
8432384
6732928
8463872
2432768
6862976
6234368
6232832
2623232
3222272
4324224
2227968
7433344
8276224
2938624
8468224
8263296
7292288
7242496
2233344
8326272
4822272
4262272
8237824
9273728
3278464
2329344
4437248
4242944
4429824
4638336
3499264
2232832
4394496
6322432
6827264
6636288
7672448
4927744
4462848
2632448
2363648
6323328
3322624
2642432
7362432
3823232
3273728
4243328
7282432

