
46496
82432
34976
62464
48224
83872
86624
34432
63424
32224
47296
43424
83328
49664
43232
96832
28832
92224
92224
27232
34464
32384
22272
36448
22336
82432
74784
89728
63232
93472
63264
62336
34336
22432
34432
72448
29728
24768
63232
42432
44224
23232
72832
62272
79232
22784
22272
66432
23328
74432
28224
63424
22272
43232
23424
27488
83232
62976
33248
22336
99392
68288
78432
29728
42336
33344
46272
93472
34272
84288
22336
36288
63232
43232
68672
63424
46272
63232
44928
43328
83232
42432
24224
87232
22464
23232
34432
87424
34336
23232
22272
92224
63392
28992
22272
27296
96288
66432
33472
23424
32224
47232
22272
24736
23424
72928
72224
73728
74368
39872
23232
36448
72288
48832
22432
33472
36288
48224
82848
92672
22432
42432
99424
63392
22336
87296
42272
42976
22432
22976
27392
22272
37248
37728
22432
24832
77824
36384
29824
87232
24224
32832
83264
63424
23968
84224
87872
36992
44224
23232
82432
23232
23264
32224
23328
99392
79232
26432
23232
32928
36288
79392
26624
34464
23424
24224
32384
22976
27232
34432
22272
33728
28224
22432
33824
38624
79232
96832
23744
36992
82272
33696
23872
39424
92288
83424
32224
22432
42624
44224
47424
23232
42272
72224
66624
27232
27296
44448
27232
72224
73472
32832
82496
43328
34432
34368
33888
46336
37472
63232
33824
42624
26432
76672
39936
43968
44224
39328
49824
27264
72384
22784
26944
24224
72448
74432
22976
28832
77632
92832
63264
83648
22336
32448
44224
74624
93728
22336
47328
22272
27328
27232
44832
37344
44288
43424
28288
62432
92832
36832
34432
68224
62944
22944
27424
42624
63232
26272
42432
28672
73472
92864
24832
22336
44384
63232
32224
72832
27232
43328
64672
96832
67776
33824
22624
63872
26944
23264
23232
39232
44224
23328
22272
82432
26272
24928
82624
23264
23424
96672
93824
83392
29344
76928
99936
33472
79328
66624
24768
42432
22944
28864
43424
32928
36224
22272
79232
67328
27392
73344
42432
39392
24672
24384
42336
23328
32224
34432
92224
34272
64224
63424
23296
62624
38624
26432
83392
86944
63392
62432
43776
86624
23232
63232
22336
38432
43232
83232
46976
32224
37632
34272
22432
67392
38272
94624
29824
23872
64448
33472
47392
84224
32672
22624
22784
78272
23232
27232
39296
22272
76384
36288
62272
26272
74272
23232
74272
62272
43776
92864
23232
32672
29248
48224
39232
24992
26272
24832
69792
74432
79232
62624
43392
76224
82272
44288
92832
24992
26272
32832
23232
37344
23232
23872
97632
77824
92224
64224
22272
46272
22336
42624
24768
72832
22432
24224
66432
48224
96224
23968
43392
29248
44224
28928
42272
39232
48224
63872
43424
23232
34272
37824
22272
24224
42368
93824
47232
22368
77632
32224
83776
47232
74272
42432
23424
27264
22272
22272
82336
32832
22944
62272
32672
92992
46272
33632
48448
47392
38272
32736
84384
36224
24736
87232
37632
72224
94272
46784
42432
28672
32928
28224
27936
33344
76832
23232
29344
43328
92672
24832
82432
77344
32224
46272
83392
72224
49632
22432
32224
32768
32736
83264
83424
72768
93824
43776
82624
68224
76288
46784
89728
23232
82432
22432
78784
33344
26432
38848
37472
23232
33984
44224
88864
32896
22272
39232
24832
23232
29248
46336
93376
28864
43296
22272
32224
63872
23232
74784
62464
43328
22336
38432
42944
23232
64224
87424
49984
22432
47744
22336
77376
63424
37728
27232
79232
43424
29632
69824
82272
32224
27232
44288
22336
93344
23648
22272
24832
42432
73472
26336
76448
73824
94784
87648
84224
32224
93728
83424
22432
22272
24384
42272
22336
67392
87328
97632
28832
22272
24672
22336
22272
67264
79392
84928
92736
74432
22336
23232
78336
39232
24288
62688
42624
74272
63232
32384
32672
44224
49664
94944
93248
34624
78432
23424
46848
42464
29376
23744
64384
67232
63232
94272
36672
34944
74272
94368
72896
33632
32832
43744
22464
38272
23872
23328
27232
83648
28736
42432
42432
63232
43744
23264
22272
82272
29632
72992
44224
23488
29248
32224
43232
24768
76224
23392
39232
36224
93824
93472
22496
62272
32224
23776
42368
32448
23424
66944
23232
42432
24672
68928
42432
26336
23872
42272
99232
23648
34432
82368
47424
62848
33824
39232
72736
62272
26432
44224
47232
22432
29632
88832
23328
44832
42432
32736
62336
23744
36832
32992
42624
94624
36224
24672
47872
42432
33664
63424
37472
24384
34336
47424
83744
27232
38368
83328
24384
72832
44224
64224
98368
92992
64832
67392
32448
68672
22272
76224
22272
26272
83392
77824
44224
66944
99392
78432
94368
38432
33792
22336
33984
72384
33472
36224
22432
93728
47232
34432
42688
37888
74336
33632
32832
62432
23232
28928
62336
23232
77632
62272
94272
83328
92448
28832
64448
84224
62464
38432
68224
23648
32224
73792
27776
43328
22688
22432
98464
39232
62432
37472
32224
34432
49984
83232
33344
78464
64992
46272
23232
24448
22624
44992
33824
28832
83424
74624
22272
47232
92832
22784
27328
42432
28224
83232
23232
68384
27392
26432
23232
32224
42624
22432
96832
49472
62848
38272
44672
42272
62336
47328
33728
22496
24224
44864
22432
42272
22368
78464
77728
42272
28928
72832
97344
46976
42272
27744
23392
24224
27424
22272
69728
77632
38944
37632
39232
33792
34624
29792
28672
24832
63968
89472
44768
43264
47232
34432
47392
93632
24448
46496
23232
62464
92224
74336
24224
98624
84672
84224
48672
34432
42272
29632
36224
64832
29248
67648
32928
72736
23424
24384
46272
93632
34432
24224
92992
76448
29344
28864
82432
92224
32224
37824
72224
76384
24736
82336
79392
86336
32224
43424
84224
39392
63744
63392
74432
34976
29344
24672
42432
23872
37824
28672
34624
43232
42272
77248
46368
26432
67392
27424
26336
46784
67424
23424
63392
39424
98432
27424
82432
94432
72832
46272
83328
22496
44224
64832
28832
72224
26944
38976
33632
68928
23264
92224
43232
89824
63232
49664
82432
26272
74624
69632
33472
67328
33344
38272
32672
89792
29632
34976
32224
63232
73984
94464
64832
47424
93632
76928
33664
63264
83392
84224
34624
44672
22464
43232
32224
47232
22464
39232
47424
67232
89344
23264
22272
93248
27232
97472
84832
33344
33472
24672
27392
86432
37792
42624
68288
23232
23232
23232
29696
22784
86848
33728
86624
66848
32224
92864
33472
32448
48448
26432
29376
39232
28832
28224
27264
23296
87232
37472
73632
79392
62464
26944
22336
32448
33632
43392
63232
22784
42624
23232
62624
24224
72832
32832
33632
32224
42624
72448
22272
76224
28224
44224
76736
76448
33344
24832
33664
49472
69632
22976
63232
36224
43232
62624
43488
48224
26432
83232
73824
23424
84224
34432
26272
68672
48384
27232
42784
29824
84224
27424
92832
73344
24224
62432
24288
77632
28288
23232
62336
79232
73792
37824
27424
43232
43744
84832
43296
24768
92224
67392
89472
44864
32832
79264
29472
43392
42624
32224
37824
37824
24224
22432
34624
96832
44224
22432
33344
22336
39264
27232
98624
22272
44448
94464
24224
69472
63232
62272
23232
22272
43328
92928
23232
47232
73824
72736
23392
22272
84224
39392
43392
34432
46336
76832
22624
37632
44224
22272
32736
47328
82336
83232
33984
44224
22944
66496
23232
32768
44224
26624
36224
22272
26432
79232
63232
26272
82624
92736
62336
64672
49664
39232
76832
26336
22432
28224
32224
33248
24448
34496
22272
22624
24384
39424
33664
27328
26624
27392
63424
62336
43232
83232
23264
94272
72224
23232
27264
33824
23232
42464
84384
73632
23232
43328
22976
23744
62624
87424
67392
22272
34976
77248
24832
72224
24992
27232
48672
94272
33344
93248
66624
73664
49344
24736
33696
46272
26432
23296
47232
79744
42624
29664
23232
22624
24832
32672
82624
42336
26272
74272
23328
23872
86464
44672
36288
29472
37376
89248
23232
42432
23264
23328
22784
47392
22624
23424
24832
32224
82336
92224
73824
83264
63232
42944
46272
74432
74464
83424
97344
23424
92672
32224
82624
34336
37632
26432
23744
76864
99232
22624
83424
86272
22432
79424
42496
72224
46624
72448
24768
62336
42272
72224
92224
32832
44224
96736
26624
39328
43424
87264
26464
36384
64832
23232
22272
43232
28672
38432
34624
23232
28384
34336
23232
87232
29632
24384
43744
42272
47232
36832
42432
27328
23328
22784
39232
72768
84224
27296
22944
42432
22432
22336
39232
43328
47232
63392
23232
34784
82272
23936
64224
22624
76224
34944
23872
47232
47424
26432
24224
94624
43328
23232
36672
24832
44224
64928
82496
23232
74624
48832
47424
24832
38272
27232
64448
37248
49824
33984
27328
83424
33728
32224
82688
87424
33792
43424
72384
29344
26272
33664
22784
72832
34272
99424
77632
62272
24224
32672
27392
22272
22464
44224
47328
46368
69344
83872
27936
23232
39488
47232
22272
84672
76224
22944
87424
43328
23232
72224
42432
96224
44992
62272
33344
79232
24224
99392
22272
82368
87328
33344
42624
22432
33728
42272
76736
32864
22272
23936
23232
26432
63488
23424
36224
22464
23232
37472
27744
32224
32672
32384
26624
73632
23232
67232
44224
42336
42272
43424
22432
36864
32384
82624
63232
39968
63232
28224
78432
23328
46624
33664
23872
93728
33472
79232
23232
23776
44224
23872
22336
22944
32224
38336
46464
93888
32736
33728
22432
97728
37248
43232
29472
42432
82336
82496
22272
26784
24384
26624
23424
23872
33344
28992
22624
38432
84224
26944
42496
22432
43392
74272
72288
22432
22432
43872
34272
48768
83232
33344
33632
36864
64832
23232
92736
73984
33344
48224
34336
73344
23232
92224
93632
78944
23744
63392
49472
24736
83872
72224
37696
39264
22336
82624
79424
37344
22336
43968
63232
28864
72384
63872
82336
27424
42432
84288
62272
32832
63936
83392
92224
24672
72832
42272
23872
22272
42272
72928
32224
49632
34272
66624
43232
87232
43424
22944
62272
62624
76224
64384
43232
92928
26432
49344
36224
22272
22272
27328
96832
22688
22624
43328
27264
24224
39232
28672
83936
77344
63424
22432
72224
67328
22336
39424
33472
23232
44736
26624
47392
38336
33824
27424
78368
92832
34784
22784
87872
39232
47424
43232
32384
67232
32896
29824
24224
33632
63232
34432
23328
72224
33824
76224
24736
34432
28224
73248
82976
43232
24224
23264
23392
23296
32928
37824
23776
62784
23424
34624
68224
83264
23232
26272
22272
43232
26432
26336
23872
99232
74944
93376
28224
94272
93824
76224
39232
94336
22336
47232
67232
74272
24384
84736
36672
34496
62272
43232
32224
67264
64224
78432
36384
33472
92224
43296
64928
74432
24768
38464
38272
32224
22336
26624
23424
76224
63232
92672
87424
26944
42336
36224
22432
92832
62336
73632
44992
32832
74432
83648
43264
67232
29632
47232
84672
84736
46432
23392
28672
42368
76832
76224
32832
62432
46272
23264
63264
27232
33824
74368
23232
22976
38432
62848
33792
32672
87232
88224
26432
37248
82496
93248
97984
23232
94688
39872
86464
87232
23232
46272
29792
82368
62272
83264
39232
47232
33472
76224
63232
43232
34624
22848
32768
84224
47392
39232
49344
47232
27328
86944
24224
22784
24992
22272
22464
34496
42624
28672
72736
42272
47232
74368
72224
44224
32224
33984
99264
27776
37632
42432
46464
23424
82624
43232
63232
36224
34624
94336
22336
42944
33248
79424
66336
28736
42432
67328
23744
66464
46272
27328
39232
23424
42624
22432
44832
46336
29248
28928
27264
24224
72224
22272
23232
74496
44224
22432
43424
23744
47296
34432
82432
63232
97472
92224
62784
37824
62688
39296
23232
23488
73344
22336
26848
22432
34336
23328
22272
23328
39232
23232
46464
87328
28288
39744
22432
22336
23648
36736
92224
62496
33792
23744
39232
76224
82336
27232
42944
22784
44224
72224
34624
69728
72832
84224
29344
23232
27392
83232
24832
43328
46848
46784
23232
23232
67232
72768
77344
22432
22944
79744
23328
22432
22624
33472
47264
93376
32864
43424
23232
22624
92224
73696
32896
24736
22848
26432
44224
44224
77664
26432
32864
24224
92672
28736
62272
63232
82464
24224
23232
23232
44672
34432
24864
22432
76672
62464
28448
64832
72928
43744
24896
23232
63936
83232
36224
27232
32864
27264
37632
43264
22272
48288
43424
67488
64672
39232
39232
22272
78272
89792
66272
43424
23264
27232
79232
22272
36736
72448
43264
22464
32672
46272
23424
23264
73824
33344
22272
62432
26272
22464
43872
24832
33824
63296
26944
79872
27872
22432
62272
66272
46464
83232
22336
96832
23424
22432
23776
37632
33984
42272
74624
38784
92224
29696
22432
22336
26848
26848
34624
83264
23232
89792
76736
82624
22432
22272
33824
97472
26272
33344
86272
26624
83232
23232
93728
32448
27392
23232
27232
92672
22336
47232
22432
22368
68224
24224
77248
33696
33664
37472
92224
27424
23232
94624
64672
67232
22432
23424
83264
36224
64288
33472
34432
27232
26432
36224
99424
82336
22432
29632
23232
34272
26944
73344
28832
86336
22272
42432
27232
83232
33472
49472
33472
43232
23872
24928
29344
43392
38848
49728
86432
43296
28224
26368
26688
38272
39232
38432
22336
27424
23744
74272
42432
29632
82272
22336
87232
39232
83488
32672
83296
29728
23232
42432
33344
42432
42432
32224
24224
73344
23264
23232
23872
77632
82624
24992
34624
63424
28224
63328
73344
86272
86272
22464
22432
27392
47936
37376
62464
23232
86784
64992
27232
86432
48224
42432
28224
23744
32224
33344
47328
46464
22368
22432
33472
82432
82272
99424
22336
22336
92832
39296
42496
88224
32864
74432
72224
93248
26368
27744
34336
77728
43264
76736
93248
88864
27328
28288
23424
34336
23232
26272
27232
93472
99232
94624
42336
84224
83328
79232
26432
43232
43232
24224
33824
39232
32992
22272
73248
77824
32224
42272
33472
28768
37792
72672
22272
33632
23328
27232
22432
23232
43424
67232
68224
23744
79232
82624
32832
46272
24864
36224
23232
32832
72832
32224
63232
32768
82368
22336
34432
29344
29632
32224
34272
22464
32384
47424
32832
22624
22272
63744
43936
83776
84736
23328
27264
32384
38272
42784
26432
43936
74976
44224
23232
34624
43328
88224
47424
23232
47936
32224
72992
23232
44288
23488
22336
26496
23872
97472
79232
39328
32448
34432
43232
29632
33824
23872
29632
23744
33664
22272
22432
38464
62272
82624
36928
49472
42336
39936
97472
66432
34624
83392
47232
72224
24832
33472
94272
23232
83488
32928
39424
34368
28832
82272
26272
22624
27232
26272
22496
73472
44928
23232
32288
73376
32288
72992
26496
23872
93632
22336
47232
22432
44224
27232
22272
34432
26624
63392
38432
26432
22944
22976
82464
32736
23424
24384
33344
62272
32832
22272
92224
36224
23296
42432
33472
84224
34624
42496
23424
66432
23392
42432
32288
29472
26272
22272
42496
38688
74272
24384
22432
48832
23424
23328
23264
27936
47872
34496
97792
26944
63424
47232
39232
22432
76288
99264
74272
74432
42368
23936
94272
26432
44384
26336
32448
22336
27328
83392
33664
23424
48896
93664
38336
27232
23232
27328
76224
74784
28736
22272
63744
67232
22272
83232
22784
23232
28224
94272
27936
83328
27232
33728
22272
24448
67232
22944
33632
36224
87328
64768
23232
37728
28288
22784
83232
23232
22336
29248
74432
77472
78336
43424
22272
64384
22336
33824
43232
42272
42272
24224
23872
34432
84224
44224
22432
22272
47424
33632
23296
62336
22432
36928
23232
63232
42432
74432
28224
26272
26944
36224
23424
34464
22944
77248
26432
92224
87232
43232
24224
22272
47232
63488
39232
98496
79296
49472
39232
82272
92224
62848
44736
72224
72384
28672
32768
46336
24832
74624
86272
64224
34368
43232
22272
22336
23872
92832
93632
72736
34464
63296
86624
38272
28736
37632
72384
83232
66432
92224
63424
49472
62432
22848
22976
26624
46368
32448
32672
34272
23264
76224
24224
37344
68928
43776
76224
29248
26432
63296
47232
22272
38272
33632
49248
26368
79232
22464
33472
22272
23936
22272
48672
24832
49248
23328
96224
23232
23232
62464
27968
63872
23264
42432
22272
46272
29632
64672
82272
38336
32288
32224
23232
86848
47744
62784
43264
43232
24832
82432
32224
22336
42976
79232
92224
74432
72832
84224
77632
82624
42944
43232
32864
22272
67392
84224
23392
93632
32832
46272
27296
23936
68224
73344
48384
72224
23264
33632
34336
73632
23424
24224
94272
22976
86432
72448
28672
26944
73728
24224
24224
26432
24224
23424
72384
39328
22432
32832
64672
92992
46272
36832
23424
32448
39328
38272
84224
23232
48832
33792
23744
92224
27424
24384
22464
22432
46976
78464
22944
94272
43328
43264
22624
64832
68448
83424
36832
46336
62464
23232
82336
33664
22432
22272
37376
83328
32928
32864
36224
83264
23232
42272
46336
43264
23328
68224
37632
22272
27232
66432
27424
24224
72224
42368
32448
33728
67232
63296
73824
42432
42272
46272
23296
93632
47872
22944
93824
22432
88448
34432
37792
47424
23328
69632
28224
86336
23264
24448
64224
62272
27392
22272
64672
94464
74336
23328
22272
82624
43232
22784
28224
34432
22336
34432
29632
24832
23296
22272
42624
22464
22272
83232
42432
23424
92224
37664
23392
28224
23232
63424
22432
39232
36224
37472
24224
29344
86272
36224
43392
38432
23392
32736
24384
82432
47232
78272
37632
24832
62464
29664
87232
48832
23424
22272
33344
43488
89472
62848
44224
83232
23392
32384
37248
23232
43392
24832
72832
26496
43328
22848
29632
27296
72672
43424
67392
26336
42624
42368
44832
32896
63744
72224
47232
83232
22272
43264
74432
62464
34464
62272
82272
43392
34432
27232
23232
49472
73344
23296
72448
39232
33664
72672
48224
22944
82432
28224
82432
22624
26432
39232
82944
43328
22272
22272
46688
33696
93728
39328
32224
22272
74272
33792
98432
28224
22624
62272
64832
76224
22432
22336
24736
23424
84224
24224
62368
92224
23424
22272
33344
77344
62624
28736
48832
47232
34624
63232
36672
22272
32832
24224
23232
72224
28224
32672
34432
48224
88384
24224
64928
22272
84992
42432
92672
24384
47392
36896
22464
23232
27328
44736
67264
22784
33632
63424
39328
98336
22272
64832
44224
78464
28448
38336
43264
78624
96832
62432
23936
39744
23232
36224
24832
23232
62464
22272
63232
27424
33984
63744
82272
79264
42272
42624
22432
32224
22432
26272
47424
74272
22848
44224
44288
23424
22272
84672
22624
82432
92224
29248
24448
26432
72224
42496
74432
86624
84224
47232
38464
37344
73344
76224
63328
34272
92992
22272
26272
32224
24448
67232
37984
43328
33664
44224
32384
32736
23232
23232
28224
42368
24288
37664
26432
24224
78336
79232
22272
27968
62432
62784
42432
23744
44736
33632
24768
34432
42432
47232
43392
22432
36224
47424
63232
37824
27424
47232
93824
49728
22624
46336
82432
23232
63232
39232
23648
22272
23872
63424
37248
73632
38944
42432
42784
63264
93632
63328
27328
26272
46336
66464
23232
27648
44736
42688
24224
42464
23328
22624
68448
39232
42336
29472
22848
42336
22336
27744
33472
37248
82624
68224
22624
36224
67264
38272
62944
22432
38336
26272
23232
32992
26272
47232
42272
73728
32832
22336
46336
23392
27392
84224
83264
33984
22272
72224
43328
64224
96224
73632
86336
73632
42272
39232
63232
43232
23232
42432
92736
23264
72224
23232
74272
72448
27424
63424
39648
87328
73632
42272
22272
22272
44832
44224
92224
32992
32672
44224
72224
92224
82368
23744
22272
64832
23232
28224
23328
39232
66432
84224
23392
24832
88224
87232
28288
33824
42368
32832
24992
24992
26432
27232
84672
24768
22336
42272
84384
47424
34368
83488
43488
44864
22432
34272
33728
22272
43936
78272
32224
27392
94272
43232
28224
33248
63328
37792
73632
84736
47232
26368
92832
27232
48864
36224
93632
42496
29472
32832
62272
24384
33472
43328
88672
72832
67232
42336
83392
78496
32224
84224
38272
42432
29376
26432
49344
37632
32384
79232
23936
28224
22496
23264
44672
74272
28224
63232
32448
23232
39232
22432
73664
83232
44864
77824
86336
72224
44864
23232
32768
84288
22272
22848
29632
62624
22624
87744
42624
26432
32448
42688
39232
32832
62272
43424
93248
92992
23232
43232
74944
79296
39232
22432
43232
92832
47392
42624
62272
34336
27424
37696
39232
26272
79744
43232
63232
94272
72224
44448
36224
63232
34432
73344
42272
36224
22272
42432
22272
73728
22272
24224
72224
24224
22784
42624
39424
39328
23744
34464
92224
88224
43424
83392
22432
22432
84224
23232
72832
32224
28224
73248
62464
43776
44224
23232
27424
23232
22336
82432
23424
73632
22272
22976
32832
22848
38624
34432
28928
23648
76224
73344
26464
87232
29696
29376
42624
24992
86944
74624
34624
44384
33824
27232
94848
23232
24928
84224
24224
23424
73632
32384
93728
27232
47264
38464
79264
27424
42432
34432
38272
32288
66432
62432
32448
23872
28448
22272
26336
22336
22944
42272
48224
24896
37632
23424
93344
22336
23744
24736
43392
28736
39328
22432
63296
92224
32224
92224
43424
28224
72224
22464
27648
86272
29824
26272
22432
83424
34432
34432
22272
32992
28928
33344
23264
42944
27232
24448
22464
24224
82464
87424
22432
42432
74624
64832
74432
42336
72224
32992
47232
29248
47232
72224
24992
38784
22784
63264
24224
48224
83232
32288
62368
76992
73664
68992
23744
66432
94272
43424
73248
29248
83392
36224
43936
33344
43392
32672
22336
47264
22272
39296
42432
32832
32448
42432
63232
23296
64448
36224
66272
27968
82432
94848
43392
42496
86272
44224
67872
43424
23232
43424
26624
23232
42336
24224
22432
69248
79232
43232
22272
63232
27328
23424
72384
43424
27328
26336
63872
38432
23232
37632
63232
88224
22336
23232
22272
37472
32928
22496
62272
83232
43744
42432
37248
89344
62272
44224
33472
43264
42272
23328
28224
37632
67328
33344
92736
34624
26336
73792
32832
37248
22368
22624
23424
42624
84736
22272
83232
99232
22432
34368
22432
23232
32448
63392
72288
33248
88992
72992
46272
28224
99232
28992
32928
84736
23424
22464
22432
47296
34432
46336
44672
84832
22432
73984
22272
82464
32832
23264
26272
62336
26272
96224
42432
22432
84224
96832
99232
42336
47424
24736
64224
82336
82624
46336
32384
39744
92736
88224
23232
96224
23232
32832
32384
28224
43232
29632
29344
32384
22336
86784
22272
39872
73248
23232
43232
39328
24224
23232
32672
43744
23232
22432
74496
46624
73824
23264
22272
27232
63232
82432
33824
27392
83872
63392
67392
62336
26432
32672
27872
28224
73248
29632
34336
82432
72448
23872
33344
23392
29728
46496
23264
23328
73632
46272
32448
82624
87424
82272
97632
38464
83392
46464
43264
47424
86272
23232
48384
32384
69632
43264
24224
44224
32448
23232
22464
39232
27328
36928
69344
87264
23488
23232
43232
46272
73344
43328
23744
34432
69824
24736
44384
43776
22624
63232
36224
62784
27232
28928
34272
43328
42496
44992
92672
36224
77248
43424
23424
24864
36928
39232
22272
23232
22432
38784
47232
42432
92736
26432
83232
26432
93632
84736
23264
93824
82432
48384
24864
78464
62272
74432
32832
94432
22432
84224
32224
34432
23936
98464
62432
42624
22272
72896
23232
22432
32448
38272
78272
34624
22336
27232
23232
22272
64832
82432
72224
22336
96832
23232
93472
82336
32224
63328
96832
22432
82432
24224
93728
26624
37824
46432
43232
22368
44672
42624
22272
22464
32384
33472
22272
39232
72384
23232
82272
44736
46336
23232
42432
73472
82432
92672
92832
32384
22432
26944
86976
67328
23232
63232
36224
33344
74368
29632
43328
63232
28832
76832
37664
64384
72896
33376
69984
26272
26368
74624
37344
24832
48832
36224
22432
28224
36672
23232
66784
22272
43648
24224
37632
32832
76224
84224
63232
24896
66624
34624
36832
79232
23232
92992
23744
22432
22272
32224
84224
62272
24736
33824
32224
43264
24224
26432
27392
33696
23232
29344
43232
72288
22432
42848
42272
73664
66368
63424
28864
23232
23872
42624
28672
42272
23744
48384
72896
84672
38272
73376
27264
24224
92224
24224
26496
82464
39232
72384
33632
63264
33472
69824
23232
62272
24736
49344
63424
22272
43264
93344
42272
22336
23424
32832
93632
29792
33472
32448
23232
76672
68928
27264
23744
47392
23232
22432
24672
92224
64224
32448
33472
43424
62336
24832
27328
32832
24384
43296
42432
32224
23232
44224
22272
23424
34464
49632
28928
42432
28224
73824
38336
74624
22624
47296
94272
22432
23232
76224
63232
23648
44992
28224
66336
27424
79424
22976
44288
26432
74432
33728
63264
92768
74464
87232
27264
24224
73632
42432
44672
62272
42464
43232
87232
43424
42464
32832
23488
43424
32224
24832
33472
39936
36992
72384
32224
63424
88832
22272
42688
22464
83392
44864
23744
66336
73472
23232
22336
36672
26272
29632
82272
63232
27424
33248
34624
77664
74624
33472
23296
42624
66272
92224
48832
42432
24224
44448
43424
96224
22336
82336
73792
23392
68224
66432
48832
62272
67392
82432
47264
22432
23232
32832
22624
87424
63232
92224
24224
23232
67264
36224
23328
82432
44224
23232
24832
42272
32224
39264
62432
44384
78432
32672
23232
78272
72832
33344
42272
27232
23392
26432
32832
23936
23232
62496
22368
26496
23232
43392
62624
33472
63232
38336
42432
46624
43424
23232
22464
33344
36928
33824
33376
74496
32736
42272
63232
42624
23232
23232
66624
22336
23232
23232
34336
27424
47424
47232
42432
67648
29248
94464
22336
23744
23296
67232
32672
67392
23872
22336
93376
33344
24928
42272
26784
23328
34336
39232
32832
22272
74432
23424
27264
92736
38272
49632
43264
37632
84224
26432
22336
22272
93888
68672
39232
27392
22272
63488
23424
23264
22944
32896
26368
96896
82432
24832
68448
29344
44224
83232
37728
22624
83392
22336
83328
22272
46432
29664
26464
42368
78272
33472
42624
22784
63424
23744
49248
32928
36224
29824
66432
24224
23872
32864
42432
32672
26432
48832
39232
72736
83232
27328
92224
28224
22336
23392
33824
62272
36736
36992
72224
39264
34336
33472
36224
32224
68448
42624
73344
22624
23936
62848
43776
23328
43232
94432
83232
74336
62272
22336
33824
42944
64224
38336
72992
42272
92224
86432
63264
82464
23232
77344
43392
72224
44224
22336
28224
39424
22272
24832
79232
93632
33824
28736
33248
72224
82432
22336
33344
43232
62624
68224
32224
46336
47232
62272
34432
87232
43232
63424
47296
62432
62496
27392
26432
42496
22464
62272
83264
42432
26432
22272
42432
47232
24224
23424
89472
82368
22432
34432
23296
43392
23232
47424
27232
62624
87232
87232
42944
74944
23232
67648
66432
47424
23232
46272
92832
84224
43872
34464
44224
94432
22944
24928
24384
42432
23424
34432
32448
42496
44672
22272
33472
23232
22432
63232
39232
24224
36224
23232
23296
37824
22432
84224
23232
23424
22272
74272
23424
63232
73344
36224
29632
22272
33824
22272
39232
42944
32288
23872
38336
47232
43424
82624
39232
38336
42272
24928
73472
22272
66432
62272
72832
43328
24224
22432
63232
39424
86432
62336
22272
66336
24768
33344
49824
73472
32832
28224
24832
62272
23424
23232
63232
42432
23232
24448
27328
22336
43296
32832
72768
64832
27392
38272
67424
72224
29632
23296
33984
23936
28672
27232
22464
79424
23872
62432
