2233823232
2743928832
2926239744
2993424384
3787474944
3923724288
4433332224
4868622336
6423988224
6636324864
7223972736
8382793728
9329682432
9827346432
2279834624
2322228224
2727483392
3422222336
3464274944
3763868672
3892639232
3983338496
4278674432
4687422464
6446277632
6794642432
7923344384
8372734976
8434279424
2223327232
2368479232
3729424384
4222222336
9722847232
2436282368
4426938368
6842267648
7464679424
2439328768
2829497344
3764276224
3837432832
6243472384
9382239232
2244636672
2374692864
3242422272
3328438272
4232638464
7249477632
2248346624
3334249472
6727322624
2398324736
2434322432
2922364928
4984933376
2427747328
2643982336
6444393472
8792372224
9227828224
2244667392
2448267264
3924283392
4383627264
9348323328
2426933248
3288223744
6323642368
6887993344
4863224832
6293842944
8424287232
9826322432
9838266368
6724277248
2336223232
4767643648
6243383296
7294449664
8324282368
2868286464
3222623232
8374772736
2224369664
2678239232
6273363968
2897332224
3292726272
8668243968
2376338432
2463429632
3222864896
4232348672
6936433664
8337247232
8928822272
7237392384
2323994624
7492732928
2467382272
4296297472
7344489472
8999222272
2362933248
3224887296
3372942336
3634962432
4642234368
4729823232
2844792832
2682343424
8224329728
3644222464
7346842624
7272927232
2346473472
4886633472
2267322368
2634266624
8347449344
2244882432
3342623744
7972827392
2293684224
2633422848
4747333632
6332393472
3244946432
3794367488
3822236672
6228276224
7389492224
9236323328
2264287232
6884378624
3263224832
2824466432
3276329792
3496373248
6424628224
3337243392
8223246336
2233483264
2382782464
2933323264
4628242432
6299273728
9673622272
2279826432
3864886272
7327632384
7327734272
2242622464
6333327232
2222239232
3264223232
3792244736
7737367232
7934737664
8222283776
8362293248
9992267264
2343729664
3479779936
4246672384
4823962624
7226933248
7399373824
8496722944
2272223232
3873733632
4446793728
4727227392
7463632896
7763226624
9726262272
3444287488
4967222272
6624692224
3733822464
3879373632
8642282496
2748342272
2829627392
3226763264
7462879232
8328372224
9646628864
8349279232
2229686272
2324242432
2423222272
3462897664
6324963328
6447222784
7747276672
8422838272
6474322944
7743924224
2279663232
2324732928
8227774464
2326286336
3392282624
4242873344
9333644288
3242297344
4844222464
3422263296
8433397632
4342376448
4788283392
6927243264
7782672384
6222777344
7242324992
3623493632
3672762368
2263438336
3329434624
7332726784
7326732288
2344927232
2322322432
2694326272
4233227776
4862482432
7829223424
3926478336
4273972224
9344233472
2422843392
8278247424
3632227328
4626228224
2468327424
3223262976
2229363968
4327826432
4937464832
7833247232
3322228736
8322424832
3338399232
4732729344
2243474432
3697332224
4436363264
6327486464
4287627264
8622833664
2278733824
2234622976
2824244224
2933343232
7234834432
2742772224
6222646272
2232927232
4234343424
6249882624
7337643936
2627282944
3264292864
3649733632
3927844864
4246349824
7346464768
8439998464
9687476224
3447493632
3492283392
3784246272
8934239232
2284347392
2294964224
2383437824
2629394432
8266932224
2372222976
3734329344
4367772672
7243233792
2262299648
3223786496
4394292224
9332363264
9349999232
4224372736
8732987392
2388344832
4876222464
6344884224
6878932992
2647273472
7336844288
7434386432
8844434432
2272786432
2432923648
9292724224
6246477824
6432272384
9346343936
3643423744
6222439424
4344436736
7326439424
2322322432
6383924224
6922728448
3239743488
3964342272
6782226432
4327237632
4733663232
7769662464
9232794624
4444724224
9328466944
2933274624
3233739264
6624282624
7622264832
8233396224
2636229632
4763743232
4232298496
2832274432
3424333824
3722932224
6434763776
2437873664
4247822336
3662332672
2484342784
3846836224
2426292224
8874932224
4236432384
7326262272
9372324864
3743926272
2937273344
3233383424
2426232832
2323774464
3732344832
6642932736
2223736832
2224483328
8222772224
3478838272
2366646272
3286329344
3327479936
3337422848
3732236288
9243367424
2422776832
2887263232
6268724224
6726243328
8722373632
2223439872
2732923392
4397236224
9274343424
9374992384
7427638272
7362228224
6463839232
3693773824
4772833792
6846226432
2662923264
2774337792
4392927744
4487862272
7327422464
4234727424
7242292224
2434873344
4622332928
4938847232
8223429632
2442293248
4637323264
6932293632
2722962432
2229837824
8732647424
4434228224
2799648768
3482443776
2228722688
2442386432
7333428224
8634382336
6944436224
2733877248
3249462272
8297268224
3246823424
3863263232
8972342272
2887962624
3334239232
3293242368
4329439232
3342733632
2269472768
4422367232
3728744448
2233882624
4622669824
7347226624
8436447232
2439932928
2833396736
9334377984
7373222336
9234228224
2683834368
8363922432
2642277632
7784679424
8323483648
3247243264
2227894272
4232927232
2237479424
2333497472
2433434624
3362262272
3347326976
4647888896
8289462272
2487263232
2296722432
6222793728
3329247232
3392446976
9722729472
6443282432
3923343232
3964493824
6323794432
2232377344
3883239424
9229332736
6224933376
6234324992
4627986432
8238222336
2224692224
3687824384
4277243392
2332944384
2773837824
3232223232
3973244928
4823647232
7824229376
9273426944
3449823232
4742324224
7494836224
7829266432
2274793472
9246734336
2267444224
2374668288
3262943232
4492726272
3783243776
9244442624
9323239424
6246243328
8222964736
2274834432
2982623232
4442437632
3493347328
4433932288
7224334336
6724242432
9772434432
8978962432
6294623232
8932242432
4222373888
7734923264
9627343872
6887327744
4228277248
7926239232
2834322432
4822324224
2232843264
8248334336
3439392768
4977234944
3738232832
3383263232
6374223872
8283262976
3464247296
2623649792
2832668672
3222837248
3268622336
6722742272
7263868928
8937326336
4636263424
8244327424
2822836224
6242783232
4636444672
4296223744
7847222272
9722223232
2733242368
3642474496
6464229376
2833333248
3226363392
3278244864
9222633792
6282748928
2222866432
7249272832
2728297472
8996663296
3342823424
3462262784
2676323328
3386422272
2373342272
2922343424
3234424832
9238243328
2268263424
9473247232

