23232
28832
39744
24384
74944
24288
32224
22336
88224
24864
72736
93728
82432
46432
34624
28224
83392
22336
74944
68672
39232
38496
74432
22464
77632
42432
44384
34976
79424
27232
79232
24384
22336
47232
82368
38368
67648
79424
28768
97344
76224
32832
72384
39232
36672
92864
22272
38272
38464
77632
46624
49472
22624
24736
22432
64928
33376
47328
82336
93472
72224
28224
67392
67264
83392
27264
23328
33248
23744
42368
93344
24832
42944
87232
22432
66368
77248
23232
43648
83296
49664
82368
86464
23232
72736
69664
39232
63968
32224
26272
43968
38432
29632
64896
48672
33664
47232
22272
92384
94624
32928
82272
97472
89472
22272
33248
87296
42336
62432
34368
23232
92832
43424
29728
22464
42624
27232
73472
33472
22368
66624
49344
82432
23744
27392
84224
22848
33632
93472
46432
67488
36672
76224
92224
23328
87232
78624
24832
66432
29792
73248
28224
43392
46336
83264
82464
23264
42432
73728
22272
26432
86272
32384
34272
22464
27232
39232
23232
44736
67232
37664
83776
93248
67264
29664
79936
72384
62624
33248
73824
22944
23232
33632
93728
27392
32896
26624
62272
87488
22272
92224
22464
73632
82496
42272
27392
63264
79232
72224
28864
79232
86272
42432
22272
97664
63328
22784
76672
38272
22944
24224
63232
32928
74464
86336
82624
73344
44288
97344
22464
63296
97632
76448
83392
43264
72384
77344
24992
93632
62368
38336
34624
26784
32288
27232
22432
26272
27776
82432
23424
78336
72224
33472
43392
47424
27328
28224
27424
62976
63968
26432
64832
47232
28736
24832
99232
29344
74432
32224
63264
86464
27264
33664
33824
22976
44224
43232
34432
72224
46272
27232
43424
82624
43936
82944
92864
33632
44864
49824
64768
98464
76224
93632
83392
46272
39232
47392
64224
37824
94432
32224
22976
29344
72672
33792
99648
86496
92224
63264
99232
72736
87392
44832
22464
84224
32992
73472
44288
86432
34432
86432
23648
24224
77824
72384
43936
23744
39424
36736
39424
22432
24224
28448
43488
42272
26432
37632
63232
62464
94624
24224
66944
74624
39264
82624
64832
96224
29632
43232
98496
74432
33824
32224
63776
73664
22336
32672
42784
36224
92224
32224
32384
62272
24864
26272
73344
83424
32832
74464
44832
32736
36832
83328
72224
38272
46272
29344
79936
22848
36288
67424
76832
63232
24224
43328
73632
39872
23392
36224
43424
92384
38272
28224
39232
73824
33792
26432
23264
37792
27744
62272
22464
27424
92224
73344
32928
47232
29632
93248
23264
93632
62432
37824
47424
28224
48768
43776
22688
86432
28224
82336
36224
77248
62272
68224
23424
63232
42272
62624
39232
42368
39232
33632
72768
67232
44448
82624
69824
26624
47232
32928
96736
77984
22336
28224
34368
22432
77632
79424
83648
43264
94272
27232
79424
97472
34624
62272
26976
88896
62272
63232
22432
93728
47232
46976
29472
82432
43232
93824
94432
77344
39424
32736
33376
24992
86432
22336
92224
24384
43392
44384
37824
23232
44928
47232
29376
26944
23232
24224
36224
66432
93472
34336
44224
68288
43232
26272
43776
42624
39424
43328
64736
34432
23232
37632
47328
32288
34336
42432
34432
62432
23232
42432
73888
23264
43872
27744
77248
39232
22432
24224
43264
34336
92768
34944
32832
63232
23872
62976
47296
49792
68672
37248
22336
42272
68928
26336
63424
27424
36224
83232
44672
23744
22272
23232
42368
74496
29376
33248
63392
44864
33792
48928
66432
72832
97472
63296
23424
62784
23328
22272
42272
43424
24832
43328
63424
47232

