4224288768
9872443392
3634783232
7898768384
2262286336
6222364672
2226377728
2327284736
2833424384
2377242624
2632338432
2723687424
4346293248
4673379328
3423926272
7722386432
8632779776
3228428288
9247924224
7322266624
3268476928
6292283392
7227469824
8343263232
3624423424
9236799232
2238347264
6474463232
7343444992
4232884224
8247273472
8278239232
4372692992
4888272896
2274783232
7634233344
9427273728
6724747264
4342324224
7692447744
3247374336
7622836224
6643738624
3332342784
4862222336
2962322432
4462262272
3632782336
2842793984
2242229248
4246327296
3866232832
4283278336
2324383744
8266866688
7229297664
6293372928
9222623232
2232223744
4463327232
2443326464
3293236224
7663284224
2443282432
8326776832
7242727424
3278263296
2392332288
7222329344
7944244224
2476639232
4232397824
8987623424
4373343232
3838222336
2473662464
7222674432
6723382272
4924827648
2282292224
2733236224
3844277248
4273733632
7394893824
2229262336
9244726272
3723363328
2222266368
3472398336
2434484224
4673972224
2477343744
9744233472
2942222336
3846463488
2243262464
6622646272
3239647232
8426422272
7823374336
3923636224
2324762624
4987446272
2223843328
2249767936
6294283264
3243239936
2343399424
2432232448
2344372224
4868327424
7223324672
2344287232
3222923264
6246672384
2224232448
2662689792
4243423232
4424474624
2986422272
7276346368
7222247424
7242932224
2624822272
8267339776
3244342272
3347767296
8843487232
2664372224
4923732992
7766247424
3244233728
2946239488
2974222336
3447998464
4233372672
7824244736
2433972224
8342239232
3282233344
4237748224
7243367424
3232227328
7392233472
6738622464
3427226624
2397243392
6234293248
7247286272
8937273344
2923743232
2233227264
2722486272
4743476224
2722629632
6273266688
8343222272
9633379328
6784362496
9242294272
9693238272
7443262464
6324242432
3826997248
3983476736
3323367424
6477622272
3466427392
8222644224
2628634624
3272373248
3763282944
9346443264
2374436864
4333242368
8383444992
2343222272
2297227264
7277972992
2323226624
2436242432
7462623232
3228468224
3342267392
3626272768
2333726336
4339474432
2273294336
3447288832
8244297728
9284747264
2866783232
7642232832
3242984448
4432223232
2737332224
8239327232
4272282624
2324222976
7789326336
2298343424
4293343232
3639732224
2482443264
3227623424
8249628672
2728722432
6496223232
3622682624
4832823296
2372329472
2324842496
2687926272
2347343872
4623327232
3842742272
2237724672
8923932672
3272722432
2626234368
2793449472
3826962432
6422326272
2229236736
2744293376
2824287232
4372447232
4834373632
4288632832
8226362368
2922422272
7333924864
4233232384
3222462464
3938742272
3332622336
2223648768
6368436224
2298962944
4924428288
2374222848
3447322624
4792433664
3427873792
8249447424
2327962624
4762324992
8226282496
6384232448
2436882432
3634322432
4423226368
8283292672
2362267648
3472442368
4422347776
2722373632
8768948224
7628664832
4422262784
2972342272
8832292864
3332472832
4273334272
7832722432
4222746624
6486243328
3623323648
3834638336
2727399424
7422226432
2963743232
9828242432
3492447232
3744446464
6747743232
2728397824
2264424448
2674228224
3988724736
6622362624
7872223232
3273823232
2869343232
2732442624
2362422272
2334222336
2663284736
9232932864
9474377728
2773438464
3262393344
8392374272
4427794432
6374776832
7222887424
2332237824
7627382784
3367442432
7428622336
4243483648
6762299392
3228342272
9243833344
3239442432
2327422976
9332662272
3422226432
2393823232
3233247232
6927333632
3823244288
3967627264
4248379392
7974836224
2484276224
4622482432
9426233344
9236223232
9282486272
8427623424
8427292672
3328923648
3236276224
3323237632
6228348928
7822628864
2262772736
2643666944
2237277696
2224636928
3326646272
6272274432
2246324224
2982879232
8223824896
9392837632
4442642432
4727732224
6223924224
8244926464
2434322432
4728346624
4737332224
2242772992
2726623232
9696272384
4623327232
9828622336
2493328384
4722322432
7423464448
8248722432
8323233792
4399327232
7438244864
4324286464
3229667328
4222222336
6342633472
2342623232
4247322624
8243474432
8292276224
3378794496
9722232832
2234422272
6226233344
7292229632
2862393344
7823934464
2992479232
2423324672
8222226432
3798327296
2394932224
7623222272
3762444288
2342324224
3223647232
6296224768
3424223232
3893332992
2274424832
3864244224
7622327296
2422928384
3322983424
4723832832
9827423232
7728336896
3629339392
3822644224
3648223232
8744423424
9782642688
4699384832
2222226432
3674292224
7342288896
7623237632
4282292224
6272223232
8337272832
2922268672
3223227392
2227892224
9432629248
2222746624
2367644672
3236626432
4386322432
7223734272
9629836288
9672244224
4427469824
2223243264
4266983424
3784824832
4282463232
4937242624
4283493376
9364283392
9872479232
2324967424
9429993472
2422623232
3894239232
4963342336
4333722624
7776743424
3222376448
2494393344
3232233472
2934239232
3629283328
4223796224
4388327424
2864362496
6322443264
9228342272
7283897344
2348367872
2322228224
7824223232
2384338944
3744284672
6634422272
7766623232
9334264832
4486223872
7234868224
2423324672
7842332672
2232244224
2493263872
2822326272
2336822272
8722787328
4676882432
6823222272
6434622464
3384246272
3626232832
9243787264
2323724288
2263733248
2437223424
6673462272
4223327232
6733622272
8247263232
6726223872
4229343232
3222796288
3422226432
3322422272
2276728832
4422239232
7292434432
3676944384
2333432832
6333236224
2327826432
9866294272
7362443264
2746232832
9222326272
9896223744
4229646336
2743223296
6232423424
7642723328
4443922432
7322932224
2266343424
9362972672
7242292224
6664628224
3744223232
4633823232
8333492224
4393443328
2263263232
3423847424
2298344448
3263783936
2424334336
7683679232
8849332224
2729362432
3634296832
2433466368
3222223872
4373942272
6646863872
9627326464
3263329792
3232232448
2398932992
3246389248
2343839744
2434424832
6346266624
2222364672
4223823872
2424628224
9792822272
4337342464
3727327232
6442642432
7623222272
7923423232
2847924224
3966736384
2744373248
4233483264
8273844224
2238772224
2662376448
6676238336
2323277824
3834394624
6332368896
3222249472
6234232832
8233334784
3263722496
2233739264
4229343232
3763387392
4337477632
3223826432
2722664448
7262326784
9442228224
2249294848
3437264896
8976248832
6642996224
2492428288
2742879232
2842382336
3734687744
3933773824
9332222976
9686243328
4332434432
6422623232
9223476224
2277266432
6227723264
2826938368
7232743424
6638262272
2249228288
8227382272
4287422464
8247322624
2364647424
2496272384
4932732928
2622222336
2272922624
9439284224
2222262272
3848377344
3333223424
2362482688
3723749376
2226399232
2223327232
7276639232
3646347264
3322339328
3323323392
2484922368
2942442496
4323448832
2643283968
6433437696
7344223232
2942322688
2243723264
8248824832
3633332224
3298424832
8788323328
6293223424
3329384448
2634422272
3232479232
6292344832
3243743232
2334226432
2323483648
2674322432
3272379392
9343248384
6764222464
7973262336
2632433664
9233384448
2237328384
9473334272
3232274432
9747433472
7287647232
3272722432
3672287232
4246889472
7692263424
6838392832
4626322432
9329247232
6842437632
6622373376
6736274432
3232223232
4222224384
6283882496
2972767232
2394293248
2442723328
6328223744
3268472832
2694324224
2287762432
2946422784
2249362432
3222222848
3342772224
2386322432
3428732928
3424272384
2463992832
4432722944
3793938432
4396982272
3223442432
2444343296
4323344384
2274228224
2474294272
4242279424
9744274432
2966239232
6399374336
6773489664
3226382336
4344287232
9372383232
2233247744
9226346496
8726392832
3394292736
2334644224
6633227264
2423733248
6833462272
4224284672
2262623232
2482228224
3363329792
3323326464
3793334272
3628233728
4944483328
4632223744
4267278336
3322423296
8232287232
3694647296
2466234368
4296372224
2984228864
6246926336
3942623232
8224826368
7332793392
4434844672
4283922432
4783243264
9724263424
6469343232
7693323264
2633362432
6432223232
8927883264
8762236928
2972836864
3333637376
9272633344
6394386432
4892299264
4773343232
7646222336
4367732736
7336722432
2736799744
2364648448
7497322496
2234422272
2366263296
3437324288
2462687232
2327222272
2683469824
2884882432
2672466944
2742324224
2763833344
4922492928
4423442432
8249724928
9363282944
6329483264
2676342784
3322484736
6283333632
3272927232
3742234624
2223224832
4247263232
6232373248
2722424832
3279839232
6382823424
3634878464
2622326784
2662623232
9326226432
2792824832
2394232832
4232937472
2223294464
3347342336
2263742464
7283636224
3426367488
4423742464
4932624384
4427239424
4282232832
4639644672
4378932224
8492263424
4932384768
4427323392
2829882368
9224844288
7234942976
3424292864
3432722432
7343632384
6236393472
9423924224
7366469632
2433642496
3386294272
4222738432
3762373632
4237326336
2222388224
4672274432
6896233472
9724223488
4449247232
7332276224
2346744832
9246262272
7749223424
4923922432
7272334336
4243382272
4242834432
2232246272
3224743936
7934687232
3938742272
2733723392
2662367232
2224333824
9274423296
2623762432
6922676224
2763623424
9222729728
6422239232
3427723264
2222773248
9682424832
7228923392
8372242432
7633332224
3942733824
9288249344
9432372736
2424378368
6762473472
8922727424
7283482624
9327222784
2662989824
7923333632
4947423232
7438277632
2292323328
2832786432
6229343232
4222777344
7342226432
3842322432
3379472384
7476242432
3376223232
9646362624
3923474432
3747423232
4326349824
6443973632
8768743424
3422943232
7494264832
3466232832
7327732224
4344293376
7233342976
3734324224
2332767232
2346463232
2493622272
7922322432
8276662272
4262838272
6976223232
4224233472
3243444224
4432232448
4234676224
3393622272
4623337472
3344223232
7367836672
2249273344
2333287424
6622826496
8844347392
8742283264
2274932736
4222234624
2323236864
4234266624
4872332288
7832287232
3822262272
8726247424
6232223744
2332229632
7492734976
2626486272
2932447232
6346422272
8864722944
4736223232
6223243264
2232372224
2222772224
2344338432
6647322624
4394294272
6239244288
4327442432
3222633472
2422837248
4392423424
2244472832
2847228928
7723343872
4942492672
9347423232
6743222272
3274293248
4222328832
3242232832
7322384384
4422324224
3227674624
2623634432
4268946432
2624333824
3644427264
3838862336
4492767232
2692943872
9273362432
2976233472
3682229248
2343483392
3483828224
4423328768
3344274432
2222239744
6462277632
6232633344
4263333888
4323892224
2294478848
4973672448
4268229632
4467689472
3243323392
2224924672
3334324224
6428833792
2324342784
2723262464
2449276928
8722234368
6662674432
6333432832
6447376384
9739423744
7327797248
4322322432
3683382272
2342223872
9642232832
3348236288
2333968384
9267423232
9222298624
6926862336
3233234944
3324747776
2493338624
2432232448
2986932224
9338422272
6624223232
3342687232
4632244224
2772223232
4262223872
2264393728
2428924928
8942262272
6222332928
4822329344
7776462848
7922868224
3424863232
2333727744
8322843648
2232886272
4642847744
7439839232
2234984448
2827296768
9223274496
2439393792
2782823424
8728249344
7489247232
2244472832
9342732288
3272287232
2632372224
9334836224
4348726272
4362422272
6874292224
2323894272
2643636224
2392244224
4996626432
4629767936
7287222272
2232348672
2267922432
2342692864
2433722368
8244447232
6322742272
2346292224
2248972288
6492478464
3433739264
3632374272
2784223232
6473373696
3232692224
6442297344
7332788224
3244222464
3734648832
9384372224
4232287232
3223348224
2223224832
7223222272
8226228224
2773233664
2243342336
3669624832
4982327296
6239932672
2746386432
7443227648
2794232832
3724643328
2233332224
2222797824
2622324736
9223222272
8223244288
9642642432
3393823744
2224863232
6269236224
2494326784
9847822336
7742237696
7662633472
6232332288
2234394624
2398746624
4223243264
8299292672
6272232448
7276222464
2286646272
2489362432
2736267264
3226298368
4937422848
4743222272
3289833472
4743742464
9322266624
2422222848
3436324864
2344788992
2972237824
7224249344
2227944448
7322344448
3322423296
4324238336
6277434368
2237432832
8727732224
4233278464
9228468224
3378399232
2426232832
3928484864
8222844928
7333223424
3292237824
8337339392
9672372224
4424334336
7222627328
2222823424
3486226432
8442934272
4964323328
4663222272
4284243968
3392863232
2773223424
3492242432
9237428224
3334324224
7222377472
8747922432
4272234496
4382388224
3623723392
2724677632
9227487232
2943378432
3648223232
2266949632
3947368448
4342243328
3334284288
2224223232
4722249728
4326367232
2242742272
9283774464
2229343232
4333323264
7744223232
8222222336
4664976384
9422262272
2862826496
3276342272
7736274432
3739282432
2872276992
8243346432
3222623232
2278623232
2632937472
9782228992
2267623424
6624628736
2843624448
9336843264
6423222272
2944724992
2482229248
4326428672
4729767936
2326473728
2837439488
2828726272
4338699264
3927323392
8223327232
2897298432
2223642624
3629287424
6772882432
4772368384
2333622272
3336628224
7232284672
8633833472
9424282624
6626322432
2464223232
2294324224
9789748224
6333772736
7232227328
2422247424
2436849664
2324927488
3732623232
3889722368
2222646272
2242463744
3362783232
9326348288
8932923392
3393492992
8422373376
3426322432
4293433344
4622262272
3287924736
9343372288
3422347264
8924342272
2923239424
7773323264
2826727424
8943243264
2237364224
6844237824
2263877632
2277264384
4223628288
8643239936
8322279424
4229223424
2236263424
8323892224
7646738432
4273332224
4832463872
2246843392
4273334272
2426339328
7676242944
2249234432
3294328832
7663246336
4326799232
2392223232
8364242944
2222362624
4228943872
9284793344
3267764224
8464436224
4322742272
3348494336
8272442368
3744843776
8278623232
2223289344
9724383232
2276662272
7626239232
4272223232
6986642432
3263422464
9286223872
2737393664
2243892224
7472223232
8222943232
2222393344
8874983424
3222429696
7629328384
2332383232
3222689792
2323892224
2336693632
7826228224
2372364288
4662674432
4232244224
8627423232
6822324224
3383348224
2373274624
3672223232
3723387392
7646226432
2224439296
9222263296
3343992832
4248287232
4223926272
2324242432
2234847232
4828372992
2838222848
7222623232
3633444864
3343736832
3262482432
2283384832
2272233472
8864632832
4326239232
8342329344
9226422272
7639926272
3463223296
3632932864
8682292224
3362279424
2323342336
2233823232
6322783232
2934839296
3222943744
2433893376
6234422272
2337972224
7828242432
6423222272
2922232832
3826842624
8622364672
2684434432
8792246272
6478773248
3262928896
3836237824
4299333632
4274622464
2822373376
2829432832
2994663424
6366324736
3222396928
2762676224
3328462848
2722834432
7637223424
2224333824
6282829824
4384468992
6867738624
2284434432
3243497472
6838329344
9462776832
2644429824
9222623232
2722422784
3974428672
4373323264
8636862464
3228434432
3278772224
4273333248
2832229376
9882463232
3767263232
3242422272
3286228992
3424438272
2362636288
2227467264
6283323392
7326226432
2344338432
7462324224
4222222336
3269624832
4232372224
3336372224
9423327232
8783224832
4332342272
4477663232
7763342336
8892434432
2272479232
7879222272
3293364224
6263222272
2338332672
8723472384
3622426624
9928824832
7682279424
2277226496
9433669632
2646623232
3972762624
7792863232
2222932992
3729422336
2483423232
3264489472
7372393472
6622324736
2269364224
4693983232
7323237376
7372942336
4322384896
3843723264
2924222464
3227963392
2262239232
3249426432
2362382336
2923747328
3293323264
7292233728
3232223232
2222442496
2398646272
7822732288
8227227648
4328679424
7277374464
4224223232
4492662784
2247263232
8343647232
8824927232
2382222336
8924242944
4279349248
4222949376
4226332672
8282847232
4727647232
3462836224
2223224832
4342667264
2328733696
4246462464
3233343488
7443943424
2689934336
3263243264
4422247424
8286774272
2274792448
8376244224
2674827264
9262482432
3374363648
9423337472
3687322624
2439422976
2389274624
4243623936
8224822272
4843237376
3248333824
7229289472
8232372224
2646836224
2844273664
3338382336
7332242432
3796662272
2349432832
7382433792
2732324864
4334222336
7227249664
3393767424
3639222272
2637623296
6344224768
3322294272
8248444928
7427484672
7246226432
3238223872
7732297728
2286324736
9622838272
3382226944
2283423744
9266444288
4247478272
9296666624
2627638272
9333223424
3643732992
2723342336
6933942272
4472246272
2227433472
6232633344
7369733376
3838478336
9798623232
3262968832
2622492672
7242232832
3232784384
4469496832
8943346688
2623693824
6934462464
2342623232
9332242432
4364229632
6293839872
3334376448
2997262336
4633823232
4692283392
7266322432
3223327744
2623386624
2439222272
3682962432
6242373632
4762292224
4322783232
2227226624
3738343424
6288227328
3426783232
6864436224
6428284928
7442743296
4222437376
4223243264
2986293248
7262222336
2462693376
9363423232
8964328448
2384822272
2222224384
3433242624
2362396672
9276383232
6223284224
3267764224
6424372224
2329293824
9436342272
8293374976
8822672384
2844623872
4424822784
3362972672
8446226432
7426832384
9233422336
2336628736
2327322624
4333236736
6222362624
4323364864
7497332736
4346934272
3237686272
8838843392
6729362432
6244662272
7423772672
2243282944
4236263424
8787226624
6293223424
6424848384
2422243328
2946962432
9422267392
3426322432
2364342272
2763999232
8632423424
3233437696
2933274624
2632927232
4436963328
7238239232
3272638464
4642972672
4369444864
6224863232
4332836864
9893343232
2343732224
9282484224
2983476224
7626932224
8248474624
2282932224
2234829824
8777332736
4433422336
8682266624
6622244864
2467467264
3733428224
4749432832
2492342272
2423222272
8627683328
7228346368
2792298496
6838367232
2742627328
2424338432
4224233472
3874443264
3392223232
2472393728
8622262272
3663333376
2342623232
4333279232
9727327232
2666723328
2923282432
2426343424
2943222784
8684493824
3922747392
9222644736
4832223232
9342362624
2262966272
3382477824
3244668928
9773842432
9822644224
8326667264
7773328384
9232223232
6382222336
2342367232
4642322432
4332263424
4429627392
3274932224
2232244224
2962233344
4222234624
6244447232
7224244224
4446738432
8424348672
3227922432
3677364224
2222442496
2934367232
2234292224
2422392832
2294264832
2222328832
2238224384
2422733824
3223332864
8272692224
6224794624
3732622336
6823222272
6432722944
7224722432
9482232832
3684327424
3432884224
4374243328
4246247424
7424223232
6697677824
3282292736
9223227392
8274229248
2262247424
2262329344
7382283264
2223327232
6972427264
2449844224
2273462272
2834834432
3662234624
3363432448
2747626496
3926883328
4774223872
4922727424
8622649344
9223273472
4326863872
2386322432
2344287232
2229428224
9932342272
2924239872
9328822272
2222277632
8262923264
2224722944
2634343424
9324639232
4223463424
3639732224
4733236224
2938872832
8343222272
7227367424
9222836224
7222326272
3226232832
3386273792
7383332864
8492643328
8666676224
8224274432
7434232832
2722844672
3227829248
2739339264
7272722432
2263947264
4364284928
7226232832
3846823936
7224374272
2726243328
7662482432
3326362624
4224489472
8224837632
2223327232
8229733376
2428827648
6428434432
4363999232
6287437824
2223243264
4727793664
3322422272
4292634624
2767627264
8624948224
2327223296
7726262272
3229672448
3423433728
3364922368
2226332672
4873227264
2292432896
3298623488
9647429632
2822324224
2432223232
2278324224
2224438272
2383423488
2784223232
2322444288
7473467392
9623222272
2339637248
8392287232
2927243264
8367224832
4634322944
7836264448
2232287232
2846234624
3343627264
2266472448
2339333632
9643423744
2232332288
7332634624
3328223232
2666422272
2647222272
7443487744
2276622336
4432292864
4836788224
2224928768
3337234432
3226272768
6646499328
2432223232
4469433344
3474893824
2267342848
6393362432
3332344832
2326672384
8379322368
7842932736
9322729472
7734324224
4496283648
3633394688
6428428288
3233342464
2722322432
4443469824
3362664448
3742332672
4323444736
6362932224
3622377472
7274422272
2733436928
2823442432
3243833344
6426236928
6727779328
2687924224
7222633472
3362228224
7232822272
2262223872
2833332224
8222222336
6278623232
2828724224
4726222848
8936822784
2283922432
2384739328
3746322432
4723382272
4242792448
2832372736
6466332672
4873234432
8322322432
3264223232
3443623936
7223647232
2262482944
6624372736
3622633472
2434332672
3242723328
3443423232
2324922368
8424927232
2483423232
2222633984
2643723264
8696373248
3222469632
4444229632
6374262784
2262623232
9277364224
7728786432
3478627328
2323232768
2293433344
3322847232
4722827264
2342426624
6329742336
3834642432
3243728896
2482484224
2342324224
9272223744
9233466368
7262226432
3228222464
6223224832
8473874432
4373428224
8248274944
2622267392
6928739328
2232229376
2877432832
6286262272
4862224384
3422947328
2237883392
6722322432
6484626432
3432244224
4382823424
6774243328
3622623232
2238646272
2922324992
6326994944
9427724288
2337974272
2462224384
6648423424
3422326784
2423742464
3827427328
9372323328
6227636224
2373733632
4244624384
2344927232
6829944832
9424437248
3963348992
6728223744
4662329344
2323683328
3372233728
4992227328
8423227392
4322443264
3838262272
2462267392
6428442624
7242423296
2243226624
4337337344
4473744384
2327732224
7463836672
8948293632
4743288832
2647732224
6343267328
3274642432
4743988224
6242322432
7244862464
9876662272
2233242624
3994343424
8432284672
3432634368
6328383488
2644982784
3376223232
3438928896
4222687232
3733837824
7873333248
7722422272
2279482368
4823734272
4262948864
8222887936
6833422336
4262842368
6274484224
3268732928
7446426624
7822943232
7424722944
9944244224
8432223232
6333622272
7234279424
2342288384
7323327232
2234379264
4724447232
8423327744
9424823296
3964383232
4723427328
2392679424
4376374272
2434228224
7247722496
7326482432
2272223232
7223322624
8327222272
4337332224
6422222848
2422228992
9482422272
3742277632
4346232832
9922322432
8366823424
7332732736
2983733248
2644634624
4834228224
8933223424
7682238464
6848223232
8246388736
2222968832
7732242432
6272223232
6929422336
4977332224
6423222272
3422393344
3432233984
4378463232
3684882432
7747423232
6422243328
2243638272
4732442624
9226232832
8227894272
9328283648
2722383872
3442962432
3846223872
3286329344
2222326784
6288223232
4336246784
3479399424
4392722432
6343692288
2327322624
2933622784
2784722944
4364222464
4442232832
3262277632
2294226944
4372242432
3383732224
6239222784
2293983232
7463227392
2332342272
2678776832
7322232832
7624423424
2287224832
2232223744
6622224384
7236363264
4844383232
8226322432
9332276224
6622393344
6746239232
4843444224
9284882432
3239493632
2238927872
2332237824
2392682496
3962292224
4296722432
2273334272
3722343424
7238943744
2929332224
3463883776
7262236672
9693492224
4622222336
2223634432
2243636224
4222367744
2662926336
9333727232
2238226432
4742623232
8923423744
6223642624
6237669376
8284639232
2462332928
3992793344
9839284224
6233423872
7884434432
2742239232
4872372224
4366226432
3287732224
3223779328
2287992832
9263286272
7432423424
3776223232
6626362368
6343332864
2263227392
3864336384
7839924224
2327892992
3278866432
6224948224
9472922624
3266228224
6336483328
8882322432
8392773632
2944863232
4224284672
9232232448
4972622848
3334223872
2642422784
4992223232
4822324224
2283743232
2262623232
6286236672
3244242944
8239224832
8382492672
4324242432
6732342272
3239272448
2326648832
2362423296
2249439232
4446332928
8233234432
2344246272
2632927232
2827423744
3722622976
2399248384
4332664832
4442932224
8332342272
7922386944
2624227328
4349432832
4272922624
3723444224
2432233472
2229428224
8222332928
2429663232
7323242496
8662324224
2792423424
2364383232
6466622464
3276329472
2232223232
2396327424
4663822336
6433276928
3343327232
3624372224
3362228224
4274228224
2222927872
6676242432
4383248384
4326924288
9646262272
8762292224
7273232384
2727222272
3624423424
2692242432
3329294336
8764223488
2722366464
4226678784
9826486272
3973223424
2422623232
9363226624
6392474624
4282343424
3693723648
3922229248
7328462848
9772639232
8222286848
4962622464
6224822272
3722427392
3682228224
2743222272
3283346432
6342473728
7623733248
2223693824
3734772224
2394292224
7936822272
3278222336
6733247488
2442423296
6224949248
9322727424
3462923264
2624863232
2642233344
2334226432
3246226432
4922422272
2864922624
8227299328
4222226432
2382236672
6374268928
4227226624
2239924224
3232847872
4673332224
3792632832
3962238976
6443333632
3232223232
2327222272
8294324224
7372946432
3732329472
2637243392
2993844224
7222239232
2232332288
4837992448
2228363264
7327762432
6692323328
6439223296
4273332224
6244323328
8383228928
4232927232
2826422272
8662223872
9926926336
3629667328
2834663424
2323339264
3424632832
2233468928
2224223232
8824244224
6366222336
2326367232
3926772736
6769844224
3742437376
9322422272
2978322432
7434642432
3334239232
8674742272
8348442624
3483346944
2782364672
6796434432
2448223232
9276663936
7422362624
6723423232
4242842624
2434484224
2633242624
2272743424
4922934272
2724447232
4234228736
2829279232
2237622272
3736762368
4432274432
4686226432
6233274368
6233322496
2333239296
4464223232
3732278272
2224223232
6422249472
2287327232
3238623232
2478623744
2872423424
6436447232
3438644224
2323922944
9462324224
3226322944
2474829824
3424442368
4428432384
3736423424
2722727936
7442322432
2443743232
4833229824
2332342272
3297434624
2294843392
2448267264
4224223232
2822326272
2622482432
2333344768
4438644736
8649244672
2829622272
2323724288
7823243264
4722742272
9933287424
2722233344
9347269632
4484344832
7323446272
2434332672
4364649472
6824679424
2326674432
2623924224
9393334272
9322636288
6822223872
6433386496
7243333632
3629242368
2876443648
2423222272
3794228224
2262247424
4467832832
2278222848
3436342272
2242422784
6867342336
4837343232
9327372288
3427346432
2293276672
2446226432
3384466432
7262823424
4869224448
3822262272
7642693632
8333724672
3724242944
3328223232
8724923392
4382367744
2623393792
2449272832
6338424832
3428238336
4296927232
8433332224
3322427392
4944722944
4433422336
2236342272
2227444736
4232372224
3263348736
3236242432
6222226432
8223439872
3226373632
2626922496
6226422784
9384722432
2373822464
4326623232
9762322432
2224223232
3783243776
2249293824
6364342272
2743824384
3738723328
3747474432
3772442624
2468327424
3223322624
2283922432
3232223232
4328732672
3846283264
2242844672
3434463232
2272822272
9732242432
7782283264
3646263296
2346727424
2327486464
6323638272
3228683264
9976377344
3224372224
6327834624
2443829248
3324729344
8423263232
2427623424
3294734336
7229364224
3222268928
2828792832
4446774272
4333842432
2722363392
3364384768
6328743936
2263222272
8223924224
4424378368
2484393984
3442296832
9282332672
2274633728
2724636672
3228342272
2247222272
4976223232
2429722624
7384244224
2322366464
9424822272
6427444224
6363624448
2992483328
4372344832
9322273792
6892222464
6222292992
2224329728
3472744448
9946293248
2322233344
4349929472
2442766336
7322226688
4233332736
4242783232
2879327232
4642332672
6374928384
2237323264
3473887232
2773223424
6892242944
3246644224
6926222336
3232274432
6332233728
2922932224
3944927232
2334326784
6632372224
2268724224
2248476672
9647228928
2247237632
2473244672
6223732736
2684434432
8329362432
3328438272
2432223232
9348636672
2238262272
9262262272
4222687232
8424382464
2247323648
6642322432
2492229632
3224229888
2272274432
4262222848
2242233344
2222393344
2272436224
6222277632
3226386432
4293793792
7742224384
3732223232
4837837824
3884434432
9223348224
4633823232
2499423232
7733223424
4926226432
2732434432
4664272896
6242322432
4483638272
2422887424
4288223232
3729332224
2349238272
3289823232
3427482624
6644242432
7239222272
3339433984
2236432384
8262243328
2334292992
6322873344
3834298368
2339226624
2772496384
8234232832
6826463232
7233462272
2322666496
6438923264
3334682624
2636726272
3339239424
2282382336
2483342336
4622222336
7343279232
3388229632
6447224832
4277942272
2422326272
7766239232
6323937792
3278644224
4334262272
3722727424
2444724224
2268342272
4393242624
4499432448
7398883328
3233332224
3243636736
4834294784
3422226432
2627299328
2442742784
3326332928
2624223232
4647348224
8284639232
2333297664
2329236224
2232276992
2349326336
7824223232
3942923264
2232927232
4983924736
2223736832
4332273664
7442962432
4928782336
3323922432
9336662272
6262239232
3228342272
4836323328
8236726272
4222994432
9324263424
4722362368
9322727424
8664424448
3626678272
2246222848
2324496384
2786633728
2992822272
2923333632
2228967424
3429332992
3874279424
2263272448
8842422272
8864223232
6733279232
3227344896
4827323392
7376223232
2333622272
4222773248
2294838272
2672223232
4282766336
8223463424
3487762432
9224476672
3223373824
9329229824
4483342336
9922322432
2642332672
6664246272
7232744448
6923384832
9423327232
2664372224
7282296832
2267242496
7262224384
8232722432
3442936832
2748229632
3342332928
8774326272
7262644224
3623826432
6264249344
8376722432
9346228224
3282842624
2723663872
4372293632
7287822336
2668342272
8482238464
6662324224
2828473344
7837237248
4673239296
4646433792
2423322624
6234232832
2233724928
2268729344
9933223936
4228323328
2326667264
4496282624
2243342336
2233938432
8827282432
3432722432
7327386624
2633782272
3762484224
2342223872
9374746624
3642748928
3249272832
6247237632
2688223232
7343634432
3622926336
3922664448
3223222272
3922292736
2247222272
2826437632
2333364224
4433434624
8948242432
8272436224
4378292224
2672242688
8626873344
8242489344
7744227328
9222324224
6222482432
4924434432
9349223424
8744423424
4222263296

