66236928
42324224
96462336
27967232
77243392
43892224
42883328
38326272
98289664
34243328
34728448
84273664
23423232
37283328
84334336
63269888
22224384
47922432
99384832
82992384
24293376
23222784
62638336
46367232
83226624
96822272
32278272
43348736
36228864
83279872
33262848
39679232
33383424
92432384
23967232
42934272
24647424
72327936
92978432
94623744
28363264
76626432
96329728
42398464
42422272
32884224
78742272
22363392
28383232
93686272
37426432
34697728
22324224
97263872
64732672
63922432
22948864
44222976
43382272
94427392
24728832
34463232
22974976
23323648
42234624
22842624
69622784
93236224
22327296
47926784
92278784
46443264
33462784
28722944
22932224
22746368
29823232
27324672
62262272
37439232
62239232
66847232
22322432
72293632
22323968
77339648
86232832
83429632
32843264
23922432
86738432
47647232
49362432
22223872
74243328
92382464
74477824
92973632
43227392
32276992
92722432
92239872
73973248
38322432
64647424
68242432
43269376
64822272
37247232
26372736
24862464
43732992
73362432
27228672
33298432
26637824
73343232
38838272
69238272
36227328
23978496
24722432
96372224
47284992
27323648
43666432
22772224
24382464
99282432
44622848
43828224
42236672
42729984
94324224
23228928
42932224
46263296
76242944
62226944
39233792
44662784
76364288
28892928
38243328
43943424
84223232
62644224
34233344
24442368
32242432
46623232
69229824
93422336
63623424
92223744
28299264
74226432
76882432
77739392
34322944
22388224
37428736
73936384
43223296
39289344
39927296
63233792
32333824
39829248
23472384
32633344
23674624
22462464
22332672
22393344
76627968
66222336
32628224
49264384
26872832
34364672
84222464
98623744
64436224
22422272
69247232
62239232
94962944
44424448
23237376
93498624
24263424
72648448
42422784
43284224
43224832
33422336
23286784
36436224
32229376
28823296
28883968
84622336
66797824
86267648
37672448
32267776
89433344
28372992
32882432
77682432
22292736
46469632
22337792
82347264
38247424
24244224
42322432
92344832
44392448
32233728
24632832
42747392
93323264
63272448
39684864
43442432
43429632
32229632
32633344
24822272
74393344
84677632
77942272
23223296
37279232
22326272
63762432
33249792
22339328
47634432
32233472
32323328
44267264
48762624
22223872
26344448
28393472
72223232
34373632
82292992
36863232
23222272
22964224
96362496
32466432
62326272
93434624
66834944
32464384
22226432
47627264
42932224
93876224
34823424
94846464
64249344
77823232
74728448
37438976
27668224
96293632
88423424
23477632
22629632
93332736
83323392
64249344
42222848
23734272
42322432
37799424
92244224
43397632
64398336
42277632
27342336
22223872
22942976
62232832
24633344
34322432
86224384
46386432
27363328
23747328
44923392
38463232
43367936
66676224
96284672
36869632
37722624
36274944
63924224
76263424
28273664
28927232
43384832
26992384
73423872
23843328
23463424
78644224
22964736
39963648
22473984
93343744
73633792
62264832
48722432
83423232
78283264
44638464
32724992
43236864
64443392
72344832
32732992
32632832
27239424
96982272
64623872
27922432
66723328
22938624
23783936
39734272
62243328
74484224
42223872
22738432
92222464
22478336
29222336
32393472
22247424
26742784
32429824
22923264
68626432
93428224
46322432
79288832
23224832
92478976
47346432
73247232
24242432
93238272
82693632
37332224
33332224
22633472
67823872
77462272
83677696
34772224
62277632
43427328
83743488
49398272
42267392
47324672
49944832
29727232
43967232
23227392
27636224
22334464
27237376
32223488
22774272
26873344
23647744
22482944
22787328
43282432
83663872
24287232
38687232
32227328
62477824
28263936
99924224
44338432
49272832
33433344
92293376
96239936
27382272
72292864
29878784
36276224
42262784
63327232
83763392
66243328
87632384
22887424
26386432
72666624
36249344
27623424
36722432
42823424
33362432
48487424
62734336
24342272
74379264
82463232
42622464
32244736
26637824
29928448
33323264
36383232
34964224
23263232
73332224
23237632
82792448
27282432
32822272
44263424
32863232
98676224
22229376
72323328
77829632
73248768
89334272
23634432
38324224
69493248
26437632
22232832
46727424
92233472
43274496
64724224
23387392
72837632
67724288
32223232
33746432
67428864
33623296
74627328
36342272
42943744
48227328
22277632
67623424
32827392
72628224
24232448
94838272
27643392
83442432
26463232
43232768
83634432
67333376
38847232
62362624
82247936
22697472
24383232
83323392
92638464
72223744
36694272
28942336
94633472
36437248
37833472
26747392
43992832
62232832
29822976
72462336
39974976
94763264
22962432
27222272
72726272
47884288
94623232
97639424
23324672
83423232
24248832
22868224
36667392
23924224
79864832
22372864
37274624
77332224
24732672
22226944
23847424
92263424
22732288
82327296
27482368
22362368
22224384
33422336
68244992
36922368
47627264
42437632
68229632
26363392
44338688
33428224
62267648
63222272
37932288
72379392
86742272
34239232
82837248
44222464
84967936
39263232
34873344
92762624
92823296
79627776
46436864
74339328
47766272
23233792
22228224
34473472
89833472
43327232
27399424
36278272
22226944
84227328
27428864
23642624
67382784
64387328
44383232
22996224
24346624
34644224
43243264
82483968
32372224
32473344
24287232
27684864
74238976
62343424
72463872
93223424
64338432
26678272
23224832
44223232
28682496
24233472
27373824
99433472
87263232
37242368
36693248
32946432
68229376
27339264
72433664
97844992
39342848
29287936
34223872
22832384
28628224
27382272
22642432
23434496
47223296
42774272
74439424
22427392
63423232
68242432
73279488
22334464
37689344
32272384
94422272
27633664
23337472
98829824
47444224
84223232
24269824
92342272
22422784
62292224
73387264
26292224
26332672
27829248
42926336
64338432
26488832
42263296
79328768
47273728
33247232
23222784
22836736
27892224
66367232
24662272
38738432
33823232
33342976
23824384
22463232
97234432
87423232
63228928
42783232
92833792
22623232
39423488
26422784
72329728
37334272
23698432
46243328
22233344
24242432
22292224
22623744
37722624
22326272
72227328
76374272
72626432
37272832
34633728
82226432
33262336
22797824
82463232
74292224
36329472
23223296
63624448
47442432
22326272
36777472
32372224
87642624
34783232
28323328
28233984
33426432
42337792
29797632
27326976
23228672
42292224
72334336
28839424
23228928
94262272
98832384
39439232
83263232
72263424
37873664
47826432
32276224
36724224
36372224
73272832
82293248
49344768
82962432
36242944
33223936
64233472
62222336
92762624
62648832
29227264
26876672
48366848
94393344
78427392
83444224
62277632
43476992
22462976
47749632
22437632
42229248
73223424
33337344
73422336
46463232
97332224
62399232
33466624
37343232
37944832
86664448
46367232
37278976
23346688
34823424
32483328
26484224
88282368
36423424
29323776
49334272
47933696
38286336
42932736
27634432
23442432
43226624
29749248
92392448
23868672
33646336
29492224
68822272
33447424
88223744
46723328
32222464
23883776
24348928
74379264
22424832
96362496
27989248
44442368
26482688
34422272
32223232
23762944
36483328
32429824
27263392
23499264
33682432
33279488
73927424
84238336
28327424
72387328
92434432
43326464
64679424
22322432
33336832
42289664
42422272
22266624
22226432
78836224
23373824
44722432
37223424
27237632
24462848
97627648
92222976
33234432
27932672
34633472
88278272
89467648
33343232
22734336
33823232
73229824
26324736
42322432
73364224
33243392
72242432
68222464
39344384
74239232
24468224
34222336
79967232
42834432
38236928
27284224
22478336
43826944
24287232
24743424
26326272
33232384
66347264
92242432
46233344
88462336
26444288
64436224
26234368
26839296
42798848
68327936
62222336
34432768
48242432
44849664
82276864
86772224
94324224
49737728
87226624
36722432
73627392
46243328
26232832
97236224
42674432
32267264
23722496
98228224
73946368
44692992
44233472
48346624
62224896
33448448
33247744
73426432
43444224
22296832
74324224
22326272
22943232
22964224
27222272
67387648
32697344
32284928
77223424
63422464
76293632
83834624
32644864
84374272
46923392
22247424
47429632
22382336
32436224
66427392
83487232
72663232
92242432
32229632
46426624
42639872
87322624
33342464
24348672
23779328
28348928
24428288
72223232
32244224
86363392
33823232
23766784
23222272
82223872
29227264
32632832
34887424
63322368
37293824
36969472
44327424
93972224
28222976
72223232
42446336
92293632
83636224
89232384
43794432
37829632
96233728
24722432
23862272
77349632
22232832
23222272

