373428224
278623232
622772224
748624896
384272896
722343424
384972288
722932224
638226944
833833984
742236672
722292736
226364928
422227968
342334464
336372224
642382336
222222336
623337984
426949632
326239232
846648832
624223232
262239232
222623232
223836672
282332672
343862272
223322624
423793664
229266432
764897792
224743424
422924288
229243392
432894464
322463232
499397632
682322432
389686272
226663424
276427264
849242624
223732224
398222336
243277824
862477824
434279424
382328832
922896384
883638272
449844224
923423232
233339392
429223936
333236224
277394432
472223744
343834624
324242432
234422272
367348224
227764224
683433472
663669248
733492224
332242432
283232768
232274432
222623744
463374336
626322432
247263232
322783232
832462336
972342272
322639872
227662336
424927232
482873344
833242624
366324224
293786624
432692224
229372928
372432896
233362944
278239232
693434368
423287296
928223232
434979328
632766464
273234432
824824832
892342272
329742336
732229632
263862272
429223424
766247936
422334464
322422272
232476672
333324288
294433792
262926336
433874432
233244672
722727424
246222336
392722432
322447872
349328384
793247744
733863424
332263424
223673344
292283392
632223232
728743936
238647296
624863744
333623296
494843392
339423232
867472384
343732224
928692224
363322368
342324736
242337792
273273344
262247424
698663424
263732224
363432448
342243328
622262272
322322432
232632832
622223872
733283328
327693824
838262272
286836224
322322432
993662464
283772928
322678272
222262272
942247424
442422272
736227328
823477248
328423936
774324224
273874432
266396672
246222848
626473472
643482624
433232384
372862976
327493632
464229376
224632832
222226944
427794432
924283392
386933248
233268224
496922624
746386432
342326272
232632832
324242432
242228224
273272832
742796288
723626496
223433728
444342272
278388224
238222336
833332224
448223232
223732224
729332224
247227392
292432384
342623232
477326336
662239232
343324672
973287424
337333248
847463424
662283264
434366464
422396928
437622272
327826432
323233792
443444736
672372224
322727424
884293632
383327232
227932672
278646272
324329472
386424832
639327232
384822272
223324672
474729472
292473344
672329728
323423232
427282432
222492672
633449472
942439424
822249472
429822464
272223232
848223232
433298432
389327872
726222336
483344384
228293632
238772224
263222272
722236928
327222272
926393344
263867392
363343872
832782336
242639872
622772224
323446272
442234368
622286336
682744832
743227392
497332224
246326272
222243328
224722944
633336832
263263232
736434688
298267648
482399232
872822272
742623232
292447232
344462336
423849984
342633472
273332224
239373824
246324224
422236672
642228224
326332928
276726784
246772224
363239424
233434624
472283648
242792448
892222976
422234624
329364992
232466432
393298432
844639232
338232832
237622272
383839232
272223232
233332224
843623424
242783232
436327424
332364288
446367232
723828736
992274944
449292288
222262272
239826432
672693248
424223744
822334464
762424832
332237824
224223232
232362496
242292224
327324672
334823424
282422272
363624448
224246272
367327232
243872768
422222336
288442368
243743744
627444224
637326336
722386432
463222272
686623232
262482432
823672832
242422272
394233344
974633472
692278272
672334336
272274432
422224384
222223872
393247744
269236224
272628224
649933824
422223872
444683264
222224384
376763392
223429632
743348224
329232384
273439232
332468224
444664832
337782272
723833344
326367232
437942272
328692224
838623232
673272832
436276224
282727424
623348736
237942272
734943232
822926336
634332672
332239872
483228672
338962432
947282432
734836736
228982272
442642432
223327744
782329344
264223744
264948224
263323648
323994624
822324224
367422464
428639232
222772224
433272832
282744832
472267264
829622272
222236672
832282624
326268928
429842432
269878272
242322432
447322624
384438272
672437248
432722432
264479232
826343424
362463744
849332224
222879744
427444736
886772224
222874624
326249472
333243392
422623232
672223232
624468992
474737664
269279232
272223232
632372224
363282432
642272768
232693248
682379264
439222784
247272448
873298432
432722432
324383232
324222464
292293632
347482624
862262272
262732288
233782272
432837632
734239232
422324224
234463232
733842432
747833344
232346624
433234432
232233472
734239744
238324224
762492928
436447232
422627328
264997376
226343936
622372864
443679232
323423232
376244224
324643328
763382272
229736448
462283264
224372224
487284224
232338432
293238272
342222336
627324928
272287232
244626432
266228224
223284224
363794432
432692224
222277632
894428672
236923392
283433472
622772224
822349824
372233728
324623872
622629376
424397824
327762432
272939392
482642944
469223424
268293632
364346368
344372736
372943872
249298944
234783232
222623232
239222272
326843392
322228224
392233472
627472896
838772224
444946432
368722432
343227392
444792832
444363264
222226432
329242624
276622336
723226624
239378432
882322432
392334336
272338944
826322432
362934272
238264832
937227264
943442944
668223488
423463424
439323648
784628224
494324224
238823424
886648832
362422784
222674432
337332224
332242432
743222272
632666624
686222336
699384832
337362944
296722432
724327424
693343232
484767232
773663744
227662336
324983296
223323648
773449728
492276224
473882624
249332224
464436224
742772736
927634432
296424448
823796224
232334336
334836224
472722432
428624896
432292864
839267328
866422272
334322688
662924288
332724224
222393344
422226432
276242432
942262272
323743232
244634624
929362432
223289344
262623232
343822336
669343232
848223232
782234624
232249344
238687232
474232832
622226432
827226624
737342464
436222976
226322432
263273472
383222272
924826624
297423872
643232768
823222272
298294272
982283264
424223232
226872832
769682432
992997376
624884224
866932736
342247424
933722624
323764736
222492672
842463232
443427328
262286336
733426688
444434432
266724864
328462336
272837632
243432448
424244224
449247744
272223232
474934272
662234624
428383232
723637248
474422272
622324224
224694272
442723328
823222272
283828224
273336832
234693632
384234496
473272832
334388224
628323328
333236736
343732224
377227264
233232896
422932992
332264448
387444224
479327232
273349632
624927232
233333632
679738368
344336384
282638336
332862464
229923328
727924736
432863232
362324992
934823424
447222272
239327232
277274624
464223232
383263232
223348736
388229632
222362624
732622336
229627392
224927744
224483328
343222272
333622272
222262272
267282432
227423232
446222336
494224384
963642368
237622272
273439232
233823232
939487232
226399232
243423232
694367232
482296832
722292224
482427392
223222272
426233344
937972224
873244672
394633728
432246272
844328448
349264384
222364672
344743424
772233728
333663232
283367424
723723264
796323328
332329984
876347392
638687232
366264832
364372992
722232832
922422272
272424448
649247232
474936832
638362624
822823424
772662272
229494272
848333824
282827264
334372864
623783424
422932992
437274624
233332224
322878464
638964224
237364224
342439424
229433344
443728384
293389824
742367232
424224768
932434432
239333376
223263744
924222464
497292288
872423424
274229248
728488448
434343936
966226432
267226624
226268672
627339264
447439872
266437632
332392448
342223872
424374272
776628224
464223232
344274944
663732224
277364224
338228224
334777344
829492224
223222272
262324224
266834432
234744832
976632832
483738624
272722944
343928832
283423232
947636224
332639232
766837248
973663232
423483392
627277824
463333376
333842432
263732224
226233344
224282624
347794432
372263424
246283264
226763776
229627392
223327232
343862272
723346432
923339264
247733248
242332672
833434624
226383872
399224832
233462272
222924288
224822272
643638272
839333376
443444224
824296448
732284928
927737344
347423232
482463744
928248832
873933824
242382336
323892224
232249344
333343232
239246336
876383232
433938432
488274944
333343232
279423488
328223744
468492288
232246272
372622336
743862272
662682624
364223488
642322432
637343744
272667648
464922624
238623232
322422272
972626432
927927296
848334336
332747264
333886464
368232448
393887232
373323264
424223232
294772224
432978432
234677248
434422784
228882432
324276736
223292928
432244224
376223232
837466624
247222784
239294464
424722432
892242944
263322624
622247424
276923392
624223232
482233344
673332224
332222464
346292224
639244288
232927232
224223232
423222272
332342272
744782336
773223424
333323264
334324224
224397824
296487424
462697472
923384832
488223232
963973632
627932672
828432384
424372224
342324224
484263424
234373632
362492928
929844224
629266432
232223232
826932224
643892224
683792384
272922624
432334336
322332672
264666624
629343232
328372224
926262272
249422336
662223872
224223744
472766976
447373824
222623232
374326272
466832384
443743232
262633472
434427392
394364928
242934784
828728832
333236736
977362944
887323648
786273792
742392832
344272896
338373632
233334272
286262272
482472448
343483392
248227328
484277248
467382272
993447424
373343232
226324992
886239232
422262272
272223744
472244224
482322432
223477248
722996224
338322432
262262272
732222976
836383232
293863424
333323264
462224384
722623488
246324224
322232832
382226432
428344832
934772224
924263424
424274432
937439232
688438272
222623232
242366976
623668224
336487424
223926272
739433472
668323328
623429632
494222336
434622464
942326784
722322432
333323264
423263232
434842624
732237824
426292224
332222464
228363264
266228224
324473344
334623232
639224832
323623424
224843264
323423232
646239232
892724224
722233344
723726336
974226432
348273664
826463232
223642624
283636224
262378496
326648832
228342784
292882432
823228928
942247424
242622464
273247232
633933824
463323648
342332928
926389248
223843328
622772224
232474624
323828224
978463232
223224832
749724672
223924224
227277824
398823424
493244928
638347264
223246336
862326784
992822272
262223872
433462272
642472448
239284224
722934272
423273472
273332736
634394624
266422272
342493696
439374336
623949824
243636224
232978432
282422272
648374272
243932672
972434432
336223232
228442624
632223232
432244224
246644224
794322432
499423232
234232832
836383232
328249344
787273728
393396224
362232832
263322624
823327232
433242624
222324736
267636224
432244224
484284928
242277376
272692224
222266368
222462464
332639232
432223232
649332224
746292224
224338432
692327424
487322624
724946944
238326272
239483392
926623232
876342272
433232384
386423296
272223232
839647232
322239488
264274432
332293632
228447232
222367232
233633792
834343424
736223232
242364928
442993664
238234624
484233728
336223232
222243328
334439424
628622336
342482432
433739264
334367232
882622464
223822336
242463232
324728832
644636672
243879936
328338432
422277632
244346368
633484288
224227328
228344832
883262464
242332672
346296832
639322624
226463232
223327232
263824384
237494272
672234496
339828224
424287232
424233472
323423232
628327424
724724224
742226432
388923392
424246272
296223232
323382272
422644224
472223232
974373376
484383232
242292736
736438272
342262784
842437632
299444224
287337472
297247232
473273344
426832896
874399744
276664832
842933248
322233344
637367296
827433472
223926272
436624384
324327424
229432832
432923648
326324224
822838272
244387328
324622336
362279424
832274944
628946432
268342272
464248832
246823424
363323392
627382272
487246336
394723328
937383424
434363392
344249344
226322432
477993472
383628288
624284672
243333632
334623232
372434944
222837248
723448832
239967232
336372736
228432384
223263232
624333824
222734336
862328832
328274432
223783424
293246464
724623872
448822272
667423232
462376448
642949632
336346624
439322624
293479424
673228288
422262272
264444928
289337344
739474432
974224384
368672768
336373248
474322432
334738432
432223232
243342336
763282432
332724224
347327488
273332224
394266624
222247424
332444672
424442368
334823424
232938496
622733824
262277632
374436864
243367936
224837632
262223872
342684672
998239232
434332672
242266624
376423424
443676672
263248384
337938432
223926272
829263872
229727232
996242944
232822272
237332992
823222272
426422272
329332224
244323328
723922432
832487424
466443264
733364224
472383488
684342272
662247424
842623488
782864384
837262848
224233472
938294272
422222336
328246272
667333632
249383424
943324672
974823424
292726272
398247424
233243648
477264384
379472384
862943232
262286336
282629632
322932224
494943232
274422272
264374272
342237696
246926336
774239232
329362432
838283264
922742784
384246272
634396672
832274944
329488384
833673728
222687744
223736832
623399424
434422272
743478272
222236672
446226432
463463424
322382336
344232448
923829248
274724864
433722368
232223232
882422272
232284672
692643328
722422784
342377472
346399232
622932992
363637248
224783872
226373632
223289344
663224832
234228224
327327744
242272768
262393344
227226624
343464448
246623232
396634624
442932224
666267648
433627648
224826368
672229376
228447232
227986432
227423232
229622272
376333824
232863232
438863872
482399232
624924672
744436224
432374272
822327296
927627264
236274688
832269824
224923648
237428736
767222272
272824832
362638336
422326272
329823232
829822464
676276224
467423232
426872832
246823424
364767232
393234432
332323328
242962432
247466496
337362432
986232832
244622336
848223232
634294272
333387264
669842432
292368384
384423936
222388224
266463232
369742336
762484224
933944832
673234944
632474624
227342336
697332224
322869248
924683264
678298624
627383296
336822272
479224832
449938432
362663424
862222336
343324672
744233984
268233728
272223744
233232384
372276224
224232448
479463424
273723392
784732672
279222272
329234944
342324224
244442624
334928384
323432448
322322432
478362624
233332224
727442432
372468224
293236224
827623424
237493248
774627328
723228672
436724736
263263232
236626432
228443648
643866624
224764928
223736832
344223232
838623232
272333824
344373248
362293248
386422272
272223232
232462336
246943232
672333824
349338624
642484224
328423936
234373632
337273344
282299392
688692224
246226944
693428224
363794432
322292736
223499264
372327424
238646272
228323328
943378432
292233728
972222464
446239232
223493632
422239232
874322432
922343424
238243328
676662272
326222848
282293248
232894464
222623232
232223232
932283392
234343424
933284864
372236288
282463232
723278336
234422272
233443328
346779648
862243328
422326272
344223232
634847232
297236992
262492672
423733248
327222272
476239872
286432768
239337472
646284288
246926336
298322432
322737664
894262272
479222272
422773248
844383232
492639232
332242944
339236864
234636288
423439872
227423232
424846336
836329472
264822272
242322944
634463232
229233664
284442624
626233344
263493632
363467776
742239232
333338624
242683392
667838464
392824832
234868224
674832384
246362624
239422976
962343424
722293248
463732736
228762624
233232384
364466688
273733632
442622464
364664832
726263296
729334272
442322432
629276672
894239232
243233792
277223424
724276224
222772224
229332992
362422272
238262272
224274432
626322432
243922432
223327232
863333888
624272384
749236736
423227392
237262336
326736896
283794432
928223232
228472832
972273664
326693376
423634432
288233472
836242944
739367424
223263232
283487232
333223424
223476224
294623744
323764224
497334272
287222272
224487424
229223424
236342272
276242432
238774272
344223744
372237824
793362432
927222272
423373824
286262272
999998464
233444864
833439232
364343296
382943232
228222976
439237632
423422464
336869376
643292672
223732224
343224832
633844224
942222336
233232384
429944832
826426368
824372224
232287232
437722624
463823872
773263872
676634624
362763264
244636672
378486272
263243264
246248448
938723328
849332224
828432384
362273792
622349824
233874432
694324224
249247232
242422784
426932224
422262272
322232832
736372224
492222464
432223232
322489344
832743424
623962624
772323328
373866496
234373632
442234368
442473472
794932224
426463232
433372672
926746624
323226624
426322432
622436864
364432384
792223232
273682432
372276224
747833344
229684224
342236672
233247232
722422272
662239232
333267968
222826496
372647936
333722624
232433664
229429248
339423232
272463872
933274624
423373824
792732672
374324224
932242432
836242432
223463424
992372224
332624896
794343424
434322432
668643328
944274432
244242432
324363264
743733248
922322432
226292224
922636288
433639424
264244224
328393728
229772288
633383424
293983232
736436224
347683328
773626368
824287232
329383424
323636224
263222272
462222336
372677632
733637632
972323328
922422272
423322624
323368448
283282432
232267264
243723264
766439424
624483328
966674432
824233472
232743424
234229248
233234432
326226944
322422272
282322432
332342272
474484224
223464448
443323392
323743232
342239232
333622784
429493248
239224832
422623232
427323392
632223232
944223232
272462336
762233344
744223232
369244672
242234368
626962432
272863232
674232832
422262784
223722496
624282624
322322432
229332736
422243328
392227328
233642496
723282432
422324224
232272384
723769344
822623232
228364288
328232448
663993344
932242944
236728832
343284224
842232832
782234624
322232832
724772864
276882432
226228736
624267264
222772224
227743232
376287232
329426432
332647424
647442432
927273984
449362432
244222976
439222272
496223232
326327296
272287744
464436224
993733632
467427328
762362368
342226432
248466432
247224832
737362944
222243328
322238464
627242496
223333376
632628224
439732224
332233728
632223232
323423232
672372224
333663232
686262272
373433344
234292224
362742272
349492224
224463872
239244288
346642432
422484992
226446336
342239232
422226432
433247232
482339328
332273664
323277824
322249728
382222336
272362496
697678336
283269632
438262272
637279232
433972224
938427392
738233344
327647232
334234624
633424384
223246336
724293632
386386432
733236224
344283648
222943232
748229632
333883392
362322432
222234624
638224384
274962432
234422272
924468224
828263424
473426432
349233664
929332224
372293632
422262784
443423232
733243392
342627328
622994432
262623232
432223232
432423424
372622336
927267328
737974272
943227392
484946432
632884224
323747328
749493248
437233664
243683328
432462336
248822272
442663424
262373376
623463424
622324224
392483328
326938624
972724224
442937344
424633344
292242432
239322624
828383232
734248448
462324736
437223424
232393728
343493632
432628736
422347776
426362368
237326336
333343744
722642432
437343232
246326272
336722432
233384448
224863232
822427648
263463936
624244224
824223232
223926272
246943232
224497664
228493824
632372224
263463424
623349248
279273472
322322432
849273344
828282368
473724928
422646272
233422336
272233472
223263232
362233344
442463232
632227328
242463232
326262272
489242624
243743232
479327232
763487232
937362432
332434944
427263488
322742272
234783232
383228928
244622336
276323328
232442368
422923264
328246272
263762944
278226432
222793728
322834944
234642432
982436864
323324928
834382336
844724224
242643968
233726976
983222272
242484224
896927232
726623232
247822336
244276224
376292864
262376448
224329728
626238464
823442432
943322624
878482432
374326272
827343872
337332224
747423232
742222336
672692224
289993728
433242624
377823232
273642496
222237696
222247424
233376768
348222464
326239232
242673664
732432384
624223232
234934272
732922368
327962624
442399232
232233472
323242496
234922496
774222336
263442432
427239424
222738432
222222336
243743232
422222336
372773376
632824832
433269248
692344832
244367872
339282432
923474432
246634496
223396864
777867264
243922432
447224832
322422272
423478272
362942464
843363328
622234624
286324736
633424896
424333824
222236672
696436224
724728832
269663232
326236672
332432384
223883264
472436224
842322944
226936832
224922624
233933824
229268992
233362432
942623232
944223232
769332224
769462272
672822272
222266368
238226432
272223232
226363392
644278272
269238272
287422464
393426432
334222336
223386624
338343424
762878976
224227328
872223232
346232832
382226432
672223232
976923392
336372224
223628288
423222272
338228224
472376832
274932224
626742272
327322624
432443392
263227392
663327232
322233344
324392448
329247232
223373824
933223424
762933248
923922944
392223232
323973632
923346432
642228224
646324224
322343424
832722432
883743232
229628928
969362432
328722432
324229632
233439232
223732224
882332672
883689984
222687232
444862464
844447232
328223232
398226432
322373632
724342272
333663744
333237248
642294272
379932672
222866432
272423424
294634496
233723392
234293248
828242944
342262272
449332224
324442624
322292224
338234368
374328832
386484224
734633472
262623232
224786432
343222272
223422464
672779264
427444224
632244736
228242944
232338432
332229632
334324224
223284224
222326272
263762432
223292928
223227392
947444224
822378496
262734336
474676224
623333376
723637248
322279424
223399424
349223424
683263488
783442432
343733248
439223296
426232832
929362432
887263232
238239232
297268224
262332928
746322432
234322432
722832384
364923392
793234944
248628224
233976832
429338624
222388224
634962432
224223232
972242432
724747264
822262272
346422272
223267328
237496832
872282624
264632832
237343232
443982336
222223872
242832896
246843392
642232832
363743232
324242432
266486272
277428224
873234432
864743424
444242944
482723328
824948224
248246272
396242944
422324224
438263296
762932224
323423232
446633984
636749824
232332288
223294464
238874624
884767232
743378944
742222336
492469248
234299392
428724224
332327424
333499392
994622464
424933376
624272384
682343424
277343232
268347392
267833344
343762944
878234624
433333248
882228224
746232832
293727232
368244224
342799872
622842368
422823936
843293696
743222272
826744832
662222336
263672832
422836224
324724224
222329344
228937728
333323264
394437632
229684224
494332928
673334784
232436736
679442432
336374784
234386432
248423424
264223232
492639232
222243328
843487232
874292224
232223232
934964224
348946432
232722432
922422272
223322624
222439424
422839296
332299264
222222336
742234624
227262464
972342272
424848384
426233344
443242496
429237248
933243392
233247232
492343296
322683392
342373376
742843392
442422272
287248896
838243328
472223232
726964224
289827328
762868224
327274496
278632448
362332672
774324224
843633664
442876928
922673664
344223232
378463232
744476672
739423232
234663424
726426624
223228928
628634624
964278272
374392832
944884224
949243392
343934464
268229632
429347328
263732224
636276736
227723264
934328832
924869632
432423936
436882432
324667392
743267328
674294272
233682432
288333824
663732224
234934272
443292672
372447232
722292224
826422272
322834432
822969344
324383744
932297728
482932224
364368896
449293824
326733824
742247424
229648384
678222336
334682624
332662272
363623424
229622272
642292224
393372672
222326784
363239424
427828224
664234496
232223232
624692224
282934272
264437248
424639488
242793472
432223232
647222272
723674624
442232832
222478336
642373632
224292864
773323776
962637824
847322624
264927232
324427264
944244224
222844928
627323392
387679232
642486272
493863424
842763264
642332672
927824384
223322624
343732224
466742272
332839424
448287232
632822272
348944384
922232832
263964672
734772224
423376384
493627392
226663424
982263296
882322432
362424832
622733824
733287424
643323392
336436736
626322432
832274432
476997632
627433984
846262272
423263232
242228224
442463232
423222272
842933248
662377472
497722368
794228224
398222336
663222272
427346432
247967232
823826432
632333824
464442368
298642432
727822336
392924672
443444224
924493824
246644224
267282432
422623232
832346624
423442432
724494336
227323392
224382464
882343424
224233472
228383232
332788224
272436224
332323328
446222336
223348224
463478272
274829824
437983232
362423296
332263424
962232832
432227328
723832832
244732928
422876672
292344832
822363648
274279424
324472832
726369792
327222272
432338432
223926272
433423872
482727424
823224832
932434432
323382272
336922624
284622336
226332672
632464384
234322432
623668224
323636224
662633472
223438336
264462336
222623232
663222272
737869824
223924224
498322432
424628224
732443648
332622336
846224384
767734272
632632832
368483328
922423296
233268224
838283776
222373376
286364672
233823232
222328832
722663424
792423424
426322432
932473344
238649344
846222336
226228224
227836928
474422272
724329472
324926464
246823424
334772224
368223232
443764224
978322432
363474944
398623232
973236224
237876224
226322432
443723264
878439424
462836224
229492224
888927232
327224832
448922624
839222272
332724224
733243392
662262272
742627328
348826624
472628736
733332992
426343424
263224832
472423424
943243776
462239232
722373632
339467264
442423296
283446272
347636224
494222336
262262272
723299328
343222784
344233984
663272448
382239232
783348224
242834432
444468224
242228736
232249344
344722432
342286336
223284224
432244224
329483264
244242432
982838272
843444224
234232832
236626432
239222272
823263232
226932224
728927232
926364672
323236864
384443392
292626432
362643968
474322944
786399232
322642432
333223424
882228224
343422464
822623232
823327232
428489728
242487296
736822272
672223232
233234432
229343232
272822272
223696384
242972672
682232832
374239232
334222848
363838464
432233472
763322368
487322624
228432896
624372224
434233344
477863424
344248832
433723392
264287744
326839296
676342272
434422272
472649728
762266624
242294272
434232832
227643392
284337664
944282624
242743296
826232832
643966464
622367232
369722368
242467328
328373248
434292224
224227328
742239232
382324224
828639232
322232832
433974272
224423424
822393344
382478336
438262272
222264832
323323392
842292224
469224448
729383424
964622848
433332224
362322432
367442944
439263232
263237632
263222272
232272384
322394624
842422272
332236288
466228224
232884224
332327936
643624448
324662272
337824768
272739328
429432832
232884736
264223232
242322432
842443264
282296832
738233344
273833984
444767232
447322624
246224384
222224384
247327232
647324672
338363392
332832768
322332672
234294272
276793344
864628224
478823424
767223296
743337472
672722432
463223296
673247232
242832384
222667264
333833728
783463424
633332224
324238336
222462464
773364224
328462336
342324224
422376448
836923392
324626432
222226432
622222336
473332224
722292224
232722432
224393728
327222272
464632832
482399232
249372672
422222336
836662272
222224384
742239232
272223232
477369344
786332672
232223232
233343232
378292224
232382464
324372992
323382272
336894464
332474368
226229248
627446272
328297472
222262272
827333632
263898624
283423232
242743296
443423232
763343872
266292224
347679232
644344832
327227392
323943424
824843264
482228736
726623232
992638464
922424832
493238272
346677248
833232384
822994432
743438336
833334272
682934272
823322624
264287232
449499648
268623872
242783232
333436928
622729728
387423744
236276224
222324736
363292672
646367232
962373632
422426624
922422272
292238336
672722432
244726272
224274432
332443648
223736832
466642432
742633472
434228224
334283264
373924864
224242688
326646272
443423232
824347648
222647296
962383872
437432832
742623232
383476224
262646784
224827392
432229376
827743232
233832448
426339328
224223232
328293376
964634624
328423424
728244736
822286336
366324224
493923328
323636224
322489344
432274944
322463232
232267264
337823744
243382272
922642432
332923392
749236224
473362432
293266432
443792384
339324928
288436224
426642432
362932224
322747392
342324224
773347328
722922496
224272384
492229632
247227392
832223232
224223744
222482432
234443776
422227968
626962432
943222272
226763264
479732224
277343232
263272448
392223232
349663232
339423232
336477696
247222272
233234432
362272768
322629632
783222272
332447232
337422336
336442368
822262272
342222848
393234432
262267392
926226432
982324224
623222272
242783232
344423424
693244928
224292864
622439424
936689664
242323968
367222272
244942336
823327232
332623872
624246272
362744832
626344448
263333376
923944448
838772224
233462272
773727232
242383872
684372992
234463232
674322944
622239232
272786432
222324224
724727296
224223232
662439424
473829376
262736384
826827264
432948224
872372224
734624768
732383232
922396672
443323392
362829824
943378432
333663232
822367232
243346432
983327744
848442368
462362624
424223232
434322432
432927232
827228672
423244288
333822464
222633472
822469632
439327232
833294336
222226432
223327232
344438272
324427264
826422272
223294464
796664832
288223232
668383232
637863424
729229824
293343232
376633344
938422272
227432448
732368384
234322432
482793472
237664768
646222848
936633344
232244224
699662336
322292224
773428224
288438272
233362432
242322432
887327232
342482432
439237632
228943872
762437632
622388224
234343424
347623424
634463744
338272768
726644224
449626624
362228224
446334976
232722432
467227648
742362624
327822336
696372224
238267392
232233472
242842624
234629632
223926272
447647232
692942848
222262272
228329472
469343232
242723328
342249472
323423232
632244224
223222272
737278464
672223232
399422464
362388992
434723328
297447424
336233472
322229248
864244224
232466432
274642944
728223232
269323264
224223232
262222336
882343424
228923392
333237248
248443392
269236224
328782336
224389632
238222336
669238272
838644224
922638336
329329664
693623296
433844224
433768448
244747264
838239232
239246336
284229632
343478272
423222272
876329472
938339328
834422272
472922624
262224896
723444224
373279232
634232832
222222336
349923328
426324992
623762432
937332224
823263232
223733248
332222464
222264832
362723328
223327232
234383872
233227264
824843264
232338432
233272832
633244672
372242432
223928832
223333376
323433472
227482624
992372224
224822272
322362368
822324224
287222272
763433472
273342464
322847232
222236672
272436224
272732672
323446272
294324224
439762432
298292224
992233472
842232832
692293632
266332672
327826432
222326272
233468928
734283264
273322496
276393472
972724224
246823424
344244224
262247424
266847232
392732672
374433792
467423232
328374272
293963264
864223232
834484224
724347392
327883264
833833472
292342272
327734272
426343424
476237824
424287232
322484224
623289344
423732224
222222848
826834432
233396224
663327232
742367232
472483328
382363648
222943232
348223488
242723328
746373632
322937344
333923328
347666432
362783744
484393472
422633984
327322624
268243968
246628864
686236672
672267264
632332288
488244224
383284224
284442624
462222336
234394624
392722432
393337344
238633472
446772224
323423232
224372224
222674432
966492672
428726272
664732672
222322688
292238336
223464448
622349824
423263744
773433344
323228672
246773248
334347264
272223232
893343232
738239488
472233984
232763392
467282432
326623232
942324224
232223232
278462464
846226432
432873984
222633472
926243328
994363392
234322944
989343232
272487424
272443392
923322368
324442624
376233472
343732224
422462464
364323328
423442944
326222336
989234688
346322432
389434368
722322432
243239424
277347328
424223232
229238272
244622336
336248832
328722432
236434432
267233792
732664832
992244224
644622336
234322944
623992832
393362432
282232832
322424832
382388224
283382784
243623424
232244224
823437824
624398336
738322432
264739328
232223232
472863232
929436672
296632832
228762624
838247424
482228224
824423424
233462784
427273728
627764224
434872832
384223232
224436224
442629632
242422272
346344448
294226432
937823232
742836224
226932224
434322944
323789824
382734336
227263488
723227648
826228224
639822336
237944832
733223424
743263232
234322432
232274432
232782336
239243264
924392448
373279232
223634944
363943424
328372224
224282624
342642688
472372224
429323264
248232448
624466432
942823424
323423232
973923328
384223232
447263232
279222272
336743936
443342336
222362624
274484224
393934336
364233728
327222272
728372224
674868224
649242624
268229632
232223232
323922432
288863232
422838272
784274432
437842432
266764288
343284736
247834624
472722432
223222272
323662336
322279424
636434432
722232832
422226432
266228224
932639232
366239232
823269376
222772736
292323328
332229632
643282432
242678272
346463232
422462464
223843328
722322432
422277632
422823424
234642432
322298368
226832384
644242432
243282944
382362624
332262272
433362432
223222272
232389632
963922432
323282432
222267392
682642432
323723264
872827392
224438272
448722432
624223232
236434432
333622272
326222336
437343232
282233344
433933824
322322432
293497344
372493824
722663424
322633728
424282624
823284224
723423232
224333824
273733632
246433792
323723264
946724864
434322432
843732992
233332736
422687232
832329728
226834432
226382848
279732224
223627264
737332224
286376448
323423232
382738432
729229824
344332288
229833728
222648832
332264448
482332672
392334336
438239232
242233344
389343232
687222272
243982336
422262272
224233472
224223232
423988224
634638336
826463232
472227328
662372864
348662272
734943232
744227328
433383424
244432896
323943424
932442624
732622336
436242432
222249472
928334336
342964224
439634432
224223232
424338432
924884992
833342464
722633728
848233472
732237824
932342272
263223296
292276224
362333696
332393472
633844224
322636288
434463232
322443264
334227968
826339328
324327424
262286336
937234432
624223232
726243328
674642432
683384832
827333632
332237824
223929344
282238976
862262272
943422464
222773248
464244224
623243264
224423936
742239232
823222272
247834624
323623936
429494272
629236224
638222336
337823232
482622464
287422464
622773248
438462464
743222272
723666432
426299392
463734272
882742272
423292928
223634432
236776448
484622336
422924288
424223232
436933632
232223744
267323392
864223232
462836224
644237824
234233344
823762432
342329344
626322432
334329344
292242432
427444224
222262272
837737472
433468928
487222272
432743424
934388736
437432832
832272896
336466432
984249344
327482368
247222272
367998976
842322432
723623424
376269824
922463232
337268224
223327232
242292224
327422464
636293632
464376832
378983424
982262272
333243392
847924224
282642432
639926272
433872384
864223232
324447232
363922432
222234624
479263232
644342272
433483776
424922624
324442624
266343424
343224832
224333824
322742272
922932224
642983424
223222272
436282368
228342272
322228224
372242432
663222272
393244672
624476672
242228224
327263232
483977728
746228224
493223936
847327232
696274432
923327488
442343424
766426624
776298496
398226432
932777984
376223232
367732224
638298624
928922624
437842944
238262272
672666624
283982336
326329344
742236672
762827264
472333824
222328832
442723328
868643328
234693632
632228864
242962432
742623232
894239232
242742272
327924224
276323328
422324736
464223232
238836224
223843328
238223872
622777344
783436288
267232768
236432384
264223232
264722432
292724224
893366272
472274944
339624448
338424832
822243328
328274432
243932672
236342272
279322624
243424768
484882432
886866432
637684224
238347264
343647232
932327424
463286272
724233728
327374336
223493632
768246272
276293632
223627264
742396928
232382464
994232832
222324224
363767296
224223232
222667264
434783232
729342464
864287232
727294464
433462272
263442432
287222784
337423872
226228224
348432384
794642432
292432384
372636672
648223232
266742272
422838272
237622272
722467328
774329344
437264384
923333632
867892224
222687232
933343232
233243648
424372736
289247232
243764224
229243392
939922432
944292864
269262848
747766272
343244288
289243648
744377344
792949248
927864832
623863296
232287232
974388224
238687232
629449728
236323328
688743936
722463232
473332224
322463232
334862336
449273344
262326784
243387392
222222336
449339392
227382272
924726272
736223232
472423424
263222272
474399232
349624832
334324224
329244672
497272832
232244224
266383872
433677824
432223232
748472832
274949632
222966272
223429632
844662272
243472384
227666944
263263232
242742272
297447424
934222336
662463488
467427328
372342272
384722432
367223296
424247296
938232832
337332224
244276224
246943232
433974272
437327872
696722432
322399232
363423232
462247424
662326272
882633728
374324224
327227392
936244224
449362432
994228224
426277376
637833728
232223232
432437248
696242688
497242624
332238848
362422272
723423232
272863232
423284736
364862464
422222336
646646272
828734464
433332736
343862272
223732224
432863232
367333376
269663744
222364672
442322432
427448832
922723328
832334336
324242432
247263232
239647232
222943232
943327744
297337344
872223232
627423232
222263296
263826432
227293696
423329792
962322432
233243648
372237824
246428672
772626432
226642432
322463232
326328832
344822272
942644224
222239232
292432896
944223232
327742464
334682624
282382336
332442624
729443328
472423424
824822272
792234496
449269248
242228224
279722496
273294336
463263232
227326464
683423232
343436288
222836224
686239232
862782464
292378624
334324736
234292224
378386432
822824448
334923776
474343424
323292672
333466624
422239232
474297344
922932224
833682432
686772224
232336384
327222272
627474432
634422784
232223232
292383232
474363392
383272448
437223424
366627328
326482432
634423296
277343232
422928384
246633472
622324224
292242432
922292224
272336384
233268736
922728448
843423232
367822336
272223232
723282432
382222336
262239232
272338432
334367232
382492672
364933632
346629632
722763264
373923328
289247232
292728832
432632832
233334272
426827264
282228224
429624832
322322432
234232832
269663232
739828224
284286464
392232448
493727744
666322944
493238272
368248832
223736832
322868224
297242624
429876224
393268736
233449472
223327744
936223232
623839232
448284672
329334272
393332224
928863232
322443264
322932224
322322944
362723328
234727424
622482432
242362368
483892224
992267264
344423424
872722432
272669696
733432832
227277824
342328832
474783744
293727232
329372672
294842368
647263232
232223232
342268928
822222336
738728448
224822272
936372224
642622464
844726272
227444224
428223488
339433472
282629632
427626496
478439424
327243264
248246272
836447232
898294272
447672832
472423424
262326272
242932224
637623296
832223232
922937344
389737472
396622336
842322432
293323264
232223232
262367232
724323328
384474624
332873728
629236224
733343744
742633472
343224832
232732672
928692224
376433664
843343872
232348672
423444992
839222272
472246272
922428928
236498432
228882432
732724224
633436672
248374272
762229248
424229376
242663424
926236672
224223232
633227776
942943232
224973824
373243392
343422976
323867648
223924224
327732224
242292736
233982464
224227328
322399232
639348224
624244224
828323328
844283392
342428672
884324864
232948224
244242432
229643264
482322432
332242432
223263232
232424448
632884224
629223424
287348224
942738432
242742784
724242432
284944384
934947328
346234368
792722432
772667392
393322496
922727424
424722432
492223488
442763264
427323392
672274944
329362432
283432448
242322432
246674432
274363392
334222336
266787328
622442496
224628224
649227264
228233728
388327424
232224768
282422272
292222464
638943232
423322624
463222272
227623424
234844672
862228992
244222464
683363328
324447232
632244224
236222464
222646272
638943232
422324224
287246336
234322432
222262272
334646272
223423488
328827392
272438272
837262336
347623936
928233984
947423232
679672832
234266624
239823872
889332224
334328832
222367232
443723776
336822272
264722432
332924928
232246272
496223232
449272832
242932224
323423232
233733632
324278272
237428224
342324224
327237632
932327424
873439232
882783232
294329344
844233728
642232832
222222336
262623232
333223424
968223232
624223232
232244224
776223232
942823424
222222336
432822272
222823424
674622464
338373632
327223296
824922624
262239232
443228672
463327232
733326336
373943296
633823232
222738432
399244288
828836864
392338432
244327424
272223232
423322624
322292224
932626432
872223232
426364928
832244224
826343424
626322432
226233344
429842432
382623744
222224384
233626624
626484224
976223232
482232832
396626944
926623744
368329728
283276288
262393344
264372224
222623232
622249984
339226624
427623424
239222784
239224832
886367232
243792384
624223232
622222336
374439424
243433472
827743232
324922368
232334336
473434624
224438272
624628736
473334272
624274432
423327232
264843264
293343232
274962432
626868224
682727424
229223424
443383296
228364288
742239232
724922368
423793664
863429632
923423232
422284288
944223232
223926272
342329344
273827328
333622272
348626432
237267968
634322944
444762624
282763264
344224768
443924992
824692224
273334784
266294272
694324224
293937664
238738432
279834624
332323328
673723392
627333632
896223744
632922624
346322432
232666624
222262272
422734336
633334272
743243264
382782464
442373632
636238336
362322432
246247424
426232832
688233472
989622272
363239424
242322432
233234432
333622784
629328384
268724224
348473344
927327232
737422336
382734336
742492672
299423744
984223232
423422464
843747328
293283328
222262784
622234624
632334336
244242432
227836928
843444224
227482624
284767232
246839296
333364224
292643328
244293632
228242432
824479232
472372224
298384384
239442432
422836224
632933376
296223232
244634624
332263424
342222848
263322624
222833664
848334336
742923264
932922368
328846336
398239232
338422272
634322432
722463232
272782336
933236224
284293632
232446464
434723328
279476736
732229632
223267328
244427776
246226432
224863232
274373632
479642624
224722432
472249344
667333632
477343232
492473344
343429632
444726272
462244864
349623296
226642944
469822464
487263232
964432384
322699264
743222272
324933632
332492288
332348928
432466432
262226432
333243392
222367232
789283328
324222464
272246272
363434496
272376832
372494336
692344832
722783232
872628224
793396224
264244224
423243264
428882432
244236288
337247232
338422272
622388224
337443328
722663424
222324224
326228992
323226624
633244672
422994432
333822464
374236672
394292224
834932224
242842624
328274944
639243264
422283264
933364224
392223232
332434432
264462336
282932224
273439232
733237248
843922432
222324736
242463744
222322688
833332224
392822272
926222336
428434432
224628224
982324224
323982336
622623232
724223488
263732224
787623424
444383232
442463232
264223232
322486272
332276224
733289472
732796928
433423872
292427264
342644224
823222272
222224384
243278336
467432448
323638272
379922432
442228224
494324224
822222336
332434432
323397632
273332224
444622336
772434432
389436928
924263424
284242432
226228224
633439744
422247424
292434432
464227328
323834368
442296832
326324224
822449664
247783424
233679872
292624384
942923264
648372224
246629376
338766848
237364224
322663424
329244672
232223744
262222336
426386432
362322432
233268224
236763392
842484224
237328384
288692224
443333632
322962432
429326336
223263232
843747328
839483392
333426688
237983232
823642624
264846336
243794944
629223424
227342336
473436672
762729472
224248832
732229632
666363392
222377984
836668928
432282624
244923392
663327232
323444224
326367232
724264448
243282432
272372736
327222272
623463424
996622336
372427264
328246272
332626432
644662272
942224384
232346624
447463424
246772224
336233472
842339328
224232448
434932224
224743424
239796224
237492224
763687424
264373248
223337984
323448832
247924224
228276224
934222336
472223232
823223296
443343872
992274432
823337472
322637824
766222336
262324224
334292992
362322432
324724224
232246272
234422272
226932224
346324992
628626432
823673344
442394624
224927232
262239232
323382272
236647424
332282368
622324224
392444928
223224832
432244224
227239424
463243264
336372224
432398336
338266624
793422848
823374336
822433792
234443776
424232448
439672832
222774272
326324224
283636224
922294272
832333824
633827328
344863232
223227392
274364928
273642496
424244224
484498432
222923264
822623232
422263296
432233472
368244224
496274432
334627328
736922624
228432384
296372736
322422272
792846336
276363264
343924224
224274432
442422272
223374336
432249344
822329344
633242624
492432384
384246272
228469248
949343232
222874624
422243328
722742272
263668224
943224832
344732672
349432832
639263232
266232832
277238272
227446784
237238272
236724224
263237632
322228224
626742272
343327232
382772224
282463232
228622336
493236224
239284736
963232768
246247424
798729728
272292864
234792448
322622464
238623232
234472448
244293632
892242432
264336384
632223232
326262784
942226432
233426944
943732224
234463232
223463424
943422464
242422272
462324224
472372224
442744832
423336448
422836224
472374272
622968832
227764224
227636224
372323328
272223232
842292224
382234624
322744832
222648832
472722432
632722432
423263232
249272832
723497984
424783872
372724224
827792384
742432768
438623744
477432832
823442432
666932224
232722432
662964224
826343936
742426624
429324288
762233344
223729664
348773376
822972928
223442944
277223424
942862336
726772224
334324224
282723328
322424832
227432448
837366784
242463232
338962432
824244224
364342272
243638272
223263232
832722944
222874624
232843264
427322368
743222272
629368832
284427264
323433472
339382272
338484224
278462464
227382272
288282624
292447232
247843328
229326848
947423232
446823424
692468224
273234432
994744832
226446336
422239232
733334272
339483648
462224384
433236992
273272832
826322432
627636224
774367232
922233344
243892224
422226432
239233792
223337984
244222464
662243328
737823232
282294784
266664448
262222336
633247232
447224832
724892672
973622272
397364224
642322944
262324224
267363328
373923328
232377344
228442624
289723392
938322432
224223232
247732224
624227328
378322944
677366272
924237824
283472384
333326336
642742272
396383232
684726272
497332224
632334336
289268224
739226624
243482624
472927232
822689792
338723328
927284224
374633472
276327424
422644224
322934784
792373248
373343232
342823424
782262272
336223232
286392832
447286272
299337728
732229632
867423232
223286272
229623296
224423424
244869632
349492224
944692224
744732672
222923264
243922432
724276224
234463232
222349824
288372224
263824384
223843328
222367744
262623232
227764224
636263424
248382464
322629632
439323648
233682432
222324224
227282944
284622336
338742272
244724224
983348224
262334464
229223424
426292736
386322432
764662272
247227392
324624384
228263936
433332736
322232832
223992832
872246272
476392448
427342848
263324672
427423232
299423232
642373632
443262976
423222272
436327424
277727232
422223872
423476224
429432832
476342272
932323328
433332224
464274432
228342272
923226624
232287232
343284224
482932224
348772864
233633792
343273472
238234624
276447232
322332672
232372224
229223424
682428928
722484224
272223232
322228224
467382272
342492672
227423232
389223424
273272832
224487424
223627264
242343936
727348224
242228224
722783232
323242496
833782272
272223232
924342272
247822336
743287296
872249344
448424448
236728832
874344448
237428224
264228864
322234368
282934272
222482432
443482624
263629824
884447232
466422784
223222272
224223232
873362432
324363264
282232832
736436224
296927232
333243392
432223232
639732224
227292672
628472832
442729472
322322432
327732224
679263232
972263424
822324224
639284224
482427392
376246272
282787328
342646272
234424832
362339328
344244224
663327232
343222272
227744768
994228224
232274432
362494464
887227392
273333248
444239872
794783232
372393472
242427392
427444224
942843392
323367424
623442432
344722432
338463232
346343424
322842624
463244288
674827264
324926464
244432896
262267392
437432832
362322432
337234944
433363968
466443264
323922432
236726272
243433472
884724224
348342272
232629248
232223232
732273664
623222272
223327232
428242944
263222272
238223872
278644224
274232832
226642944
728763392
473242624
322322432
372724224
733236224
243444224
446234624
726943232
479422464
622482432
323723264
644922368
423422464
727423488
792822272
444222464
247243264
664346624
737337344
626322432
233483264
322638336
237392384
434292224
323764224
223442432
622222336
723623424
362373632
628447232
293748224
392244224
824634368
263442944
343223296
327323648
328722432
226322432
222324224
663322624
423267328
628869632
222987264
234422272
434373632
332344832
663423488
864227328
723623424
222772224
836662272
822226944
337332224
246378496
262222336
346422272
232894464
926674432
283892224
376297472
946872832
327732224
426934272
826422272
226629632
222426624
243723264
372383232
326623232
322936832
678324224
429287424
942624768
246324224
382277632
428428288
322228224
624632832
922622464
323322368
344773632
932263424
726248448
326433792
438362624
237264384
744287232
623327232
822367232
227679232
432227328
232927232
232223744
296338432
234763264
424287232
277837824
862226432
484222464
223222272
332662272
464822272
849422336
622367232
322663424
233447424
463222272
378267648
332639232
423263232
272863232
234472448
242343424
442228736
642673664
324434432
342222336
442423296
224274432
822324736
426834432
234642432
289279488
242232832
223246336
437343232
222288384
698299392
289234432
232423424
237236224
372242432
373236224
332286464
423292928
462623232
423222272
424223232
286377472
223929344
632722432
273243648
248423424
746422272
224244736
634422272
626463232
977234432
346322432
322893824
822334464
423483392
793268224
236347392
332623872
484839424
424272896
342234624
833242624
392722432
366838272
322386944
363323392
282322432
224223232
997223424
623327744
332342272
244443648
742642688
622349824
292442624
342779392
972622336
334482432
222943232
328223744
642366464
262943232
427322368
972734464
343732224
362343424
872722432
244273664
223222272
889682432
472927232
336223232
269369344
368232448
232223232
262223872
497334272
224244224
636273664
222462976
288223232
232223232
222623744
333236224
823732224
482424832
322827264
422324736
239263232
244222464
872436224
273449472
263286272
226446336
263442432
733643264
293274624
364342272
328628224
732223488
344884224
223722496
243943424
334262272
342226432
334623232
263327232
322847232
333343232
363269632
649273344
334674432
323892224
228242432
222326784
223642624
242834432
326329344
932342784
432223232
234292224
327327232
339343872
337443328
646623232
443932672
742863872
347382272
392766464
943223296
686789632
233626624
362394624
324393472
222949376
223783424
282273792
222277632
434228224
367222272
292242432
649434624
426322432
247862272
443367424
323226624
477279232
262223872
733343232
374239232
976223232
442463232
924662272
227342336
336282624
222324224
447634432
332792832
383222272
963427328
847924224
242868224
332223488
636242432
767374336
242942464
462324224
422644224
343329792
283444224
634678272
722322432
239327232
883774464
236242432
363226624
493622272
322427392
234962432
473372672
273422848
682399744
234228736
423924224
733842432
274322432
323282432
326267392
923423744
324494336
422226944
228286464
382388224
632868864
724238336
426473472
392244224
294224896
829279232
224223232
732342272
222247424
932242432
734332928
627482624
367643648
384446464
283743232
297383936
636282368
798222336
448463872
432732672
282292224
666938368
924342272
623223296
844473344
646773248
836329472
422326272
239463424
234783232
242386944
282424832
822633472
733428224
883237376
397326336
326324224
276734464
923662848
249434624
844664832
623967232
222732288
897332224
298322432
947273728
333326848
422388224
446222336
964242432
442638336
282898432
232346624
622738432
263227392
433973248
746932224
248927232
334226432
262623232
229497344
224479232
633293824
769464832
336922624
243664384
323688448
327442432
736694272
323636224
976223232
392223232
238772224
632287232
224333824
946427392
462224384
723282944
362932224
363237376
276662784
396383232
229223424
962484224
248464384
242932224
823222272
232927232
349266432
436363264
734239232
643262976
333236224
346723328
727222784
472444928
224223232
832244224
922847744
762337792
243743232
262623232
326883328
934326272
223222272
869343232
384373248
272293888
732222464
938422272
232382464
327273472
643743232
224274432
642673664
432223232
422432768
872462336
223273472
333223424
364884992
692324864
963474432
862329344
622222336
663442432
734262272
348726272
277432832
822433792
442373632
784223232
662222336
246223872
432223232
332432384
424372224
364724224
442642432
633782272
479224832
438224384
499444224
326674432
222772224
222222336
623924224
232434688
343642624
224948224
332982272
239237632
243292672
832232448
673948672
772767232
324293632
424438272
423289344
423263232
222222336
232274432
322467328
663222272
329289728
426322944
387723264
338322432
727374336
226322432
427283968
727246848
293722624
436383232
263762432
248223232
336372224
974644224
744692224
966222336
296244224
333366272
334367232
392436224
233383424
928223232
264743424
746363392
936332288
943263232
323973632
634294272
263422464
363322368
463924224
234486272
242322944
242763264
424223232
642373632
246326272
223422464
478734336
822462976
692622336
343222272
222244864
226642432
368722432
682642432
423292928
242292224
447422976
229297664
748222464
683623424
233333248
342234624
348242432
232336384
322644992
364643328
223227392
993682432
223476224
424372224
672927232
734222848
442322432
262367232
242322432
424692224
436348928
332444672
344248832
783327232
983222272
926449664
322373632
247227392
662332928
232223232
344282624
226834432
846633472
422492672
262329344
632246272
482343424
243236864
323723264
697322496
622687232
227382272
932329472
723282432
426834432
644263936
249272832
222234624
436626432
937362432
224223232
224922624
382239232
473746432
323322368
493323264
478244864
662324224
722362368
727924224
632462336
324363264
967822336
343324672
362292224
873727488
667423232
324233728
629283328
424682496
273974272
473372672
293364224
322622464
386427392
663237632
664232448
324368384
273339392
429279232
422283264
232276992
669223936
269224448
867427328
883343872
234783232
322294272
347262464
339723264
824374272
222262272
773323264
343263232
842292224
336423424
332276224
673934336
928223232
722428928
823374336
862492672
242666496
832922624
474686464
393874432
299282432
223643648
366226432
822283264
377447424
333223424
233247744
232476672
827833344
243679232
242834432
824244224
227423232
223263744
834396672
432436224
833662464
342866432
742847488
642443264
462392832
227427328
373223424
329782272
227623424
224223232
423732224
763636224
422239232
444383232
424249344
422324224
223672832
322772992
379342336
374223872
276293632
926262272
283444224
242332672
234932224
283226624
422226432
329247232
739449344
637733888
323232768
432442368
442663936
222943232
382324224
433827328
374326272
222222336
423742464
423826432
272223232
766247424
282382336
263793664
734262272
223324672
922292224
263222272
424348672
222262272
272382464
229343232
744233472
232863232
422646272
322233344
322937344
632377344
233229824
642783232
267282432
272423424
928443392
342286336
322832384
332496384
287333376
384223232
833294336
264223232
783222272
234339328
223337472
238222336
292263424
232692224
224223232
324366336
423273984
422222336
322228224
822329344
722343424
822623232
964442624
723263488
646224384
863327232
222226432
322228224
862437376
362742272
423224832
687327232
364427264
228946432
972242432
849234432
982644224
429428224
273423872
639263232
232376832
993227264
762422272
782222848
332447744
327693824
936373248
328633344
262327296
229942272
646623232
622234624
747922432
238222336
227423232
442422272
422226432
432232448
332647424
229643264
282642944
222482432
893223936
623227392
263323648
242293248
334682624
428946432
234236928
324923392
232292864
327442432
236643328
232223232
243743232
337234432
728863232
444263424
488334336
922294272
632223744
282473472
432423936
234332672
632722432
442322432
349428224
722343936
724293632
233332224
374324224
776284672
266463232
228223488
823323648
223839232
332623872
243446784
383422464
488722432
222388224
423322624
643427328
624628224
373663232
933223424
647322624
477323264
392233984
232922624
329232384
344372736
262644224
442324992
322447872
964327424
268383232
327476224
443423232
344223744
442322432
322279424
226332672
728244224
332383232
992223232
262324224
868242432
427423232
633227264
227423232
334644224
222632448
334222336
322742272
233272832
326442496
493223424
423867392
446943232
292263424
433422848
223926272
642934784
982623232
432924672
334226944
292662272
433933824
629264384
269722624
327226368
723743232
942674944
334632448
236392448
663762432
322236928
838283264
236964864
282293248
334473728
824628224
262262272
278222336
782277632
332236288
262964224
232937472
432249344
228727296
944436224
363444224
249242624
627342336
476942336
382748672
722422272
733326336
422427648
278633472
382629376
423264768
292229632
328724992
633234432
332626432
263783424
442743296
239222272
832333824
693223424
274292224
323428864
238222336
762463232
334773248
422263296
739482624
247673344
229993472
286222336
824837632
262326272
242932224
322998272
968233472
448223232
966324224
862222336
672287232
747322368
473227264
362292224
444626432
283427328
268434432
382826496
332624384
894623232
827743232
433336832
334623232
364383232
833232384
632382464
628882432
236624896
293347328
343732224
224922624
243292672
624333824
762847232
443444224
224423936
273384448
232249344
223222272
337447936
222462464
477622272
623762432
268222976
328244224
229223936
276762624
334234624
382772224
423948288
393362432
492237824
423327232
434322432
323749376
332284928
262264832
694234624
432843264
322337792
337447424
723636224
634422272
246682624
974738432
934264832
422326272
327732224
622687232
262224384
622222336
372432384
327222784
223762944
733684224
292283392
742283264
327243264
268622336
328822272
367924224
323899392
636242432
742633472
224822272
726283264
636724224
223272448
267423744
322827264
433336832
229727232
632223232
246326272
322233344
273332224
242373632
229428224
832229376
823962624
633443328
342923264
883743232
347623424
238629376
433332224
243764224
222943232
223324672
692667392
946232832
434322432
826622464
382633472
262862336
244293632
243924992
269433344
292447232
627239424
648287232
474228224
622392832
222426624
234932224
442473472
229224448
636327424
633247232
842233344
722463232
287222272
432884224
462644224
823732224
823222272
443922432
247286272
342823424
882332672
327222272
323787264
397223424
333663232
443344384
249339392
326324224
923623424
299444224
838222336
673362432
267423232
777823232
237643264
249447424
762299392
272272384
948222464
327263232
293748736
742322688
283467776
932626432
493494272
483423232
427423232
246736384
222772224
393234432
497383424
233362432
242229248
623722496
274233344
883423232
632223232
922642432
272436224
434232832
222263296
274842624
723892224
832282624
322394624
426422784
832229888
239822336
222222336
332383232
929682432
774222336
424722432
232272384
644724224
732222464
623327232
229242368
337332224
442463232
373338624
622994432
464466432
238244864
937333248
833334272
262633472
224763392
234942464
347743232
232782336
762292224
332222464
223847424
272274432
276622336
344464384
423694336
333223424
322228224
932278272
622328832
729234432
322232832
686693376
323738624
332946432
244447232
233396224
726239232
272223744
333266432
233642496
422224384
334774272
223243264
622224384
732942336
243226624
324686336
842443264
824633344
432333824
264244224
433247232
292277248
624223232
447324672
223237632
832227328
334823424
627364864
363868672
224389632
323423232
282228224
962322432
233268224
276286464
722422272
384822272
464223232
723432448
223822336
372442624
984334336
244442624
222746624
336442368
232233472
229663232
244342272
496223232
334222336
462332928
443423232
262923264
744229376
292242432
432373248
324276224
282642432
226362368
224927232
822326272
424249344
232379392
243226624
344372224
362427392
422286336
222667264
964328448
282932224
243423232
293343232
222222336
324383232
262324224
928223232
343442432
383433728
834842624
334992384
324278272
442472448
244342272
283689472
462943232
236222976
823322624
642229248
983263232
344423424
232274432
743668224
472873472
262623232
223924224
432443392
266232832
772242432
324644864
332963328
394743296
933343232
343263232
332344832
242642432
492342272
326264832
246879232
722324992
622329344
632927232
273462272
222267392
497823232
433422336
792244224
322424832
234422272
222226432
729273344
222347264
822497792
283423744
746249728
732276224
766823424
264423424
484242432
969332224
239222272
322229248
632743424
222372864
432844288
262247424
437432832
288244224
233332224
734943232
333236224
349433344
242282496
232246272
222262272
396222976
233662464
247668224
223222272
267232768
248863232
722322432
882783232
324447232
362228224
268286464
383924224
964472832
332242944
332663296
323832832
322266624
762422272
383327232
783732224
232372736
872223232
332222464
737334272
472244224
322783232
933433344
323623424
692626432
742264832
327422464
237643264
622646272
823222272
742776832
422292992
728628224
682663424
633242624
276683264
488927232
278623232
282873344
433462272
864436224
326228992
227922944
832223744
923423232
232824832
929823232
274322432
324342784
899423232
643323392
232372224
283482624
278943232
222923264
262823424
236364288
338322944
237364224
323284992
326362624
223693824
932923392
829622272
444427264
647839232
442642432
362228224
222623232
672244736
937334272
274363392
243226624
422226432
232223232
694674432
492383232
324342272
732434432
483339264
232823296
324282368
262482432
224223232
433247232
673823232
398324224
237627392
463463424
298323968
276222464
693223424
222262272
224822784
733223424
267922944
637842432
932328448
732222464
223224832
223924224
874422272
329464832
372342272
733722624
422222848
874933248
324229632
269944832
494623232
474932224
282678272
383823872
228383232
324622336
287378432
484242432
786322432
239327232
832223744
263246336
842386432
234422272
673272832
232423424
234934272
634484224
237732864
272666624
993332224
238244864
423732224
827226624
346322944
442322432
792223232
723333632
247224832
882228224
472822272
326833664
424249344
822627328
933433344
223924224
647222272
222364672
423348224
782222336
326224384
323382272
448223232
728338432
726324224
332263936
294226432
383284224
426847232
247222272
672333824
442228224
442742272
242847232
223392768
264223232
322228224
283367424
322394624
233234432
283743232
226932224
924342272
233232384
478482432
382482432
922424832
348442624
432274432
286823424
622682624
324223488
732726272
227646464
232244224
832287232
226234368
443367424
369733632
242363392
343336448
272223232
366994432
464232448
232233984
372323328
288274432
434373632
442292224
228293632
243444224
224223232
442622464
632244224
377322496
222226432
626723328
642622464
644238336
432743424
239224832
426424832
824223232
284343296
422222848
762228224
237432832
933686272
432223232
332324864
483423232
262322688
246234624
323743232
222347264
682742272
262324224
422222336
477663232
434463232
223227392
329823232
322422272
394394624
426228224
266742272
237432832
274962432
624223232
377782272
429863424
234344448
464483328
224244224
444734464
436429824
394232832
342324224
336438272
926222336
443922432
343668224
922386432
236634624
482229248
496223232
322936832
326226432
226228224
242622464
482484224
494324224
333236224
436337664
232223232
826232832
794399744
632338432
472863232
248628224
632799232
334264832
382226432
224229376
322228224
228222464
339743232
232242688
292264448
726249472
229264384
392223232
743962624
427674624
243226624
223647232
733492224
282847232
342428672
264722944
643323392
423429632
923323392
734482432
334428672
426322432
287442432
776223232
332626432
232244224
232233472
282422272
422324224
722873344
772222464
632722432
394942464
667444224
462262272
742234624
432223232
624423424
293394432
322842624
446943232
224282624
343732224
424438272
633332224
442362368
297274368
442228224
332444672
224249344
423284224
422644224
323282432
392287232
432922624
282232832
232244224
243282432
782928896
624782336
