32
32
44
84
44
88
24
36
24
64
36
28
32
32
24
24
92
36
44
72
32
96
32
64
32
32
84
76
24
32
32
84
36
32
68
68
48
24
68
44
24
32
84
32
72
64
72
72
64
32
24
72
24
36
32
28
76
28
36
72
24
24
92
64
92
64
28
48
44
68
44
32
44
32
32
68
48
32
48
96
64
68
64
32
36
64
32
68
24
72
68
32
32
96
72
64
32
72
84
24
28
72
72
72
72
48
96
36
32
68
32
32
24
28
64
24
32
72
72
68
24
44
32
44
92
24
48
32
72
32
88
72
24
24
28
32
24
32
32
92
48
24
92
36
64
64
64
32
28
72
32
72
84
72
64
32
32
32
36
32
64
76
48
64
64
36
84
24
48
24
44
32
32
28
92
96
24
72
88
72
24
64
32
96
72
92
64
32
24
64
32
72
32
72
64
28
84
72
72
44
24
32
28
64
36
24
44
88
44
64
96
32
48
92
64
84
44
92
32
68
36
24
84
88
32
32
72
76
32
24
36
24
72
92
24
28
24
24
76
68
32
32
32
36
32
32
44
32
24
64
64
64
64
24
76
24
32
32
24
72
32
24
24
36
44
64
32
64
24
68
64
24
32
92
72
32
92
24
24
32
24
76
44
72
92
48
96
24
64
32
36
92
32
64
24
92
72
88
32
32
32
48
24
24
84
36
44
24
36
24
32
24
48
88
72
32
32
32
64
24
24
44
24
64
24
32
24
32
32
96
32
24
24
76
64
36
72
84
24
24
24
84
72
64
72
44
24
32
64
32
36
32
28
24
72
72
44
36
48
88
24
32
32
24
28
32
72
92
24
24
84
72
24
32
24
92
32
64
92
44
72
64
24
24
44
28
32
32
48
64
32
32
24
24
24
68
76
88
32
24
36
24
48
72
24
24
32
72
24
32
68
32
32
68
32
48
24
24
24
32
28
36
84
36
24
68
32
32
24
48
64
72
32
24
72
24
72
76
96
72
32
32
28
32
76
72
32
32
24
32
44
24
36
76
92
32
36
24
84
92
84
24
32
28
32
76
44
32
24
24
32
72
36
24
88
32
72
76
24
24
28
36
32
32
32
28
88
36
32
32
32
32
32
88
64
72
44
48
32
32
24
64
36
68
44
32
32
72
76
96
92
72
48
36
72
28
36
24
24
24
32
72
44
72
32
68
96
76
48
92
64
92
28
32
32
72
96
24
84
28
72
72
24
32
28
24
32

