2222233823232
2222743928832
2222926239744
2222993424384
2223787474944
2223923724288
2224433332224
2224868622336
2226423988224
2226636324864
2227223972736
2228382793728
2229329682432
2229827346432
2232279834624
2232322228224
2232727483392
2233422222336
2233464274944
2233763868672
2233892639232
2233983338496
2234278674432
2234687422464
2236446277632
2236794642432
2237923344384
2238372734976
2238434279424
2242223327232
2242368479232
2243729424384
2244222222336
2249722847232
2262436282368
2264426938368
2266842267648
2267464679424
2272439328768
2272829497344
2273764276224
2273837432832
2276243472384
2279382239232
2282244636672
2282374692864
2283242422272
2283328438272
2284232638464
2287249477632
2292248346624
2293334249472
2296727322624
2322398324736
2322434322432
2322922364928
2324984933376
2332427747328
2332643982336
2336444393472
2338792372224
2339227828224
2342244667392
2342448267264
2343924283392
2344383627264
2349348323328
2362426933248
2363288223744
2366323642368
2366887993344
2374863224832
2376293842944
2378424287232
2389826322432
2389838266368
2396724277248
2422336223232
2424767643648
2426243383296
2427294449664
2428324282368
2432868286464
2433222623232
2438374772736
2442224369664
2442678239232
2446273363968
2462897332224
2463292726272
2468668243968
2472376338432
2472463429632
2473222864896
2474232348672
2476936433664
2478337247232
2478928822272
2497237392384
2622323994624
2627492732928
2632467382272
2634296297472
2637344489472
2638999222272
2642362933248
2643224887296
2643372942336
2643634962432
2644642234368
2644729823232
2662844792832
2682682343424
2688224329728
2693644222464
2697346842624
2727272927232
2732346473472
2734886633472
2742267322368
2742634266624
2748347449344
2762244882432
2773342623744
2777972827392
2822293684224
2822633422848
2824747333632
2826332393472
2833244946432
2833794367488
2833822236672
2836228276224
2837389492224
2839236323328
2862264287232
2866884378624
2893263224832
2922824466432
2923276329792
2933496373248
2936424628224
2943337243392
2948223246336
2962233483264
2962382782464
2962933323264
2964628242432
2966299273728
2969673622272
2972279826432
2973864886272
2977327632384
2987327734272
2992242622464
2996333327232
3222222239232
3223264223232
3223792244736
3227737367232
3227934737664
3228222283776
3228362293248
3229992267264
3232343729664
3233479779936
3234246672384
3234823962624
3237226933248
3237399373824
3238496722944
3242272223232
3243873733632
3244446793728
3244727227392
3247463632896
3247763226624
3249726262272
3263444287488
3264967222272
3266624692224
3273733822464
3273879373632
3278642282496
3282748342272
3282829627392
3283226763264
3287462879232
3288328372224
3289646628864
3298349279232
3322229686272
3322324242432
3322423222272
3323462897664
3326324963328
3326447222784
3327747276672
3328422838272
3336474322944
3347743924224
3362279663232
3362324732928
3368227774464
3372326286336
3373392282624
3374242873344
3379333644288
3383242297344
3384844222464
3393422263296
3398433397632
3424342376448
3424788283392
3426927243264
3427782672384
3436222777344
3437242324992
3463623493632
3463672762368
3472263438336
3473329434624
3477332726784
3487326732288
3492344927232
3622322322432
3622694326272
3624233227776
3624862482432
3627829223424
3633926478336
3634273972224
3649344233472
3662422843392
3668278247424
3673632227328
3674626228224
3722468327424
3723223262976
3732229363968
3734327826432
3734937464832
3737833247232
3763322228736
3768322424832
3783338399232
3784732729344
3792243474432
3823697332224
3824436363264
3826327486464
3844287627264
3848622833664
3862278733824
3892234622976
3892824244224
3892933343232
3927234834432
3932742772224
3936222646272
3982232927232
3994234343424
3996249882624
3997337643936
4222627282944
4223264292864
4223649733632
4223927844864
4224246349824
4227346464768
4228439998464
4229687476224
4233447493632
4233492283392
4233784246272
4238934239232
4242284347392
4242294964224
4242383437824
4242629394432
4248266932224
4262372222976
4263734329344
4264367772672
4267243233792
4272262299648
4273223786496
4274394292224
4279332363264
4279349999232
4284224372736
4288732987392
4322388344832
4324876222464
4326344884224
4326878932992
4332647273472
4337336844288
4337434386432
4338844434432
4342272786432
4342432923648
4349292724224
4366246477824
4366432272384
4369346343936
4373643423744
4396222439424
4424344436736
4427326439424
4432322322432
4436383924224
4436922728448
4443239743488
4443964342272
4446782226432
4474327237632
4474733663232
4477769662464
4479232794624
4494444724224
4499328466944
4622933274624
4623233739264
4626624282624
4627622264832
4628233396224
4632636229632
4634763743232
4644232298496
4672832274432
4683424333824
4683722932224
4696434763776
4722437873664
4724247822336
4733662332672
4762484342784
4763846836224
4782426292224
4828874932224
4834236432384
4837326262272
4839372324864
4863743926272
4872937273344
4873233383424
4882426232832
4892323774464
4923732344832
4926642932736
4932223736832
4932224483328
4938222772224
4973478838272
6222366646272
6223286329344
6223327479936
6223337422848
6223732236288
6229243367424
6232422776832
6232887263232
6236268724224
6236726243328
6238722373632
6242223439872
6242732923392
6244397236224
6249274343424
6269374992384
6277427638272
6287362228224
6296463839232
6323693773824
6324772833792
6326846226432
6332662923264
6332774337792
6334392927744
6344487862272
6347327422464
6364234727424
6397242292224
6422434873344
6434622332928
6434938847232
6438223429632
6442442293248
6444637323264
6486932293632
6632722962432
6642229837824
6648732647424
6674434228224
6722799648768
6723482443776
6732228722688
6732442386432
6737333428224
6748634382336
6766944436224
6782733877248
6793249462272
6798297268224
6823246823424
6823863263232
6838972342272
6842887962624
6863334239232
6873293242368
6884329439232
6933342733632
6942269472768
6944422367232
6963728744448
6982233882624
6984622669824
7227347226624
7228436447232
7232439932928
7242833396736
7269334377984
7277373222336
7279234228224
7322683834368
7328363922432
7332642277632
7347784679424
7348323483648
7373247243264
7382227894272
7384232927232
7392237479424
7392333497472
7392433434624
7393362262272
7423347326976
7424647888896
7428289462272
7442487263232
7622296722432
7626222793728
7643329247232
7663392446976
7689722729472
7726443282432
7763923343232
7763964493824
7766323794432
7822232377344
7823883239424
7829229332736
7836224933376
7846234324992
7864627986432
7898238222336
7932224692224
7933687824384
7944277243392
8222332944384
8222773837824
8223232223232
8223973244928
8234823647232
8237824229376
8239273426944
8243449823232
8244742324224
8247494836224
8247829266432
8262274793472
8269246734336
8272267444224
8282374668288
8283262943232
8284492726272
8323783243776
8329244442624
8329323239424
8336246243328
8338222964736
8342274834432
8342982623232
8344442437632
8363493347328
8364433932288
8367224334336
8376724242432
8379772434432
8428978962432
8436294623232
8438932242432
8444222373888
8447734923264
8499627343872
8626887327744
8634228277248
8647926239232
8672834322432
8674822324224
8732232843264
8748248334336
8823439392768
8834977234944
8863738232832
8923383263232
8926374223872
8928283262976
8983464247296
9222623649792
9222832668672
9223222837248
9223268622336
9226722742272
9227263868928
9228937326336
9234636263424
9238244327424
9242822836224
9246242783232
9264636444672
9294296223744
9297847222272
9299722223232
9322733242368
9323642474496
9326464229376
9332833333248
9333226363392
9333278244864
9369222633792
9436282748928
9442222866432
9447249272832
9492728297472
9628996663296
9643342823424
9643462262784
9662676323328
9693386422272
9732373342272
9732922343424
9823234424832
9829238243328
9872268263424
9929473247232

