22222222474346496
22222284343934976
22222326243262464
22222346733748224
22222372744986624
22222424767463424
22222432663732224
22222464936247296
22222827322343424
22222892672483328
22223224427249664
22223323482292224
22223373248692224
22223693823934464
22223839778832384
22223942783336448
22223992446222336
22224342662774784
22224832367689728
22226823732363264
22227232238862336
22227237464334336
22228234637672448
22228333433929728
22228384264224768
22228682328244224
22232232738422784
22232272394723328
22232348674228224
22232422284263424
22232829262823424
22232932267327488
22233383246462976
22233423879733248
22233622244622336
22234266272268288
22234342726729728
22234397667342336
22234422424633344
22236262236684288
22236337623822336
22236644442636288
22237288332263424
22239733323644928
22242277238243328
22242643462324224
22242772492222464
22244794432487424
22244873432334336
22247236237492224
22262322223927296
22262443344396288
22263883496423424
22264236439732224
22266262334324736
22266272283623424
22267292462972928
22269762376372224
22272237849673728
22272292473274368
22273323493736448
22273334223372288
22274732327436288
22274833696948224
22276222482382848
22278332672999424
22282227428622336
22282662373687296
22283234249342976
22283443268222976
22288632733237248
22289283339337728
22292949363277824
22292983224336384
22293294244429824
22294732294324224
22322224262283264
22322289343463424
22322292227923968
22322322786484224
22322464344244224
22323222493323264
22323284273332224
22323326244323328
22324332222332928
22324432372236288
22324722323226624
22326262374334464
22326423272423424
22327246342324224
22327884732432384
22328382327422976
22332226268233728
22332323842228224
22332363232333824
22332376333338624
22332837272223744
22334332232733696
22337223742439424
22337224327692288
22339846929383424
22342444337332224
22343622274842624
22344287832244224
22346238262247424
22346729224372224
22347296362266624
22349326332727296
22362229674344448
22362732232372224
22369443429482496
22372236662243328
22372342843834368
22372824423333888
22373333823246336
22373933728333824
22374278377242624
22379234377239936
22379432764243968
22382272497844224
22382296442339328
22382847222349824
22384347327627264
22386224224272384
22386442223222784
22389346422226944
22392274438324224
22392662823272448
22394223274622976
22422778932363264
22423229744283648
22423232228622336
22423239299432448
22423324248244224
22423922683674624
22424264248393728
22424426622222336
22426226238947328
22426783622627328
22427882337337344
22429276242444288
22432233274343424
22432323273228288
22433926924468224
22439224298962944
22442329722322944
22442479844327424
22442624233242624
22447426438692864
22449732836622336
22462622947344384
22463326922932224
22463682422243328
22466326427467776
22467992224333824
22469823229722624
22473327222226944
22473622774923264
22483486296244224
22483748234723328
22486323347324928
22487427264282624
22487992822923264
22488429493223424
22492447433293824
22494433948729344
22622269226876928
22622294232999936
22622648247779328
22624246378266624
22624436334624768
22626266336722944
22626298824228864
22626322234343424
22627222974332928
22629272237236224
22632292727267328
22637622332473344
22643633297424384
22644433923342336
22644692772323328
22662243223732224
22666493274292224
22672638429364224
22672744332263424
22673334336823296
22674243694362624
22679772243738624
22694633426386944
22722222823243776
22722276232986624
22722763748622336
22724333323646976
22724339249332224
22729926323994624
22732233892429824
22732332437864448
22734322223284224
22736728727322624
22736742383222784
22742326243639296
22748226344976384
22749437428236288
22773936247243776
22774424864292864
22786227723829248
22786233223348224
22823343828762624
22823633668276224
22824222392844288
22829329223737344
22832479347277824
22832663283892224
22832886237364224
22837332222222336
22839428329242624
22842744942624768
22863263647924224
22872627693748224
22876724463796224
22884422378323968
22892263333429248
22893362366644224
22922444226428928
22922792224948224
22923427642343424
22926433333837824
22932239878324224
22932847872442368
22933346633293824
22937237268922368
22938322327732224
22938332862283776
22944422427623424
22946433932427264
22963292224782336
22964876922322944
22982486233448448
22994292729332736
22997293242384384
23222232672436224
23222262436724736
23222322376372224
23222437232246784
23222926782332928
23222943336628224
23223232284327936
23223293234233344
23223387292729344
23223727324643328
23223826232377344
23224242737332224
23226234222772224
23226964337332224
23227398323232768
23227822338932736
23228636294283264
23229222263783424
23232336394272768
23232374268493824
23232422426443776
23232637632282624
23232976242868224
23233246462476288
23233323632246784
23233936329289728
23234922626678784
23236226277433344
23237366642638848
23242246648233984
23242324363444224
23242924426788864
23243338228432896
23246998232629248
23247272242446336
23247324427493376
23247383496228864
23248972332343296
23262236273332224
23263234233974784
23263837462462464
23264224732643328
23264234622222336
23267222732242944
23268342237364224
23272238349287424
23273223246249984
23273728793247744
23278623332622336
23282232322277376
23282382732263424
23282384292937728
23283723936743424
23284322427469824
23284887242932224
23289239634444288
23292228222222336
23292426228793344
23293823239323648
23322227283726336
23322267324776448
23322287223373824
23322334322294784
23323223237787648
23323224623284224
23323227329332224
23323932673993728
23323933943783424
23326229239824384
23326492388622336
23327463394787328
23333294833422336
23334268464267264
23334462242684928
23336342328692736
23337262926222336
23339326334478336
23339762483724288
23344234293362688
23347232233242624
23362992674832384
23366342232244224
23369842283249664
23372338326994944
23372472266293248
23373286436634624
23377272949223424
23382222698446848
23384232337342464
23384822272229376
23386292427423744
23387322472464384
23398943444434944
23422296932794368
23422676427472896
23424442243743744
23427333772222464
23432432676323328
23432492336283648
23432493626228736
23439383222943744
23439747229323264
23448733272244224
23462393263423488
23463332773429248
23463482263732224
23464692232224768
23466366724276224
23469322848436224
23472223433293824
23473242274922496
23477242673332224
23478228629323776
23482268928442368
23482666422632448
23484288334823424
23497624243666944
23622836633468928
23623396429326336
23632433824923648
23636226263482368
23636349238247424
23643269363662848
23643723424333824
23644266329972736
23666732222644224
23679336228323328
23683222223732736
23683393992462336
23698427288223744
23722682396442624
23723223232794624
23723763677236224
23732333229233664
23742224268263424
23744233822224384
23744322622734336
23744342326247424
23746222938783744
23762224337338368
23769632384483328
23773264222224384
23796323928244224
23822242269364224
23822623328698368
23824262992232448
23826924292276224
23832286323277824
23833947326644224
23836234829266944
23866723326394368
23872628862222336
23873222392233984
23873277433872384
23882732333236224
23922232888393728
23932234262642688
23932272483237888
23932337962974336
23949622722428928
23962294229262336
23984623232483328
23986222764392448
23989232636264448
23994473826484224
24222227734462464
24222332274868224
24222464263323648
24222627223732224
24223243332427776
24223422326243328
24223427422322688
24223843262398464
24226923722932224
24229484622249984
24232244786233344
24232263737278464
24236348248424448
24237426224922624
24239427232333824
24242383223783424
24242386939674624
24249342344822784
24263362848227328
24264734722228224
24266762442768384
24274243274932224
24274492239642624
24283464333262848
24292338773262336
24292764837347328
24292823362633728
24294686473322496
24297442822324224
24298322462244864
24324774267322368
24326322233278464
24333233243977728
24334482882428928
24338732938297344
24342237432446976
24347423943327744
24348226668724224
24362332772327424
24367223632969728
24376423222738944
24388222398234624
24422383297363968
24424228237344768
24424343727243264
24433467429224448
24433642224746496
24436433379262464
24437928282292224
24442724373774336
24443424262324224
24448228732698624
24462322223284224
24469428422836224
24473242328629248
24473732826267648
24474427326332928
24477794432372736
24477924277223424
24484492433424384
24622273644724224
24622829244776448
24622843343929344
24623324923428864
24623722842292224
24626224433332224
24627724444237824
24632873224372224
24633228277776384
24633727742324736
24642236378382336
24644493782286336
24662244247732224
24662464723943424
24663334242484224
24692242389663744
24728943262334976
24732242332729344
24743329948237824
24767442366234624
24774223322677248
24784922364346368
24799748324327424
24822264339726336
24822283222646784
24822322363367424
24823424744423424
24826377329639424
24832262372327424
24898334336483328
24899348233322496
24923234289844224
24937692424372224
24942362742226944
24942832282238976
24946224742268928
24947622493323264
24967442778292224
24973334323789824
24982273643249664
26222492462874624
26223367722467328
26223423333433344
26229323239934976
26232982423732224
26234282242473984
26236229263294464
26238634294247424
26242476228476928
26242884424433664
26247824436363264
26249488943284224
26263233726234624
26263676428222464
26272434737332224
26277393292222464
26283224988647424
26293322232889344
26294226627723264
26298363338293248
26324424242233344
26329446428442624
26332363424268288
26347343843229696
26363684437622784
26377443342286848
26383273436233728
26387422293786624
26394722236366848
26399926922932224
26422368339492864
26422732624232448
26423932326248448
26424479334629376
26433473333428224
26434436492427264
26434834368823296
26492283363262464
26494327926226944
26622272228622336
26623622992232448
26644234223222784
26644766338842624
26662323924762624
26663226886324224
26677844273332224
26682389737242624
26693226279272448
26724274333876224
26727493224628224
26732342462644224
26732426223476736
26736242364776448
26737684427833344
26746246677233664
26772646263422976
26782869293236224
26822223367962624
26822262273343488
26822288263348224
26864286327373824
26864687643623424
26866393237684224
26927433439248384
26937232244342784
26944262922829824
26979263432884224
27222722276327424
27223322377273344
27223397484724224
27224262246924288
27226442236428288
27226963848462336
27232822223437824
27234339274727424
27237332477343744
27238228293943296
27238644232224768
27242264922292224
27244493342244864
27262234864779264
27263462223642624
27264229322932224
27267232924237824
27272922882637824
27273777324724224
27282636222234624
27286939224244224
27293674648633344
27294333246222336
27322223283339264
27322238332698624
27322944426344448
27323276738494464
27327442438324224
27333822326243328
27334223642492928
27342242832973824
27342332864372736
27344349743284224
27368427826446336
27372622333722624
27382623422644224
27392262249332736
27393347637347328
27393447386382336
27422624248233984
27422672472244224
27423249632722944
27423448284266496
27423844249632768
27429333336244224
27438369222426624
27442672224436224
27478333632282624
27483342226292736
27623332229262336
27624272286449664
27633437638926336
27682322434228224
27693273233332224
27698222497333248
27728224293224448
27728323222634496
27733223447322624
27733373662224384
27739839243239424
27744834376433664
27767622432227328
27778373267226624
27827846642663424
27828938222862336
27922222429323264
27963632622772224
27983266393227264
28222232224333824
28222322679742464
28222466643984384
28223844623843328
28224224324222976
28224382769823744
28226382343962624
28227379264487424
28232622238334976
28232634228277248
28233223432372224
28242222232633344
28242238922293248
28242673872666624
28243274732273664
28243289224249344
28244444222324736
28246223634333696
28264943962423296
28272243448479744
28272326684442624
28272439833329664
28273232432922624
28287933427482624
28287943683342336
28322342282723328
28322832228286464
28323274228236288
28326624299237376
28332248423989248
28333728349323264
28336276874723328
28336822664822784
28342822448922624
28347328232423424
28362362263732224
28362772442382336
28367483226292224
28369222263373824
28372292332683264
28383482367442944
28393662422974464
28422296337383424
28427374474297344
28432329243623424
28438828337332224
28439223283482624
28442283224334336
28477992344223744
28483222832676864
28622642327322624
28628329233383424
28636373474279424
28637367233642496
28646732449972224
28647334424346624
28663229223272448
28669262344224768
28722493934862336
28729643272372224
28733266266292224
28733349873844224
28733442343796736
28734286278426624
28742442362339328
28743442234343424
28743729333387264
28788327227326464
28824823224336384
28882327383834624
28923623462928384
28932432497934336
29223846238224384
29224372637343744
29228722464227328
29228787492323328
29229333282422784
29234226442272768
29236667336884224
29243226223927296
29263436922322944
29284426263822336
29293822223843328
29323893423734784
29362322822823936
29362436982964224
29362743344922624
29363834423476224
29367332929234944
29382278249447424
29386444294324224
29396322227994624
29397622492643328
29426894424244224
29433394282364928
29442642328682496
29462633467674624
29499328822247424
29632742396264448
29682327248437248
29683246326349824
29732282872233984
29742444422627328
29822722833383424
29823462927433728
29827236247732224
29829433223282688
29832644262887424
29868826426343424
29892324448272384
29923963382329344
29932478229233664
29994342383222784
32222373229799424
32222432364724224
32223233932222464
32223293323444224
32223398373347328
32223773666746368
32223844774969344
32226393948327936
32227932933439488
32229483268276224
32229638778322944
32232284224487424
32233224873443328
32233322248372224
32233397473396224
32237232434233344
32237673324724224
32242429348282368
32243424994787328
32243838923833344
32246472322842624
32247232796233728
32249348924276736
32262796279332864
32263943443623936
32267343443263488
32267477326823424
32272227629236224
32272272498622464
32274247239327744
32274934423732224
32277386633232384
32279246483226624
32282822232244224
32283372233742336
32287473466343424
32292263462436864
32292279228432384
32292934233882624
32293628224339968
32294362728628224
32322332234723328
32322334232346624
32322347848433664
32323224222793728
32324234222923776
32324294232244224
32324363262222336
32324742368722944
32324772362932224
32324826836238336
32326227238846464
32326422928293888
32327246994932736
32327247836233728
32328442727497728
32332272963637248
32333722922382336
32334269234282496
32334824324726784
32337232222224384
32337249222426624
32337324469223424
32338737227833344
32339694743322624
32342842722484224
32343422684626944
32343943822442496
32348624847372288
32372222242848768
32372833432633344
32373482227236864
32382222226292736
32382224232873984
32382239282233344
32382986733748224
32384673233934336
32384724284473344
32392729626292224
32392924327378944
32394222334623744
32422228439924736
32423442337972224
32423922433437696
32424224844939264
32424636337422336
32427436224282624
32428324322279424
32429762337337344
32432698494222336
32432942293843968
32433763272228864
32434226272272384
32437334234382336
32438343293927424
32442222838284288
32442469828263936
32443873933492224
32463233429372928
32464432433332224
32469334224666624
32472442272743424
32472623226322944
32474442247962624
32476822276276224
32483226933264384
32488629223292928
32494733243449344
32498938464436224
32622376224227328
32623373662322688
32623437872922624
32623492982243328
32626272447627264
32627232262324224
32629234729383936
32632223249977344
32632332223463424
32634377224372224
32637373328867328
32638283492622336
32642638347239424
32673364624244736
32677427449626624
32687623892238336
32693494432333824
32697232772327424
32722242472378368
32722932322934784
32723432226422784
32724722383847424
32738273263632384
32743246324432896
32744238244429824
32762223622324224
32774444426723328
32783738632372224
32793263622733824
32793834244276224
32798462423924736
32823877224628224
32824224734773248
32824683424382976
32833464223924224
32834427382923264
32863396647223296
32887437246332928
32922238722637824
32922289493323776
32923323948662784
32923622427623424
32926942244634624
32936229849268224
32946222623883264
32982426733326336
32997344222674944
33222227928293376
33222232373428224
33222282338893824
33222322948276224
33222734433294336
33222737372622336
33223472273424384
33224233882484736
33226266262634496
33228844337332224
33229222243467264
33232272246964224
33232322232336384
33233377434292224
33233449644343296
33233693443964928
33234234683424768
33234826338238464
33236383946932224
33238242327822336
33242226323226624
33242637493223424
33243224836276224
33243832384487424
33246384246226944
33262294428942336
33262323936436224
33264637493262336
33268323632283648
33268977634443264
33277272423284736
33279282432442368
33282938423476224
33292332694923264
33294373428363264
33322342662733824
33322423929274368
33323232644222976
33324227622862848
33329424222388224
33332232349237248
33333472792682496
33336626224693248
33342232272297984
33343243642994688
33366723223486464
33383373834682368
33392328633483264
33422284343476224
33423436734234624
33424277993422848
33426866483232768
33426973333684224
33429943432249344
33432324384227328
33433426283986944
33433926943924224
33436883336822784
33442778226622464
33443944496234496
33444847234842624
33468284326772736
33482323372474368
33484822792372224
33487832664244224
33488326346932224
33492383224233984
33497222332299264
33622343364427776
33626324672446464
33627232232423424
33629236723482624
33632679264436224
33632828862234624
33634282343694336
33634463742222336
33642397388242944
33647422369333248
33662232443879424
33662822378766336
33667233722228736
33674368247267328
33686742833823744
33722264338366464
33724297632227328
33733222222823424
33734686748442624
33743242392846336
33743926386229248
33744247439228928
33744349273227264
33764643334324224
33767923624372224
33784227232874496
33822262872244224
33823762234343424
33826262936223744
33829283342647296
33843777882292224
33848232492662784
33873274626637824
33892222773362688
33922333229239296
33937822332223488
34222232482873344
34222329342222336
34222432843726848
34223222897934336
34224338724323328
34227822372323328
34232479424446464
34233284732387328
34233993724428288
34237392622239744
34242287742222336
34244222829723648
34244329624436736
34244784474292224
34262378822762496
34263634942623744
34273223428276224
34273826368782336
34277292236242944
34279229423222784
34286749272244224
34288384264372224
34292432727834624
34292746423369728
34294924232884224
34296423734329344
34332222326243328
34332423223246848
34332487433846784
34342996234272768
34343224222777344
34348642323922944
34349322232479744
34366732836323328
34368222973722624
34376422366347264
34382674622693376
34394228983332864
34394383776743424
34397224343322624
34422237632692224
34422333329373696
34422862324432896
34423322942324736
34423388239822848
34424237246644224
34424933976244224
34426263963377664
34427622237732864
34429323372724224
34432634733428736
34436732673982464
34438729222324224
34442422322724864
34472823267262464
34489433428328448
34622224277372928
34632344246943744
34633338364624896
34643438634663936
34648846944436224
34722687223332864
34723733362827264
34727232687243264
34732294734348288
34732994362343424
34733933442367488
34833323424743424
34833842269323264
34893333246836736
34923344679272448
34928438242443264
34932734476222464
34947447733223424
34962332893323264
34962722832973824
34968847922233344
36222264844222464
36222479622733824
36229246334263296
36229382262226944
36243838246846464
36262222974222336
36264266677223424
36267832622923776
36272483627433984
36322284744474624
36322339333238784
36323786893492224
36324262883229696
36332766846222336
36332942923726848
36342348773326848
36362764734234624
36367264492683264
36372638242676736
36373393344282624
36392323792333824
36432633266233344
36433496723226624
36438283422793728
36443329974632448
36483932286222336
36622748436922368
36623322892468224
36633427462324224
36642934644277248
36647242962333696
36698643323633664
36728238426292224
36737992292327424
36744642227994624
36799224373223424
36823224249483264
36826226477236224
36842262692364288
37223362349236224
37224227687399424
37224476224782336
37232672886226944
37233394393273344
37248332246286336
37322483449724928
37324323484729344
37327329343438848
37333363666249728
37342462226743296
37343736322228224
37362842487226368
37383423322226688
37423992366222336
37429322237927424
37439676824223744
37472736222222336
37623243224383488
37627224323383296
37629236422729728
37638933477433344
37674349322932224
37732344223924224
37742632969273344
37772498422923264
37846444224282624
37878732222234624
37932864396263424
37946233243828224
37978226363363328
37983363932473344
38224333938622464
38233322222247936
38233629323237376
38234366844862464
38238632263286784
38288466823348224
38297384962228224
38322433227423744
38326292273332224
38326736229433344
38328382629347328
38329249472446464
38333437332922368
38376444263399424
38424324222222336
38432286846222336
38436322224439296
38438934363242496
38442623223988224
38443223287332864
38466439432372224
38633463242293248
38643232426426368
38643444423327744
38646323672334336
38692732322377728
38727273442443264
38734682223476736
38746333437493248
38763272996388864
38833372243427328
38848334332428288
38868343323623424
38893227224334336
38983234432794624
39222243843342336
39222992226484224
39223443277283328
39232633222324224
39237446329933824
39242962296373248
39262234227277824
39266877233332224
39322272733728768
39342343293923328
39387322272743424
39394773273268224
39399228824223744
39427246272282624
39436624332324864
39436676333236224
39472238282932224
39623337323232768
39647669668282368
39668484222222336
39722423222329344
39727763863732224
39792423436222464
39823229474832384
39833222249447424
39864374423322624
39936332229663744
39943223378343936
39947244222283776
42222264423284736
42222296868323328
42222329228427264
42222392969232384
42222447476342784
42222672242343936
42222882933374976
42223229323444224
42224234737434624
42224327337443328
42224338782388224
42224398236647424
42224929646247936
42227223242932224
42229933343244288
42232222332223488
42232324734222336
42232723333226496
42234349792739328
42237333328232448
42242223366733824
42242272664223744
42242383893233664
42242942869438464
42243228249882624
42244483923836928
42246224489742336
42248632387239936
42262322622234624
42267228424372224
42269434328383488
42269772222332928
42274228337639424
42274772232634368
42282722864922624
42283373833322496
42284233342844928
42293232222732288
42293464428773376
42322262622732288
42324822277226496
42327232369422336
42327473342644224
42328874233626624
42334424288722944
42334624426622976
42337646337982464
42342272322932736
42343232437223424
42343662737424384
42344427467833344
42362342336692224
42363323232436224
42367223847223296
42378226223284224
42378444222234624
42382224833642496
42382249294823424
42392466424332288
42393422273642496
42422673434738688
42423222622224384
42424362728423424
42428329764323328
42428393974923264
42432328629927936
42433249328234496
42437242998226944
42442446732263424
42462983422476288
42463222492299264
42472242432442368
42473279347623936
42483844732944384
42484434349326336
42484672336232448
42492727422222336
42493292832227328
42494326293233664
42623782222823424
42624237642448896
42624933233393664
42628263226638336
42638444832227328
42638623492276224
42642442272374784
42673726624628736
42676226824863744
42692239343222784
42722237237428224
42722734236327936
42723464422883328
42724224322633728
42732373643624448
42742243347922944
42747339437236224
42768222332387328
42772393234464768
42794623332937728
42823276233228288
42823843823222784
42832432868622336
42838238322229248
42862244932878336
42863828794343424
42876242843664384
42893346942222336
42894362272333824
42927682668724224
42942333896884224
42944244926644224
42972337462247424
42986442279223296
43222282939662336
43222692282236928
43223263234228224
43227334364626944
43227429677236224
43229472488423424
43229643366334464
43232243322322944
43232448372277248
43233223232692224
43234243692724224
43242626233663488
43243334843498496
43243786324279296
43249627482292224
43262378637262848
43262783632244736
43263422728372224
43272242272272384
43273223372832768
43277246693646336
43289232379674624
43293843933364224
43296924322234368
43324224433422336
43326337292372736
43326389247934464
43326463742263296
43327749333786624
43329392723828736
43332238432272384
43339374963892224
43342223244263424
43362229942222848
43363389226622976
43369722937626624
43373232636346368
43376486224232448
43393963222923264
43394226743476224
43396233324724224
43399334433337344
43423493734268928
43423646234443776
43424224823476224
43424287448629248
43426232932663296
43443238493749248
43449472272826368
43462944268222464
43473238733223936
43486236663349248
43487823242723328
43492293922996224
43622276374462464
43627623244627968
43632342723723264
43692467924238336
43722224632332288
43722288842932224
43723223463886848
43723439282847744
43724722937462784
43737688239243264
43767723233332224
43782722276622336
43822629833342976
43828244826292224
43837332834484224
43848493248282624
43862823423442944
43867263223332864
43932884322484224
44222433622327296
44222893344423936
44223249369268224
44223263343673344
44223646226448384
44228393224372224
44228942326923264
44233398334734336
44234724277223424
44234747398324224
44238786423422976
44246747943272448
44273822223826944
44282622643273728
44282744326324224
44293272684724224
44322336262324224
44322342632423424
44322987923472384
44323232224739328
44344239848423424
44346333827432448
44362423264739328
44368882223284224
44374923262623744
44378329434292224
44378624228327424
44384682334224384
44423236722622464
44423726328446976
44424442322878464
44426338323922944
44427386332643328
44432626248843264
44432929943322624
44434432299368448
44437322922983424
44442284338446336
44464323862462464
44474644442382336
44483663483633664
44633232222437376
44642722227683328
44649228222332928
44649292432932864
44662642886836224
44663223839883264
44726923263246336
44742372322443264
44748439332323328
44778642393268224
44886462692327424
44889673222324224
44923264878772224
44923724237242368
44924774224232448
44938663234633728
44984244734263296
44986223223373824
46223398234423296
46228678266322944
46229228642893824
46234622333288448
46272242383847424
46272333933923328
46282422274228224
46283322633486336
46298229238923264
46298832933224448
46332269277364224
46343248322494464
46346422447374336
46347433764323328
46364682432282624
46379332386422784
46379448322228224
46386948222222336
46428983232823296
46434673897242624
46436984332222464
46462297832423424
46463292762292224
46464732484337664
46482962434228224
46622824332263424
46632347232436224
46637332332724224
46679224732729344
46688334432436224
46864722383732736
46879372433424384
47229942243262464
47234632626929664
47242634984423424
47272744293433344
47278243329343488
47292262643662848
47292368472244224
47322826889232384
47323433629237248
47328734264426496
47332284278243328
47332394268622848
47333222422327296
47336832826343424
47346922669326336
47347234844442624
47362277837242368
47422642266832896
47423277832863744
47433349384372224
47482222767243264
47484222742462464
47622772326334464
47822394274873344
47822442432823296
47823293223272448
47826323272433664
47833662343348224
47833943264722944
47969733634228224
48224432893722624
48238232227282944
48242677622243328
48278323423346688
48292272632733696
48326232222793728
48332363642339328
48333724337332224
48392222722228224
48392344727322624
48427672324276224
48432347262222336
48622236734324736
48627733429223424
48638264264884224
48679882246324224
48722433362362368
48734282893492224
48736423246823424
48898463282233344
48923742622777344
49222428372762624
49223333229428736
49228424228634624
49244233222324224
49247633262772224
49249974274228224
49266934663348224
49273223862288384
49274424838324224
49282424323964928
49337434462224384
49363624432336896
49366234636222464
49387432224227328
49392262288244736
49394742422667264
49422647279222784
49423677324263424
49427473274339328
49446429232398336
49474293336244224
49634328223678464
49634344276328448
49642339642638336
49663373487243264
49684332228378624
49732243776423936
49748422433439744
49822423238836224
49832227299262464
49947332324327424
62223222673833984
62223672482463744
62224822922379264
62229334863642624
62232826673332224
62234472348647424
62238426396622848
62242327742644224
62242396242444288
62243223272423424
62246377367322624
62249443674292224
62262462373429248
62264424894824448
62274996232372224
62278433422442496
62284324744986624
62284432328884224
62294422626238464
62297376393337344
62297648444473344
62322323332276224
62322328724963328
62324272433332224
62324822872424448
62328944423337984
62332792732643328
62333278638833664
62333433432244224
62338743228432384
62347632623732736
62383327234228224
62392626432442368
62422422323724288
62422627242737664
62432329222324224
62432682667278336
62439322444627968
62443873222262784
62464462232223744
62466393232244736
62483872264224768
62636792237236224
62639272246247424
62642633269837824
62648422628327424
62674236924493824
62728232242249728
62732346263322624
62734422322446336
62748824224923648
62767442623463424
62768622493237248
62783642422738944
62826238426742784
62862333492363264
62863836923363328
62872633632227328
62927242239246336
62927427346366464
62928747676827648
62929337392244736
62942323632242688
62942932486324224
62963263633342464
62972272932323328
63222234263322624
63222243627368448
63223284636942336
63228976822222848
63232732476942336
63234672433422336
63234733383327744
63236824784437248
63237283622682624
63237622233268224
63239233376922624
63239942342836224
63242243222667264
63244487249362944
63247229242638336
63283832294473728
63294634724622336
63322287922446336
63323466287284224
63324429446283264
63326394462633984
63326622472372224
63326873462243328
63327463773364224
63333324793396224
63342846422286336
63382334866292736
63384626883723264
63394292334772224
63424462426472448
63426437348327424
63427942284263424
63432238326939648
63433222268387328
63633232267444224
63633377274292224
63693922392244224
63722887432372224
63723222733492224
63726644644282368
63727284632223744
63744736872628224
63762364298723328
63839444322484224
63922323294388224
63924229833228288
63924274336333824
63924436224442368
64223373832224768
64223462372622336
64226267322384384
64227222223847424
64233337762234368
64234332632383488
64238632449343488
64238844446244864
64262393372233728
64267632242343936
64272328394932224
64299632232628224
64322249377333248
64323423227363328
64326243226484736
64334638762426368
64362233267748864
64362373728436224
64368622222442496
64386793822224384
64422287222243328
64432272233742336
64432832822378496
64437322673332224
64438233647284224
64447626342629376
64473228424249344
64493429282832384
64632243283623936
64633763842228224
64636963273322496
64663822429323264
64683928373428224
64722423222632448
64764272722673664
64782426244644864
64824372339277824
64826283273486336
64826332936372224
64842824222244864
64936462643232768
64938222223884288
66222923446222848
66223327342362624
66224267927322624
66232264432287744
66232477724442624
66242222723432448
66263932233842688
66296338234343424
66324284464693248
66329323742674944
66336322823479296
66386222722842624
66422973272334336
66426772733927424
66427832334237696
66463244229279744
66646364833972224
66674232234344448
66682483296436224
66723623228473344
66732647827636224
66839243443273728
66873233926324224
66933243246772224
66967292422324224
67222282223222784
67222298242842624
67227947326439424
67233334432739328
67243678923423744
67286223462334464
67293722432692224
67294992222388224
67324263226343424
67336628783284224
67343338289332224
67348222363828224
67362272222773248
67432923363262464
67442332327243776
67443646449844224
67474436324327424
67723222244622336
67736239438823424
67923238263422976
67924934326222848
68222634733338624
68232362639228928
68262742279323648
68274247223476224
68276372233273344
68322622676926464
68322963222429696
68332242227429376
68337762332442624
68362272722386944
68374633262874624
68389682622234624
68394223228944384
68433483424333824
68443922233294848
68477444243324928
68483246639284224
68483724396724224
68633826229223424
68793246242832384
68929223224393728
69224224222347264
69224294293438464
69224342666379264
69232263332327424
69266322424332288
69294827344232448
69323922772328448
69332424262926336
69347298942222336
69347472762322944
69422326663348224
69424232342224896
69433472744423424
69464398222393344
69498464382222336
69634332363423744
69636472382324736
69723382432628736
69762332243939328
69833323646263296
69923329242292224
69924236234932224
69944324442292224
69992333242343424
72222232987828224
72222262792372224
72222283276222464
72223294723227648
72223724298829824
72223828343783424
72224623247228928
72226463282233344
72226822237323264
72227282636242944
72227763237224448
72227973234622464
72229342726324224
72229436366782464
72229724224487424
72232244424474624
72232366947342336
72232423432372224
72232662949429248
72233439496372224
72234243243638784
72234322722422784
72236942234763264
72242232223924224
72242422663348224
72242928222732288
72243327928762368
72247279263473664
72262222232223744
72262334266343424
72262393272373248
72262622322229248
72263287392436224
72263339234343936
72273329234233344
72286626942222336
72289834462347264
72293223734839296
72323278672232448
72326422464823296
72328332284264448
72332263622836224
72334276223827968
72342422943694848
72344782683242496
72348622833844224
72362663328743424
72372722362343424
72373422227226624
72374336489742336
72382623238324224
72396324732469248
72432373382627328
72432893672423424
72434633824272384
72442322746343424
72444227462627328
72446432326926336
72624973662388224
72626282622222336
72633422372732928
72637226223722496
72643733942943744
72644222672437248
72648932242489344
72682227288244224
72722336328843264
72724963236323328
72732342274228224
72767227434467328
72826347467833344
72826722322292736
72829243633434624
72834423622926336
72864234397237248
72866622228922368
72872374679322624
72882284264423424
72946628636442624
72964732263284736
73232972232634368
73234833232232448
73242762293772288
73243697722933248
73269727234228224
73276743294332928
73284792423284736
73286387432423424
73292924428222464
73296228264247296
73322322677646336
73324842447273984
73332272232382464
73333223398923264
73343844437262336
73347468322996224
73364733282484224
73389727347342336
73393293622247424
73422326846324736
73422422493364224
73423323866382336
73424863833882624
73427828223246336
73427978633232384
73432874273439744
73434836626292736
73437824862388224
73446229743796224
73472482236432384
73479442843828224
73624632374329344
73646664636432384
73662232446222336
73667332423286784
73722223224373248
73742329322339328
73747342342324224
73823384246943744
73847224327274496
73877278232346624
73922274423373824
73926232822923264
74223273222733824
74232697224462336
74248632322228224
74262769272373248
74282736344334336
74322242343272448
74322922648633344
74327334368329728
74327363338346496
74328332893323264
74329836324323328
74342246224232448
74347333824282624
74423338662887424
74442732642238464
74464433446846464
74492726242443264
74622324636647424
74629722232848384
74662496393232384
74682933423243264
74732924422324224
74734224984244224
74742323843432448
74822942629822464
74826423379427328
74827242733436928
74832343462969344
74832392373387264
74922244322623488
74963343433273344
76222293263843328
76222433278623744
76223927624269824
76224224932724736
76232729827344384
76234384922443776
76246723223322624
76248232339636224
76262343622262784
76272622223228928
76322622326243328
76322673243242496
76339939373236224
76366972788277248
76373474362343424
76427244469223424
76427367372324864
76462292922236928
76724433272438784
76827474322292736
76942622823284736
76964322243723264
77222734793293824
77224343263248384
77228432229924864
77234226233278464
77324944328884224
77333232362932224
77342233478823936
77372492222398464
77422729244442624
77423226622672896
77438822224232448
77632236222234624
77632284798222336
77976233224372224
77988923262222336
78224226266382336
78224338634932224
78232323323363328
78262324332724224
78293922232393728
78322273734426624
78323229647437824
78342394337722368
78422923292442624
78424337932222464
78424836233232384
78462738323472384
78663266243444736
78724366642446336
79227468732432384
79232926633426944
79272242332286976
79273339242467328
79426233773236224
79637227672633344
79669747833274368
79943874422243328
82223682474737664
82224743733264384
82226422424272896
82227233423333376
82228282323369984
82232228727226368
82232323733274624
82232364282937344
82233487968436224
82238329243828224
82243237723766784
82263662937243648
82274377222324224
82296472324276224
82323348834484224
82323683222224896
82323696336666624
82324274622234624
82332229323423744
82333323223732224
82333733423284224
82334369342324736
82336224928333824
82362977777332224
82364377263243264
82367222892724224
82393684242333696
82424327222329344
82438838223372288
82442422843342848
82622323282673664
82623372724666368
82624236223463424
82632633288228864
82643246722842624
82722262424223744
82722933266448384
82723422872272896
82736266246373376
82762934463627264
82822729222324224
82823868762292224
82828922374324224
82832233323626496
82832422248382464
82832626374672384
82837334733963264
82846342472269824
82922234942324736
82922628232249344
82922834623463424
82928728239243264
82933238926393344
82962266238222336
82962966248423424
83226234294632448
83232632422268928
83233226943627264
83233623243423744
83263679322292224
83264424822964224
83269232464232448
83277629242343424
83282244283662336
83283327264227328
83293248247824384
83299443372343296
83323729793332224
83327223384244224
83333228264423424
83338873446334464
83344427663228928
83389724674228224
83393442423373824
83422776634638336
83423992622874624
83424244477722624
83426328283447296
83447469623476224
83464386823323648
83473332226228224
83482472426766336
83493294922727424
83494423624679424
83494622276222976
83496232223244288
83624922639433728
83632464948363264
83636232232992768
83643622973374464
83673734233227264
83674287622324224
83738433937342464
83783222688743424
83832492433342464
83873826223423488
83887267642343424
83932644247732224
84222236227239936
84237233248272384
84242224433332224
84246222732263424
84262249392242688
84263429644222464
84283423262244864
84322263243423744
84322728324366336
84332832894222336
84349227236327424
84368466337333248
84379626942234624
84424233243377664
84424496328474624
84482363328823296
84494822223642624
84643726477492224
84732284422324224
84733463466344448
84823672224743424
84824844322996224
84828727422222336
84829222874382336
84876824332468224
86224426462347264
86272836349722624
86284463373287424
86324238272692224
86333936748724224
86382723427467264
86422226323636224
86422623626723328
86439282264244224
86639438743732224
86642229324939264
86673222883344384
86784628274233344
87232484333223936
87242394336362496
87263842683322368
87272242232426496
87334234222362624
87373233466638336
87384426622746624
87396346272743424
87439322226622464
87467423282233344
87622333472636928
87679923232333824
87774333224933376
87832329223274496
87832422863732736
87933282332442624
88232286826266624
88232677297422336
88273937624334336
88276924234727424
88323744463847424
88422362432667648
88432223346229248
88462344232894464
88489322622222336
88622478334623744
88642436237623296
89234624228622336
89269334232293376
89287629362233344
89322722963324928
89366322462326784
89426224932323328
89722438462734336
89938224872423424
92222432242827264
92222433336692736
92223499234443264
92224842287284224
92229967422222336
92233622723493888
92263226963263488
92264343733223424
92272342467723264
92273349363922944
92282274292432896
92298229623226368
92322423833296896
92334393233768448
92336394422329344
92336749963444224
92342222244937728
92342744624922624
92348632292622336
92362462438883328
92423273433329664
92427463739326464
92432222669242368
92438236393242624
92438732783222784
92439762828263424
92462329342623744
92463839223349248
92473494462332928
92633222342836224
92633372836429824
92637423622324224
92683622647332864
92729423326772736
92732722464227328
92734847322292224
92742622824628224
92744349822222336
92823747232333824
92842772632436736
92878234273972224
92932223283339264
92938336232334336
92992324243636224
92999262737332224
93222723473768448
93228228226842624
93232442684473344
93236692247322624
93242822227623936
93242973222862848
93243296282443776
93244477322723328
93264343399374336
93269229822222336
93284633862733824
93286233394642944
93293324867764224
93293627924238336
93337344243892224
93363362234763264
93373933233982464
93432222929977344
93434224494772224
93437234366644224
93464233239822336
93478369282228224
93493782334439424
93623244448333824
93623646266228736
93623822343733248
93649236337972224
93684934782222336
93688223282233344
93733232926362624
93739224844468224
93742422833332224
93744332722446336
93962334732263424
94224243624247296
94226237664362496
94228462222442496
94229449842622464
94233394924683264
94322638342324224
94332324277223424
94333279242682368
94422722727223296
94462396726247424
94472228974362624
94642467327442944
94723232222674944
94843422426267648
94922238262247424
96224232392884224
96234293247934464
96242267736244224
96249882234322944
96262224428924928
96272623966224384
96292398824423424
96433838723432448
96486463323242496
96882422892724224
96883322669236224
96942426663223296
97223239324237824
97226328623284224
97232983784423424
97262246427623424
97273822729273344
97282847328436224
97322878624333824
97332932223442944
97337744632332288
97372827322638336
97382223264743424
97443223334682624
97622474247438336
97723322387324928
98229293942243328
98232336492724224
98282927422439424
98333423227662336
98337444228366336
98342222344224768
98364274226233344
98372822262349824
98622224386228224
98662672923623424
98922222424424448
99222323232227328
99222628734222336
99224722476343296
99229249699872768
99262436923367424
99322286344372224
99323282343223296
99324932344233984
99393232223223936
99432228364222464
99433223637479424

