6928
4224
2336
7232
3392
2224
3328
6272
9664
3328
8448
3664
3232
3328
4336
9888
4384
2432
4832
2384
3376
2784
8336
7232
6624
2272
8272
8736
8864
9872
2848
9232
3424
2384
7232
4272
7424
7936
8432
3744
3264
6432
9728
8464
2272
4224
2272
3392
3232
6272
6432
7728
4224
3872
2672
2432
8864
2976
2272
7392
8832
3232
4976
3648
4624
2624
2784
6224
7296
6784
8784
3264
2784
2944
2224
6368
3232
4672
2272
9232
9232
7232
2432
3632
3968
9648
2832
9632
3264
2432
8432
7232
2432
3872
3328
2464
7824
3632
7392
6992
2432
9872
3248
2432
7424
2432
9376
2272
7232
2736
2464
2992
2432
8672
8432
7824
3232
8272
8272
7328
8496
2432
2224
4992
3648
6432
2224
2464
2432
2848
8224
6672
9984
4224
8928
2224
3296
2944
6944
3792
2784
4288
2928
3328
3424
3232
4224
3344
2368
2432
3232
9824
2336
3424
3744
9264
6432
2432
9392
2944
8224
8736
6384
3296
9344
7296
3792
3824
9248
2384
3344
4624
2464
2672
3344
7968
2336
8224
4384
2832
4672
2464
3744
6224
2272
7232
9232
2944
4448
7376
8624
3424
8448
2784
4224
4832
2336
6784
6224
9376
3296
3968
2336
7824
7648
2448
7776
3344
2992
2432
2432
2736
9632
7792
7264
7424
4224
2432
4832
2448
3728
2832
7392
3264
2448
4864
2432
9632
9632
3344
2272
3344
7632
2272
3296
9232
6272
2432
9792
9328
4432
3472
3328
7264
2624
3872
4448
3472
3232
3632
2992
3232
2272
4224
2496
6432
6272
4624
4944
4384
6432
7264
2224
6224
3424
6464
9344
3232
8448
8976
8224
3632
3424
7632
9632
2736
3392
9344
2848
4272
2432
9424
4224
7632
8336
7632
2336
3872
2976
2832
3344
2432
4384
6432
3328
7328
3392
3232
7936
6224
4672
9632
2624
4944
4224
3424
3664
7232
4832
2384
3872
3328
3424
4224
4736
3648
3984
3744
3792
4832
2432
3232
3264
8464
4992
6864
3392
4832
2992
2832
9424
2272
3872
2432
3328
8624
3936
4272
3328
4224
3872
8432
2464
8336
2336
3472
7424
2784
9824
3264
6432
8224
2432
8832
4832
8976
6432
7232
2432
8272
3632
2224
2224
3472
3872
2272
7696
2224
7632
7328
3488
8272
7392
4672
4832
7232
7232
7392
6224
4464
7376
3488
4272
3344
7744
2944
7328
2432
3872
7232
7232
7328
7824
3936
4224
8432
2832
3344
3376
9936
2272
2864
8784
6224
2784
7232
3392
3328
2384
7424
6432
6624
9344
3424
2432
3424
2432
7424
4336
2272
9264
3232
2464
4736
7824
8448
3264
3232
4224
3232
2224
7632
2448
2432
2272
3424
3232
6224
9376
3328
9632
8768
4272
4432
4224
3248
7632
2832
7424
3472
4496
4224
7392
7632
4288
3232
6432
8864
3296
7328
2272
3744
7328
7632
3424
7392
8224
2448
8272
3392
2432
3232
2768
4432
3376
7232
2624
7936
7472
3232
3392
8464
3744
4272
2336
3472
7248
3472
7392
2832
2832
2976
2336
4976
3264
2432
2272
6272
4288
3232
9424
4672
3232
8832
8224
7392
4224
4832
2864
4624
2224
2672
6944
7424
3424
2288
7296
2368
2368
4384
2336
4992
2368
7264
7632
9632
3392
8688
8224
7648
2272
2288
9392
2272
9232
7248
2464
7936
3232
3344
2624
3296
7776
6864
9328
6272
3792
8224
3472
3472
7232
9424
8272
6944
7328
8864
2624
2784
7328
3232
6224
6624
4224
3264
3968
2224
3344
7232
4864
8976
3424
3872
3424
8432
8272
4832
3232
2496
3472
3824
3472
3232
2368
3248
6432
9376
9264
3664
4992
2848
7936
3872
2384
8224
2272
2432
4496
3296
4272
9424
7392
3232
2432
9488
4464
9344
2384
2272
3664
7472
9824
4224
3232
9824
2272
2784
2224
7264
2224
2672
9248
6336
8432
8832
3296
8768
3728
7232
2784
6736
2224
7232
2272
8432
3232
2976
4384
3232
4432
3232
8928
3232
3792
3232
3488
2784
9728
4272
8432
3328
3344
2432
2224
3744
2624
6272
7328
4272
6432
2832
3728
6432
2336
7824
3232
2224
9472
3296
4448
2432
6272
7472
2224
2624
3232
3328
3984
6432
7792
7632
6976
8672
2224
4336
9424
8928
2272
2384
9232
3232
3424
3664
6432
6224
4224
2224
2832
3248
4768
2432
2944
3936
3472
2336
2624
8832
7264
6672
6848
3344
7392
4224
7632
6992
2976
9632
7632
9248
3424
7344
2336
3232
2224
9232
6624
3232
4832
4448
7232
8976
6688
3424
3328
4224
2368
3424
3776
4272
3696
6336
2736
4432
2432
6624
9248
2448
8672
6336
2224
2272
7424
3744
3328
2464
3776
8928
9264
4832
2496
9248
2368
2688
2272
3232
2944
3328
9824
3392
9264
2432
9488
7424
8336
7424
7328
4432
6464
9424
2432
6832
9664
2272
6624
6432
6224
3824
2432
3424
7632
2848
7648
2976
4432
2672
3472
8272
7648
3232
4336
3232
9824
4736
2432
4224
3392
2432
2464
4384
9232
8224
2336
7232
4432
6928
4224
8336
6944
7232
3424
6272
2384
7264
2432
3344
2336
4288
6224
4368
9296
8848
7936
2336
2768
2432
9664
6864
2224
4224
7728
6624
2432
7392
3328
2832
6224
4432
7264
2496
8224
6368
2992
3472
6624
4896
8448
7744
6432
4224
6832
4224
6272
3232
4224
2272
7648
7344
4928
3424
2464
3632
4624
4864
4272
3392
7424
9632
2336
6224
7392
7232
3232
2432
9632
6624
9872
2624
2464
8672
9328
8928
8288
3232
4224
3392
3232
6784
2272
3872
7264
2832
7424
2368
3824
9472
7424
2224
2976
3232
6336
3632
6224
2384
4432
9632
3728
2432
2272
9632
2832
2272

