23279232
43237632
93263232
29343232
43982848
22326272
34422272
62623232
22239232
22964992
32222464
92347648
62932992
73632768
48282368
24223232
26642432
32282624
73236224
98637824
42323392
62228224
86226688
32342272
34623232
79226368
42222336
73439744
26223232
83423488
63442432
22424832
24323328
42239232
43732224
73343232
36223232
23243264
33362432
63222272
89349632
28734464
73867264
96433664
34482944
24922368
76383744
49927424
42492928
72222976
72474624
72223232
28363392
43386624
22437632
23246336
36372224
36434432
79482368
62343424
82623232
72244224
72389376
23924224
49678336
33239232
32383232
78292736
22972992
39349248
47467392
23222272
84946432
22362624
34834688
37229696
66622976
22324224
33236224
37932288
66827264
93942272
24822272
32244224
72247296
82427392
29223424
32223232
34642432
49682944
63327232
99449344
66633984
72723968
39348736
74494976
74746624
26282496
72288768
22644224
29672448
46432768
33234432
23222272
24246272
47382784
84442368
83644928
23322624
67779328
22239232
92223232
94847232
87822336
23377472
89332224
33497344
42729472
36924928
77223424
64223232
66439424
68626432
22226432
26372992
83884288
73426944
94328832
32223232
97426432
32882432
23272448
48462336
74329344
24242432
34399232
22222336
26733824
62924288
76823296
28392448
38843392
24223232
34729984
22846976
43748864
44236288
49492224
33347328
36626432
74697728

