88768
43392
83232
68384
86336
64672
77728
84736
24384
42624
38432
87424
93248
79328
26272
86432
79776
28288
24224
66624
76928
83392
69824
63232
23424
99232
47264
63232
44992
84224
73472
39232
92992
72896
83232
33344
73728
47264
24224
47744
74336
36224
38624
42784
22336
22432
62272
82336
93984
29248
27296
32832
78336
83744
66688
97664
72928
23232
23744
27232
26464
36224
84224
82432
76832
27424
63296
32288
29344
44224
39232
97824
23424
43232
22336
62464
74432
82272
27648
92224
36224
77248
33632
93824
62336
26272
63328
66368
98336
84224
72224
43744
33472
22336
63488
62464
46272
47232
22272
74336
36224
62624
46272
43328
67936
83264
39936
99424
32448
72224
27424
24672
87232
23264
72384
32448
89792
23232
74624
22272
46368
47424
32224
22272
39776
42272
67296
87232
72224
32992
47424
33728
39488
22336
98464
72672
44736
72224
39232
33344
48224
67424
27328
33472
22464
26624
43392
93248
86272
73344
43232
27264
86272
76224
29632
66688
22272
79328
62496
94272
38272
62464
42432
97248
76736
67424
22272
27392
44224
34624
73248
82944
43264
36864
42368
44992
22272
27264
72992
26624
42432
23232
68224
67392
72768
26336
74432
94336
88832
97728
47264
83232
32832
84448
23232
32224
27232
82624
22976
26336
43424
43232
32224
43264
23424
28672
22432
23232
82624
23296
29472
42496
26272
43872
27232
42272
24672
32672
22432
34368
49472
62432
26272
36736
93376
87232
47232
73632
32832
62368
22272
24864
32384
62464
42272
22336
48768
36224
62944
28288
22848
22624
33664
73792
47424
62624
24992
82496
32448
82432
22432
26368
92672
67648
42368
47776
73632
48224
64832
62784
42272
92864
72832
34272
22432
46624
43328
23648
38336
99424
26432
43232
42432
47232
46464
43232
97824
24448
28224
24736
62624
23232
23232
43232
42624
22272
22336
84736
32864
77728
38464
93344
74272
94432
76832
87424
37824
82784
42432
22336
83648
99392
42272
33344
42432
22976
62272
26432
23232
47232
33632
44288
27264
79392
36224
76224
82432
33344
23232
86272
23424
92672
23648
76224
37632
48928
28864
72736
66944
77696
36928
46272
74432
24224
79232
24896
37632
42432
32224
24224
26464
22432
46624
32224
72992
23232
72384
27232
22336
28384
22432
64448
22432
33792
27232
44864
86464
67328
22336
33472
23232
22624
74432
76224
94496
32832
22272
33344
29632
93344
34464
79232
24672
26432
27296
32224
22272
44288
24224
47232
24768
23232
32992
24832
44224
27296
28384
83424
32832
23232
36896
39392
44224
23232
23424
42688
84832
26432
92224
88896
37632
92224
23232
72832
68672
27392
92224
29248
46624
44672
26432
22432
34272
36288
44224
69824
43264
83424
24832
63232
42624
93376
83392
79232
67424
93472
23232
39232
42336
22624
43424
76448
93344
33472
39232
83328
96224
27424
62496
43264
42272
97344
67872
28224
23232
38944
84672
22272
23232
64832
23872
68224
24672
32672
44224
63872
26272
22272
87328
82432
22272
22464
46272
32832
87264
24288
33248
23424
62272
27232
22272
63232
23872
43232
96288
26432
22272
28832
39232
34432
44384
32832
36224
26432
94272
43264
32832
26272
23744
46336
23296
23424
23328
22432
32224
43424
72672
92224
28224
23232
23232
92224
43328
63232
47424
44448
83936
34336
79232
32224
62432
96832
66368
23872
42272
63872
26464
29792
32448
32992
89248
39744
24832
66624
64672
23872
28224
22272
42464
27232
42432
22272
23232
24224
36384
73248
83264
44224
72224
76448
38336
77824
94624
68896
49472
32832
34784
22496
39264
43232
87392
77632
26432
64448
26784
28224
94848
64896
48832
96224
28288
79232
82336
87744
73824
22976
43328
34432
23232
76224
66432
23264
38368
43424
62272
28288
82272
22464
22624
47424
72384
32928
22336
22624
84224
62272
77344
23424
82688
49376
99232
27232
39232
47264
39328
23392
22368
42496
48832
83968
37696
23232
22688
23264
24832
32224
24832
23328
23424
84448
22272
79232
44832
43232
26432
83648
22432
79392
48384
22464
62336
33664
84448
28384
34272
74432
33472
47232
22432
87232
89472
63424
92832
22432
47232
37632
73376
74432
23232
24384
82496
67232
93248
23328
23744
72832
24224
62432
22784
62432
22848
72224
22432
32928
72384
92832
22944
38432
82272
42432
43296
44384
28224
94272
79424
74432
39232
74336
89664
82336
87232
83232
47744
46496
92832
92736
44224
27264
33248
62272
84672
23232
28224
29792
26464
34272
33728
83328
23744
78336
23296
87232
47296
34368
72224
28864
26336
23232
26368
93392
44672
22432
43264
63424
43232
23264
62432
23232
83264
36928
36864
37376
33344
86432
99264
43232
22336
32736
22432
99744
48448
22496
22272
63296
24288
87232
22272
69824
82432
66944
24224
33344
92928
42432
24928
82944
83264
42784
84736
33632
27232
34624
24832
63232
73248
24832
39232
23424
78464
26784
23232
26432
24832
32832
37472
94464
42336
42464
36224
67488
42464
24384
39424
32832
44672
32224
63424
84768
23392
82368
44288
42976
92864
22432
32384
93472
24224
69632
42496
94272
38432
73632
26336
88224
74432
33472
23488
47232
76224
44832
62272
23424
22432
34336
82272
34432
46272
43936
87232
42272
23392
67232
33824
23296
62432
76224
23424
29728
39232
23264
73248
24832
23392
42432
32224
33824
49344
72736
78368
73472
27424
82624
22784
89824
33632
23232
77632
23328
86432
43232
77344
26432
22432
72384
42432
23232
62624
74432
23232
49824
73632
43424
43232
64832
32832
32224
93376
42976
24224
67232
63232
22272
22432
62272
38272
23232
33472
44224
32448
76224
22272
37472
23232
36672
73344
87424
26496
47392
83264
32736
34624
36864
66624
32288
87232
62272
47424
23744
29632
34976
86272
47232
22272
22944
23232
43264
72224
72224
38432
22624
94272
44288
42432
33472
37248
23424
72832
28928
43872
92672
23232
22272
93248
28832
32832
84384
24224
74624
34432
46432
33824
27264
62336
67232
43872
62432
33472
29248
83392
28224
28768
74432
39744
77632
33344
33888
92224
78848
72448
29632
89472
23392
24672
24224
33792
42784
62464
76928
34368
74432
32832
76384
23744
97248
22432
82272
23872
32832
36288
68384
23232
98624
62336
34944
47776
38624
32448
32224
22272
23232
87232
44224
23232
23872
93728
24928
62272
32928
29344
62848
68224
63232
27744
43648
86272
47744
39232
84448
96768
74496
93792
23424
49344
47232
72832
32288
87232
72224
36224
26272
22272
92224
94272
36224
44224
26432
67936
22272
48672
22432
92864
22368
47232
42272
92224
72288
78464
39264
74272
23232
73696
92224
97344
88224
22464
48832
72224
87232
48224
24832
22272
28224
33664
42336
24832
27296
32672
86432
27648
32832
43328
32224
97824
24736
22272
44288
42432
23744
63232
36224
26784
22336
37696
33472
32288
94624
46624
43264
92672
32448
22464
46272
62432
67264
98368
22848
22272
33472
42464
66624
22848
24864
88992
37824
49344
44448
44448
23296
38336
34368
32832
32224
78464
68224
99232
32832
84864
44928
23424
37824
39392
72224
34336
27328
23424
26432
34272
23328
22272
43968
63232
23424
42432
28224
24224
77472
22432
34496
88224
23392
77632
87232
78432
23232
49632
68448
43328
84288
23232
49728
67232
42272
74464
43232
23264
23232
22336
76384
62272
26496
42272
74432
82432
76992
46432
23232
23232
37472
28992
23424
28736
24448
43264
22272
24992
29248
28672
67936
73728
39488
26272
99264
23392
27232
98432
42624
87424
82432
68384
22272
28224
84672
33472
82624
22432
23232
24224
48224
72736
27328
47424
49664
27488
23232
22368
46272
63744
83232
48288
23392
92992
73376
22432
33344
62272
24736
72288
47264
42272
39424
23264
27424
43264
64224
37824
77632
64384
28288
39936
79424
23424
63424
92224
38432
32224
63872
43392
34272
39328
42944
34432
28832
46336
99232
23232
42944
62624
43872
93344
64224
36224
42272
94336
42368
43776
23232
89344
83232
62272
39232
23232
42432
22464
23872
93664
92224
23232
43232
93344
83424
29696
28384
83232
89792
92224
93632
28224
64288
74432
44224
23232
24224
48224
74624
23232
87392
26432
39296
63296
92832
87232
26272
42432
47232
72992
22848
23232
44864
36832
82432
84832
33472
32832
39232
29344
22272
26272
23296
32864
92224
79424
42336
23232
83232
39296
43744
93376
22272
72224
42432
22272
32832
42624
64672
34432
46272
73248
28896
37824
33632
22464
73376
32832
63424
24736
96928
76224
62848
34432
23424
33824
29824
68992
38624
34432
97472
29344
76832
29824
23232
22784
28672
23264
62464
34432
72224
33248
29376
63232
63232
22272
28992
38272
36288
67264
23392
26432
38432
24224
22336
24832
72224
72224
27232
24832
42272
63232
42336
34432
79232
22272
64224
22272
32672
72384
26624
24832
79424
26496
69632
23232
62624
63232
32992
22336
23232
89472
93472
24736
64224
83232
37376
42336
84896
23264
22464
63392
39232
26432
82336
47328
23264
33728
23232
42496
46272
32288
27648
79424
74464
23232
62784
63232
47232
27232
22336
42944
49248
49376
32672
47232
47232
36224
24832
67264
33696
62464
43488
43424
34336
43264
47424
74272
92448
44224
27264
82432
63648
37472
22624
22976
74624
23936
22272
37376
33824
89472
72224
36224
73664
82336
42432
62272
32832
33792
24864
22336
49664
67424
22272
23296
24768
94272
44928
84672
26432
23872
97728
24736
38272
26944
23744
44288
78272
66624
38272
23424
32992
42336
42272
46272
33472
33344
33376
78336
23232
68832
92672
32832
84384
96832
46688
93824
62464
23232
42432
29632
39872
76448
62336
23232
83392
22432
27744
86624
22272
62432
73632
92224
83232
26624
43424
27328
83232
36224
84928
43296
37376
43264
93248
22336
93376
23232
28448
22272
24384
42624
96672
83232
84224
64224
72224
93824
42272
74976
72384
23872
22784
72672
26432
32384
22336
28736
22624
36736
62624
64864
32736
34272
86272
43392
62432
62272
72672
82944
63424
26624
23424
48384
43328
62432
67392
22432
42272
99232
23424
37696
74624
27232
63328
39232
38464
72672
44864
63232
36864
43232
32224
84224
76224
32224
74624
32224
29824
32736
22336
66624
44864
67264
28224
32832
42272
22272
83328
46368
98496
67232
27328
38432
33472
43264
23232
93728
62272
33376
23232
79232
27232
23328
82432
43424
22784
93824
47392
44736
23232
62624
66272
77824
68928
42432
44224
67264
28384
23232
22336
67232
22432
63424
27392
32224
44224
33344
34624
47232
44224
38432
48672
22432
64224
42496
67232
92224
92832
64832
28832
24384
33824
32864
92224
94624
22336
22272
22944
22432
32832
27424
84224
43328
47424
23232
77824
92736
27392
29248
47424
29344
83264
27232
27264
44224
62272
34432
34624
32448
26496
83328
23872
27424
49344
73472
63872
22432
87232
28224
42272
39872
22272
77632
23264
22944
43424
39232
63424
32224
36224
72832
22272
67424
36224
26272
32832
73792
32864
43328
76224
74432
32832
44672
29248
39264
22432
47264
84928
32832
23936
74272
43328
82432
62624
89472
37632
27232
33376
27648
34432
99232
37824
43264
93664
22272
34624
27264
48224
23296
62272
72448
33728
22368
32672
27264
32896
23488
29632
24224
23232
24224
38272
23488
23232
44288
67392
22272
37248
87232
43264
24832
22944
64448
87232
34624
27264
72448
33632
23744
32288
34624
23232
22272
22272
87744
22336
92864
88224
28768
34432
72768
99328
23232
33344
93824
42848
62432
44832
72384
22368
32736
29472
24224
83648
94688
28288
42464
22432
69824
64448
32672
44736
32224
77472
22272
36928
42432
33344
36928
79328
24224
33472
28224
22272
23872
32224
22336
23232
24224
22848
22784
22432
39328
22432
82272
92448
72736
32672
34432
22432
23232
23936
47232
82944
72736
33472
32672
23328
23232
22368
27232
23232
33984
23264
73248
69632
29632
62784
23232
64224
86432
27328
32768
33344
47232
27264
26624
42336
42432
28896
84224
24224
23744
66368
26432
22464
24832
74432
28224
74944
67392
39328
29376
32832
62272
24384
47328
83392
22432
26432
44224
23424
43328
23232
46272
24992
94944
24288
74272
24384
23424
26784
42464
27328
23328
36224
33632
24384
27232
44832
37248
48992
23744
29344
83328
33728
27328
27392
43264
62272
67392
42624
23296
26624
37344
44384
32224
36672
93632
88832
32224
67328
42432
88224
22432
62464
62272
42624
43424
84672
34368
83488
82784
23232
28896
87232
37824
33248
22272
82368
34272
48864
87936
22336
42368
84224
32928
26624
43232
22944
44224
23232
22272
79424
88384
27232
79264
47232
27744
23296
83232
27328
79424
74272
28224
22496
82432
23232
22624
22272
32224
22848
28992
22272
77632
32832
22432
23424
32736
33248
34624
28224
23424
38464
23232
88736
68832
42432
23232
22336
32224
22272
93344
33984
63232
82432
23232
43328
38272
42624
32832
94272
83648
83872
62432
23872
29344
26784
23232
46784
99424
22432
92288
22624
22784
22944
22464
32832
77632
26944
42432
32224
22784
83232
27392
42272
76832
32832
23424
24832
23744
24384
63264
83232
22432
76224
93344
39232
44224
82432
93632
27872
37824
82496
92224
22432
34272
43424
43744
32224
83776
36672
92224
22336
34432
36224
67744
26336
27232
26432
23232
23744
42624
69376
39232
32928
93344
84224
23872
34432
39232
72224
26432
32224
79328
92832
86272
23424
23232
62368
32864
27392
36384
24224
92992
66432
48224
22624
28224
83328
22432
73632
63232
84672
32448
22848
23872
22784
23232
24224
43232
23232
36672
42944
24832
92672
42432
42272
72448
48832
23296
39232
32928
34432
46272
27232
23744
22976
48384
64832
32224
42272
86944
27328
32832
22624
44224
33472
28224
32928
63232
42496
24224
23424
83232
22464
29472
23232
27424
22336
76928
27232
72224
28224
28224
27872
42432
48384
24288
62272
92224
32384
22272
23424
42432
94336
23488
66464
78784
86272
23424
23232
26624
74624
43424
23648
29248
62848
39232
86848
22464
22272
27392
28224
22272
46432
73728
33248
93824
72224
92224
22272
22336
47488
23296
49248
27424
23264
63232
33344
26432
26432
22272
22624
99328
26432
36672
68928
26624
24224
47872
32224
32832
38976
33632
23232
22272
24224
46432
29472
43392
44224
39232
32288
92448
63264
62432
23328
23296
32224
23328
28928
27232
22272
23872
26336
67328
63424
39264
32832
68928
23232
44224
22336
67232
72736
44224
37376
22272
22432
42432
39232
42272
42624
46944
64672
34432
23232
63936
62624
23232
42624
84224
42624
43424
34272
47232
28736
79232
22272
62368
74432
26432
74368
22496
39296
23232
78272
23232
49472
27232
23232
23744
23424
47232
44224
22944
24224
22944
29824
42368
32384
23424
27936
22432
43232
29824
42272
34624
43392
67264
23232
26272
82432
44768
44736
44672
22272
24288
43264
42272
87424
33344
69632
44832
46272
32672
49472
79424
74432
24224
34272
36288
23872
86496
33632
42368
43648
22272
28224
47424
32832
22848
42272
22784
42336
43232
72288
46432
76672
26432
66432
23424
24448
62272
93632
24672
42944
23232
23392
67744
93792
72832
24832
38336
27232
32224
27392
22944
22336
42272
44736
72224
48736
42432
26432
39872
73632
22496
22784
22432
22464
23232
22432
23232
43776
93824
42272
24384
23328
74432
42624
27424
22624
22432
23232
32672
83264
44672
63232
22272
42432
83264
63296
27424
86464
38272
83264
77344
72224
34624
29248
29344
63232
23424
34336
64224
68928
92832
74272
42432
63392
84768
43936
22272
24224
78368
93984
96832
32672
33728
36672
42272
22272
23232
22624
44224
66464
22272
44224
24448
83328
44832
73792
22464
92992
29728
44448
93248
33344
29472
66336
26688
32736
83232
27232
32672
28384
23264
87232
23424
42944
44224
22336
74432
33728
32224
27232
26784
72224
24224
76672
28928
37632
44672
32736
34432
62432
38272
23232
36672
62272
62272
87232
82464
23648
22432
29632
29888
74432
22848
33344
93344
36224
77632
86432
93792
24384
23232
37824
34432
48224
23232
23232
23424
26432
34432
72896
22432
38272
87424
23232
32224
38272
23232
82624
42432
22272
33984
32384
43328
92992
73344
98368
26624
96384
32832
63232
62272
66496
23264
82624
26272
39424
82336
42336
22336
79232
29632
24832
42272
26272
39232
37792
44224
62272
27424
24224
42272
42624
32448
83328
32224
36736
94784
26432
99328
42784
32928
23232
48224
39232
97664
36224
76992
26336
23232
23264
27232
24736
36832
73664
62432
82336
22432
62272
39232
42272
23328
26272
94432
63424
62368
27424
24448
78272
22848
96384
33728
22272
33632
67424
32992
79424
72448
22272
23232
79232
44896
23392
23232
22272
73248
38272
23232
66336
63424
62432
76672
73824
29824
42336
22432
32672
46272
44448
84832
27232
72224
96832
42496
24384
22432
36832
29632
32928
26272
44224
26432
49344
22432
28224
42624
63872
93632
22336
42272
38464
24224
73344
37248
39296
33792
22624
32832
24928
29344
23936
23328
67264
82624
42336
38432
82432
22432
86624
82272
84224
23872
46624
48928
72832
37632
23232
34432
26336
64448
22272
92736
22272
37632
64224
34624
42432
36224
92224
42688
73344
89344
27328
24224
82432
34432
23424
23424
63296

