2
3
4
5
6
7
8
9

24
36

224
432
624
735

2232
3276
4224
6624

23328
32832
33264
34272
34992
42336
42624
43632
73332
82944
83232
92232
93744

229392
234432
244224
248832
272832
282624
344736
442368
622272
628224
772632
843264
929232
964224
973728

2223936
2239488
2322432
2332224
2333772
2423232
2473632
2692224
2772224
2927232
2939328
3262464
3322944
3483648
3642624
3746736
3796632
4223232
4333824
4362336
4368384
4644864
6234624
6422976
6642432
6838272
7336224
7463232
7493472
8273664
9222336
9232272

22223232
22228992
22372224
22633344
22722336
22742272
22837248
24244224
24323328
24634368
26293248
27433728
28643328
29323296
32223744
33247872
33343488
33364224
33426432
33623424
34228224
34463232
36882432
38264832
38382336
39227328
42239232
43373232
43436736
43483392
43763328
44222976
44826624
49434624
62394624
62777232
63234432
63286272
63623232
68447232
72382464
72479232
78962688
82446336
84229632
84344832
92332224
93223872
94224384

222234624
222372864
223222272
223248384
227332224
232464384
233233344
233422848
242362368
243637632
248334336
262324224
262393344
268222464
269236224
272323296
272498688
272692224
283433472
292626432
322337232
326322432
328223232
332422272
339282432
342226944
342392832
362662272
364943232
372233232
383422464
422682624
423263232
427273728
432283392
433423872
434322432
436223232
438939648
442294272
442423296
444432384
446644224
472977792
474292224
483743232
493682688
623476224
626932224
636263424
647442432
682463232
694324224
722639232
722663424
726292224
729322272
733362336
743323392
763463232
772434432
826232832
826343424
842932224
873234432
922223232
962233344
973897344
982388736

2222629632
2223438336
2224244736
2228622336
2234324736
2236626432
2248372224
2272822272
2276999424
2283282432
2287222784
2293422336
2349992736
2364899328
2484338688
2633637888
2639423232
2643342336
2723922432
2736623232
2836242432
2873332224
2877493248
2882322432
2923733232
2996434944
3222277632
3222343296
3222623232
3232244736
3232343232
3232438272
3238299648
3242322432
3322674432
3323322432
3328722432
3423337344
3434876928
3462262272
3466937376
3472342272
3872727936
3922463232
4222328832
4232466432
4237422336
4264372224
4276242432
4322322432
4322723328
4328423424
4342367232
4426727424
4432223232
4432232448
4796983296
4969423872
4974649344
6232246272
6323334336
6332442624
6348367872
6449974272
6942692736
6979924224
7223634432
7227263232
7329377664
7363343232
7373322432
7422234624
7442233344
7672299264
7873479936
7928347392
8223399936
8233242624
8249278464
8332222464
8632479744
8642322432
8648736768
9332226432
9346223232
9382334976
9443423232
9822394368
9832223232

