2266236928
2342324224
3496462336
8927967232
2677243392
3843892224
4342883328
8438326272
9298289664
9734243328
2234728448
2284273664
2323423232
2637283328
7384334336
8463269888
9822224384
9947922432
2299384832
2382992384
3224293376
2223222784
3962638336
4246367232
4883226624
2496822272
2932278272
3343348736
7736228864
2483279872
4333262848
7239679232
9233383424
6892432384
2223967232
3242934272
7724647424
2372327936
2792978432
3294623744
4628363264
6276626432
8896329728
2942398464
3242422272
3432884224
3778742272
2722363392
4428383232
2293686272
4337426432
4634697728
8822324224
7997263872
2264732672
7363922432
8822948864
2244222976
3443382272
2394427392
2724728832
6234463232
2222974976
2823323648
7742234624
8322842624
3269622784
7293236224
2422327296
9847926784
2492278784
2946443264
4233462784
7728722944
7722932224
2722746368
2329823232
3927324672
2462262272
7337439232
4662239232
2266847232
4322322432
4772293632
7322323968
3377339648
3786232832
4383429632
7432843264
9723922432
6286738432
2247647232
4249362432
6422223872
8374243328
2392382464
2774477824
4792973632
3743227392
6632276992
4792722432
7292239872
3473973248
8338322432
6364647424
3268242432
3643269376
8864822272
6337247232
7926372736
4924862464
6443732992
2473362432
2627228672
7333298432
8226637824
8373343232
3238838272
2269238272
2336227328
6223978496
2824722432
8296372224
3347284992
2727323648
2843666432
4622772224
9224382464
2299282432
3244622848
6443828224
3742236672
2242729984
8294324224
6623228928
9242932224
3646263296
3276242944
6262226944
2239233792
2844662784
3476364288
9328892928
4438243328
4243943424
3984223232
4462644224
4834233344
8624442368
9732242432
2646623232
2769229824
3793422336
3963623424
6392223744
7228299264
9374226432
8276882432
9377739392
4234322944
3422388224
3437428736
2273936384
4343223296
9839289344
6239927296
3363233792
3232333824
3339829248
6323472384
8632633344
3323674624
6422462464
8322332672
3422393344
4876627968
2366222336
6632628224
7349264384
8426872832
2334364672
2684222464
2398623744
2464436224
7722422272
2369247232
3862239232
8394962944
2344424448
7723237376
2793498624
7324263424
9372648448
6242422784
3343284224
3343224832
3233422336
4423286784
2336436224
2432229376
7328823296
2428883968
2484622336
2766797824
2986267648
6237672448
4232267776
2389433344
2828372992
2932882432
3777682432
4322292736
2646469632
6722337792
2782347264
6438247424
3624244224
7442322432
2292344832
3644392448
2332233728
2224632832
2642747392
2293323264
2663272448
6939684864
2743442432
3343429632
2332229632
8232633344
3424822272
2974393344
7684677632
2277942272
2423223296
2637279232
4822326272
2863762432
6233249792
3722339328
4847634432
3632233472
3332323328
3344267264
3748762624
9622223872
8826344448
4828393472
6272223232
2634373632
3982292992
6736863232
8823222272
3222964224
3296362496
3432466432
3462326272
7393434624
8266834944
2632464384
8222226432
9247627264
2442932224
2893876224
8734823424
4294846464
9464249344
2377823232
3674728448
3437438976
8927668224
2296293632
7288423424
7323477632
8322629632
2393332736
6283323392
2264249344
4342222848
4423734272
2242322432
2637799424
8792244224
2443397632
6464398336
7342277632
7327342336
8422223872
4322942976
8362232832
7224633344
9634322432
4286224384
4346386432
7227363328
3323747328
4244923392
7338463232
3443367936
6266676224
2496284672
3436869632
6237722624
3736274944
3263924224
9276263424
3228273664
2328927232
3243384832
3326992384
7673423872
4223843328
8223463424
3278644224
2622964736
8439963648
4722473984
6493343744
9773633792
2262264832
2248722432
9683423232
2278283264
2344638464
2432724992
2643236864
3664443392
8372344832
3332732992
6832632832
3627239424
6796982272
8364623872
2427922432
4266723328
2422938624
6423783936
2239734272
3862243328
2274484224
6342223872
3422738432
3292222464
4622478336
7929222336
4332393472
2822247424
3226742784
3332429824
6422923264
9268626432
2293428224
9346322432
4279288832
6223224832
2292478976
2347346432
3473247232
8324242432
8893238272
2682693632
9337332224
6833332224
4422633472
6367823872
6977462272
2683677696
4734772224
2462277632
2643427328
7783743488
2249398272
2942267392
4647324672
8349944832
2629727232
3243967232
6223227392
6627636224
8822334464
9227237376
2332223488
8222774272
2226873344
2623647744
2422482944
8322787328
8443282432
6883663872
7224287232
4638687232
2832227328
2262477824
8628263936
2399924224
2344338432
3249272832
2733433344
7392293376
3296239936
4627382272
4672292864
2229878784
3236276224
2342262784
7463327232
9783763392
2966243328
9487632384
3222887424
3226386432
2272666624
7736249344
2427623424
7936722432
6942823424
2633362432
9648487424
3762734336
8924342272
2474379264
2682463232
3442622464
2432244736
3426637824
4429928448
2333323264
4236383232
7734964224
3223263232
3473332224
4423237632
9682792448
4427282432
3632822272
4444263424
4432863232
4698676224
2722229376
3372323328
2677829632
3273248768
6289334272
7223634432
3638324224
2669493248
2426437632
3322232832
4346727424
2292233472
2343274496
3964724224
8723387392
2272837632
2867724288
3232223232
8233746432
2267428864
2333623296
2774627328
8636342272
2342943744
2448227328
9222277632
9867623424
3232827392
2472628224
3424232448
2694838272
4227643392
9383442432
2826463232
2243232768
2383634432
2767333376
2938847232
4462362624
2382247936
3422697472
7324383232
3883323392
6792638464
3272223744
8336694272
2428942336
2294633472
2336437248
7737833472
4626747392
7343992832
4762232832
9229822976
3672462336
3239974976
2394763264
4322962432
8327222272
3372726272
6447884288
8294623232
3297639424
9223324672
4883423232
2224248832
2722868224
2836667392
7423924224
4479864832
2622372864
2837274624
3277332224
3624732672
2822226944
3423847424
3292263424
3422732288
3782327296
9927482368
2322362368
8222224384
9233422336
9468244992
4436922368
6847627264
2442437632
3468229632
2626363392
2244338688
9733428224
4762267648
2663222272
2737932288
3472379392
8386742272
9334239232
6982837248
9244222464
8284967936
4839263232
9234873344
2292762624
7392823296
2279627776
2246436864
2874339328
7347766272
8323233792
9922228224
4634473472
8489833472
9343327232
9727399424
8836278272
3222226944
4384227328
3227428864
2223642624
4267382784
2764387328
7644383232
6322996224
3224346624
2334644224
3343243264
3382483968
3832372224
2332473344
3224287232
8827684864
3674238976
3962343424
3472463872
6293223424
9464338432
3226678272
8223224832
4944223232
2328682496
2224233472
2327373824
2299433472
8487263232
3437242368
6336693248
6332946432
4368229376
2227339264
3272433664
3397844992
6939342848
8229287936
9734223872
2722832384
4328628224
6227382272
9722642432
2323434496
3247223296
7742774272
2974439424
3322427392
2963423232
3268242432
3273279488
2422334464
3237689344
7232272384
7994422272
9227633664
9823337472
4298829824
2347444224
6384223232
3224269824
2492342272
2322422784
4362292224
2773387264
3226292224
6626332672
2427829248
3342926336
6264338432
7226488832
9742263296
6279328768
3347273728
2833247232
4223222784
6222836736
2227892224
2366367232
6324662272
8238738432
7233823232
4233342976
3223824384
6922463232
2297234432
4387423232
7663228928
8242783232
2492833792
3622623232
2639423488
2226422784
2672329728
2337334272
8823698432
3446243328
7922233344
3924242432
7322292224
2222623744
8237722624
2822326272
7472227328
3376374272
4372626432
2737272832
2434633728
6782226432
7733262336
4222797824
6282463232
6874292224
3336329472
4823223296
4763624448
7847442432
7222326272
3436777472
7832372224
2287642624
6434783232
4628323328
8328233984
7233426432
4242337792
3929797632
4627326976
2723228672
3242292224
3672334336
2628839424
2223228928
3294262272
8498832384
7239439232
2383263232
3372263424
6437873664
6247826432
4932276224
2236724224
2936372224
3273272832
9882293248
2349344768
3282962432
3436242944
3733223936
3664233472
6862222336
7492762624
8262648832
2329227264
2926876672
7948366848
2894393344
4378427392
2683444224
4862277632
6443476992
4222462976
2247749632
4922437632
6642229248
4373223424
3233337344
8273422336
4746463232
4497332224
4962399232
4733466624
6237343232
9437944832
2386664448
4246367232
9737278976
4223346688
4334823424
3232483328
4226484224
8388282368
3336423424
9429323776
8449334272
3647933696
4438286336
7442932736
7727634432
2823442432
2243226624
3629749248
2892392448
8323868672
6333646336
7629492224
2368822272
8233447424
9288223744
4746723328
7932222464
3223883776
2324348928
4874379264
4322424832
2496362496
8327989248
3344442368
3226482688
2234422272
6432223232
2423762944
2336483328
3332429824
2327263392
2223499264
8433682432
4233279488
4773927424
9284238336
3828327424
3372387328
4892434432
2843326464
2264679424
3922322432
8233336832
6242289664
8842422272
7322266624
3422226432
2278836224
3223373824
6344722432
7637223424
6727237632
7824462848
4297627648
2292222976
4633234432
6827932672
3334633472
2388278272
2989467648
4933343232
2222734336
8633823232
3873229824
7326324736
6242322432
2973364224
3733243392
6772242432
2268222464
2739344384
3374239232
3724468224
4334222336
3279967232
4242834432
4938236928
2927284224
4222478336
7343826944
4824287232
4624743424
4326326272
8233232384
2366347264
2692242432
3346233344
9288462336
3826444288
3264436224
7426234368
2326839296
3342798848
2268327936
3662222336
4934432768
3348242432
3444849664
2282276864
2686772224
6294324224
2449737728
2387226624
7336722432
7273627392
4246243328
6426232832
2397236224
2342674432
2432267264
2223722496
3698228224
6373946368
2244692992
9744233472
3448346624
3862224896
2233448448
8633247744
9873426432
9243444224
2722296832
2374324224
2422326272
3222943232
8822964224
9327222272
2367387648
3232697344
3932284928
8277223424
2463422464
2276293632
4983834624
2932644864
3384374272
7346923392
3222247424
8447429632
8922382336
7232436224
6266427392
2283487232
3272663232
2292242432
2332229632
4246426624
8242639872
2487322624
3333342464
3224348672
3223779328
8228348928
3324428288
4672223232
9432244224
3786363392
2633823232
3323766784
7223222272
3782223872
2329227264
2432632832
4934887424
3763322368
7737293824
2436969472
9444327424
3293972224
2228222976
6472223232
2642446336
2392293632
8883636224
3689232384
3243794432
9237829632
2796233728
3224722432
7623862272
3777349632
9722232832
6823222272

