3232
8832
9744
4384
4944
4288
2224
2336
8224
4864
2736
3728
2432
6432
4624
8224
3392
2336
4944
8672
9232
8496
4432
2464
7632
2432
4384
4976
9424
7232
9232
4384
2336
7232
2368
8368
7648
9424
8768
7344
6224
2832
2384
9232
6672
2864
2272
8272
8464
7632
6624
9472
2624
4736
2432
4928
3376
7328
2336
3472
2224
8224
7392
7264
3392
7264
3328
3248
3744
2368
3344
4832
2944
7232
2432
6368
7248
3232
3648
3296
9664
2368
6464
3232
2736
9664
9232
3968
2224
6272
3968
8432
9632
4896
8672
3664
7232
2272
2384
4624
2928
2272
7472
9472
2272
3248
7296
2336
2432
4368
3232
2832
3424
9728
2464
2624
7232
3472
3472
2368
6624
9344
2432
3744
7392
4224
2848
3632
3472
6432
7488
6672
6224
2224
3328
7232
8624
4832
6432
9792
3248
8224
3392
6336
3264
2464
3264
2432
3728
2272
6432
6272
2384
4272
2464
7232
9232
3232
4736
7232
7664
3776
3248
7264
9664
9936
2384
2624
3248
3824
2944
3232
3632
3728
7392
2896
6624
2272
7488
2272
2224
2464
3632
2496
2272
7392
3264
9232
2224
8864
9232
6272
2432
2272
7664
3328
2784
6672
8272
2944
4224
3232
2928
4464
6336
2624
3344
4288
7344
2464
3296
7632
6448
3392
3264
2384
7344
4992
3632
2368
8336
4624
6784
2288
7232
2432
6272
7776
2432
3424
8336
2224
3472
3392
7424
7328
8224
7424
2976
3968
6432
4832
7232
8736
4832
9232
9344
4432
2224
3264
6464
7264
3664
3824
2976
4224
3232
4432
2224
6272
7232
3424
2624
3936
2944
2864
3632
4864
9824
4768
8464
6224
3632
3392
6272
9232
7392
4224
7824
4432
2224
2976
9344
2672
3792
9648
6496
2224
3264
9232
2736
7392
4832
2464
4224
2992
3472
4288
6432
4432
6432
3648
4224
7824
2384
3936
3744
9424
6736
9424
2432
4224
8448
3488
2272
6432
7632
3232
2464
4624
4224
6944
4624
9264
2624
4832
6224
9632
3232
8496
4432
3824
2224
3776
3664
2336
2672
2784
6224
2224
2224
2384
2272
4864
6272
3344
3424
2832
4464
4832
2736
6832
3328
2224
8272
6272
9344
9936
2848
6288
7424
6832
3232
4224
3328
3632
9872
3392
6224
3424
2384
8272
8224
9232
3824
3792
6432
3264
7792
7744
2272
2464
7424
2224
3344
2928
7232
9632
3248
3264
3632
2432
7824
7424
8224
8768
3776
2688
6432
8224
2336
6224
7248
2272
8224
3424
3232
2272
2624
9232
2368
9232
3632
2768
7232
4448
2624
9824
6624
7232
2928
6736
7984
2336
8224
4368
2432
7632
9424
3648
3264
4272
7232
9424
7472
4624
2272
6976
8896
2272
3232
2432
3728
7232
6976
9472
2432
3232
3824
4432
7344
9424
2736
3376
4992
6432
2336
2224
4384
3392
4384
7824
3232
4928
7232
9376
6944
3232
4224
6224
6432
3472
4336
4224
8288
3232
6272
3776
2624
9424
3328
4736
4432
3232
7632
7328
2288
4336
2432
4432
2432
3232
2432
3888
3264
3872
7744
7248
9232
2432
4224
3264
4336
2768
4944
2832
3232
3872
2976
7296
9792
8672
7248
2336
2272
8928
6336
3424
7424
6224
3232
4672
3744
2272
3232
2368
4496
9376
3248
3392
4864
3792
8928
6432
2832
7472
3296
3424
2784
3328
2272
2272
3424
4832
3328
3424
7232

