7488
3232
4832
2224
8496
2432
6432
7232
6976
3472
3232
7296
3424
2928
7472
3728
6944
7376
2448
7792
3728
3232
8832
9664
8224
9328
4368
3424
7728
9392
8832
3232
2624
9632
9936
7232
2832
6432
2336
7648
8672
6272
2224
3232
6224
3632
2832
3744
2432
3728
6784
8928
2832
2448
3344
2624
7232
2368
9472
4992
7424
2432
2784
2736
2944
9888
2272
4432
3424
8224
2432
2624
3232
2944
2272
2272
9232
3328
6432
3744
2272
4832
4336
7872
9664
8464
4336
3328
9248
4224
6224
3264
6464
2832
3872
2336
3232
4336
9232
3232
6224
7984
7632
6624
9376
4928
4224
2224
4832
2624
3264
9424
3328
7328
2928
2224
3872
2384
2224
3424
3664
3824
8224
2432
7248
2784
7328
3264
8672
7264
2272
9248
2272
9824
3632
3824
8448
2848
3984
3472
2432
7232
7632
8672
4688
7344
2624
7872
7632
2848
3728
2288
7632
3264
4224
2624
8336
4224
3232
2448
2336
9248
2224
7264
2784
4432
4224
9472
2768
3424
4384
3664
9232
8768
7744
3232
7696
7424
3296
4624
2864
2288
7248
2272
2992
3424
8224
7344
7632
3984
2336
3936
9232
3296
2832
3232
9232
4448
8224
4224
6272
3296
2432
7232
6432
9632
4832
2336
8832
4624
2432
4288
2224
6624
2624
8224
8368
2336
2624
2432
2368
4768
6272
2224
4624
2832
2272
8672
2432
3232
6672
7472
6432
3232
8832
8992
4224
2992
4272
2944
7424
6272
2272
4448
4928
2464
2224
2336
4624
3232
2464
3936
8272
8224
9728
7232
3264
3744
3232
6432
7232
6848
3936
2624
4432
7232
6832
2944
2992
2272
4432
3232
7392
9728
7632
4784
3232
2224
8336
8272
3232
3424
4224
4464
6336
8784
2336
8224
2976
2288
6272
4832
2336
8336
2272
4432
6464
6624
3376
8272
7232
2432
4496
2992
2432
3248
2384
4896
8944
8432
6928
3488
4224
6432
2832
9664
6976
3232
3472
7344
2224
2624
8432
2432
4976
3424
2224
2432
3264
3232
4432
3344
2432
2272
4336
7424
6224
2688
3392
8368
4448
7328
9472
2384
7296
3424
2688
8224
8224
3392
4944
2224
7872
4992
6448
6272
2464
2224
2832
3472
7392
4224
2464
7232
2464
3232
2432
3232
2272
8944
8432
4272
3232
3232
4832
2384
6272
4736
3472
7232
3232
7424
3424
4272
8688
3392
9664
2272
4224
3936
2464
3232
2624
3744
2432
2336
3232
3824
2432
2272
7344
2944
8448
2336
3744
7392
4432
3296
7632
2224
8224
3424
3392
2464
8384
4224
2464
3232
3248
6624
2864
7232
8992
3392
4368
2224
7632
7936
3728
6368
4224
2624
8864
4224
6832
2384
3792
3632
3328
4288
2272
2992
4432
6272
3264
2384
4336
7232
2432
2624
2928
7232
4224
8736
2384
3232
2272
8224
3744
2272
2288
3344
4736
4224
2432
4224
4672
9296
2432
7632
3424
3232
3472
2224
3824
7376
2336
3232
3824
2432
2944
2464
2224
3232
9472
3744
3328
2432
4464
4976
7264
4496
2432
7232
7424
3232
4448
6944
2432
6432
9248
4768
4288
6224
2272
3792
6384
7936
9232
6368
8672
6336
4432
9232
2224
9376
3232
2432
2272
3424
2272
4672
7664
3232
7264
7232
8832
2224
3424
4224
7632
2832
2832
3344
3296
2944
2272
6272
4224
8672
3264
3424
2288
3392
2848
2496
3344
2832
2432
2432
3472
6464
7744
2624
7232
7232
6944
2336
2224
6224
2224
2272
2672
2224
2624
2272
4832
2224
2432
3936
3824
8224
2432
3232
3872
7264
4224
4832
3472
6864
3264
2832
6928
6272
9472
8224
6672
6336
4384
4336
2336
8224
2464
2432
8432
4224
3232
8832
2336
8624
3664
2832
4224
2272
9424
7424
4224
2272
6272
3424
7392
3232
2672
3264
2464
2624
4432
9248
2272
8672
2944
2272
7872
3232
3264
2224
4224
3232
4768
6224
6224
4832
8864
2272
2272
6224
2624
7472
4384
2848
7328
8224
2272
4832
6832
2224
8224
3344
2336
4288
3232
9392
7744
2272
4224
7392
7392
2768
3344
6384
4432
3232
7328
6864
2432
2944
2336
2768
4976
2992
6224
6496
2336
9696
7264
2224
3392
8832
3632
3392
6432
9296
3472
7424
4448
3232
9488
8224
2224
6992
4224
3344
3328
9744
2624
9792
3424
3648
6368
3232
2432
2464
3424
8624
7264
4736
6944
2784
3392
7424
4224
3872
6384
3872
6224
3264
3232
6272
8224
3344
7632
2832
2432
4624
4224
7264
2464
2464
3344
9232
3264
6272
2336
4224
4624
2272
7328
7696
7328
4896
7232
9296
3232
9472
3232
3424
2272
2464
2272
2336
2432
8928
7328
2944
7392
2624
3776
6368
7424
6432
2272
3296
2272
4672
4224
2224
8992
2464
2432
7424
4432
4224
9664
2624
3232
3344
8736
2624
8496
7376
6432
2672
2624
2832
7232
7296
4672
3936
6272
9632
4224
6672
4272
7984
4736
4432
2336
4224
9376
2848
4224
8432
3232
3392
7328
8624
4768
2432
4224
2272
9984
6272
3344
6736
6432
3296
4448
3232
9632
9824
2288
4896
2272
9984
2944
2432
7744
2432
7424
6224
3232
2496
2272
2272
2624
4672
4688
6432
8288
3344
3392
3328
6272
7792
3232
2272
7232
2384
4832
3248
2976
3888
6336
2272
4624
2432
3328
8224
2624
4384
6624
2224
4928
4224
3232
3664
7232
8384
3232
2464
4432
9344
6272
6384
4896
3392
3264
9424
3232
2432
7424
3248
2928
3376
2432
6432
2432
7264
6224
3232
9632
3232
2368
3696
2336
2336
7424
6672
6224
3936
3232
4224
3392
7424
2272
2944
4432
2624
2624
8784
4272
7648
2224
2432
9232
2784
9376
2272
4224
2832
2432
3296
4272
3744
2624
9232
2432
8432
6272
6224
3936
8464
6384
2736
3824
3232
9472
3232
4832
3328
2368
2624
3328
2624
9344
3232
2272
3392
4496
7936
3232
2624
3248
3936
9392
7232
6432
3248
3936
2224
3872
6224
4432
6224
6432
3392
4224
8976
2432
2432
2272
3232
3984
3232
6672
2384
7776
4272
4384
7232
4448
2224
7232
7632
2272
3232
4832
2896
3232
6224
6336
3232
6624
2336
2384
8672
4448
9344
3232
2464
8272
6272
6336
6272
7632
6224
4736
8224
2672
2272
3728
2784
3936
6832
2336
2224
4896
8336
2464
3664
2688
7248
6672
8992
2848
3424
2432
6672
2224
6272
2432
2832
3232
6336
2672
2272
2688
6432
4864
3296
6432
4432
4432
7328
7488
2624
9232
4368
6832
2464
2672
7264
4624
8432
4624
2624
4672
7648
9328
8448
7264
3344
3472
8272
2848
4288
2368
3232
2224
4224
3632
4624
6448
3232
4272
7328
2336
8944
4272
7424
3232
2944
9472
9296
6272
4224
2272
3328
4224
2432
9632
8272
2272
4224
6432
6624
2288
2272
3232
2864
9984
9376
2672
2272
2464
4944
3232
2368
4368
2272
3984
2848
3392
7472
6784
8672
2272
2464
2624
4224
2896
4384
2992
4432
3232
3472
2432
2336
4224
6672
4432
2464
9632
2976
7296
3744
7824
2464
8224
7232
8976
3248
4224
3872
6368
7824
4928
3328
2272
4384
2832
2432
2944
8224
7248
2224
2864
4224
3296
2496
6368
9248
3424
3424
2496
2272
3232
3344
4224
4224
4224
9728
2672
2672
7232
3824
4448
3424
6464
7424
9232
4224
2384
6432
2624
6336
2288
3232
8224
8432
7792
6944
2432
2224
7232
3824
4672
2832
9344
3792
2272
7792
4928
2224
7744
2224
2448
6272
9392
3264
2384
7328
2336
4336
3328
9472
6432
3984
6688
8224
9472
4272
9792
4448
9248
7824
2272
3328
4736
4832
2432
2272
6224
4992
2432
3248
2864
2432
2272
2928
3232
4432
2336
2336
9376
4224
8832
6224
6272
6464
8464
4224
2944
2672
2432
2848
7424
3392
7376
2272
4784
9328
3424
2432
2432
9232
3424
7936
4944
3424
2432
3392
6336
3232
2384
3232
2272
7728
3632
3232
8336
8224
3344
4448
2336
3232
3296
3232
4224
3744
3424
7424
6336
8432
4896
4736
4432
7264
8384
6368
9248
3936
3392
3232
6432
4336
9232
8224
4928
3232
6272
2272
9648
3296
6832
3648
3264
4992
2784
2496
6624
2336
7872
2832
9232
3744
6272
3296
3248
3936
4624
7424
4432
6336
3232
4448
8864
3344
2432
4432
2928
3424
7424
6992
9232
8928
4384
3728
8944
7632
8224
2224
4624
3392
3824
3888
6368
9472
2944
6432
2272
4624
3232
2224
2432
3232
2336
9344
4272
8432
8624
3632
3344
2224
3232
2672
4384
3424
3232
4224
7392
4976
3872
2272
4288
9296
2272
3872
6464
3232
2272
2432
2432
3248
9472
4832
6832
3232
7424
9392
9696
3424
7392
6368
4832
9232
4224
4272
3632
6928
3232
2624
2272
3984
4384
3824
2672
7232
3232
9232
6944
4224
7392
2928
4384
3872
6864
2224
6432
2432
2464
3632
7472
2848
2272
3632
3232
6896
2432
6832
7232
4224
7232
3392
3376
9232
2224
4432
9264
2464
3728
3296
9232
2976
7728
2432
9424
3664
7424
3232
2832
3728
7632
2976
8272
8272
3472
2464
3744
6496
2224
8992
3936
4224
6832
2848
2624
3776
3232
2224
4624
3232
2272
4432
3232
8448
2624
2224
6624
8672
2224
8992
6272
9296
7488
2224
2272
4736
8224
6432
3776
3232
4224
3872
3232
6432
2384
2448
8224
3632
3232
3424
2432
7328
2384
2928
3872
2768
2976
4368
2832
3232
2272
4224
7968
3344
6224
8624
8224
3296
2288
2496
3344
6272
2272
2272
7824
3728
8464
9344
7248
2944
9824
8336
9264
2832
4496
2432
7264
6288
2448
7744
2848
2448
3648
3328
2624
2432
2432
3232
3728
3328
2432

