488
232
832
224
496
432
432
232
976
472
232
296
424
928
472
728
944
376
448
792
728
232
832
664
224
328
368
424
728
392
832
232
624
632
936
232
832
432
336
648
672
272
224
232
224
632
832
744
432
728
784
928
832
448
344
624
232
368
472
992
424
432
784
736
944
888
272
432
424
224
432
624
232
944
272
272
232
328
432
744
272
832
336
872
664
464
336
328
248
224
224
264
464
832
872
336
232
336
232
232
224
984
632
624
376
928
224
224
832
624
264
424
328
328
928
224
872
384
224
424
664
824
224
432
248
784
328
264
672
264
272
248
272
824
632
824
448
848
984
472
432
232
632
672
688
344
624
872
632
848
728
288
632
264
224
624
336
224
232
448
336
248
224
264
784
432
224
472
768
424
384
664
232
768
744
232
696
424
296
624
864
288
248
272
992
424
224
344
632
984
336
936
232
296
832
232
232
448
224
224
272
296
432
232
432
632
832
336
832
624
432
288
224
624
624
224
368
336
624
432
368
768
272
224
624
832
272
672
432
232
672
472
432
232
832
992
224
992
272
944
424
272
272
448
928
464
224
336
624
232
464
936
272
224
728
232
264
744
232
432
232
848
936
624
432
232
832
944
992
272
432
232
392
728
632
784
232
224
336
272
232
424
224
464
336
784
336
224
976
288
272
832
336
336
272
432
464
624
376
272
232
432
496
992
432
248
384
896
944
432
928
488
224
432
832
664
976
232
472
344
224
624
432
432
976
424
224
432
264
232
432
344
432
272
336
424
224
688
392
368
448
328
472
384
296
424
688
224
224
392
944
224
872
992
448
272
464
224
832
472
392
224
464
232
464
232
432
232
272
944
432
272
232
232
832
384
272
736
472
232
232
424
424
272
688
392
664
272
224
936
464
232
624
744
432
336
232
824
432
272
344
944
448
336
744
392
432
296
632
224
224
424
392
464
384
224
464
232
248
624
864
232
992
392
368
224
632
936
728
368
224
624
864
224
832
384
792
632
328
288
272
992
432
272
264
384
336
232
432
624
928
232
224
736
384
232
272
224
744
272
288
344
736
224
432
224
672
296
432
632
424
232
472
224
824
376
336
232
824
432
944
464
224
232
472
744
328
432
464
976
264
496
432
232
424
232
448
944
432
432
248
768
288
224
272
792
384
936
232
368
672
336
432
232
224
376
232
432
272
424
272
672
664
232
264
232
832
224
424
224
632
832
832
344
296
944
272
272
224
672
264
424
288
392
848
496
344
832
432
432
472
464
744
624
232
232
944
336
224
224
224
272
672
224
624
272
832
224
432
936
824
224
432
232
872
264
224
832
472
864
264
832
928
272
472
224
672
336
384
336
336
224
464
432
432
224
232
832
336
624
664
832
224
272
424
424
224
272
272
424
392
232
672
264
464
624
432
248
272
672
944
272
872
232
264
224
224
232
768
224
224
832
864
272
272
224
624
472
384
848
328
224
272
832
832
224
224
344
336
288
232
392
744
272
224
392
392
768
344
384
432
232
328
864
432
944
336
768
976
992
224
496
336
696
264
224
392
832
632
392
432
296
472
424
448
232
488
224
224
992
224
344
328
744
624
792
424
648
368
232
432
464
424
624
264
736
944
784
392
424
224
872
384
872
224
264
232
272
224
344
632
832
432
624
224
264
464
464
344
232
264
272
336
224
624
272
328
696
328
896
232
296
232
472
232
424
272
464
272
336
432
928
328
944
392
624
776
368
424
432
272
296
272
672
224
224
992
464
432
424
432
224
664
624
232
344
736
624
496
376
432
672
624
832
232
296
672
936
272
632
224
672
272
984
736
432
336
224
376
848
224
432
232
392
328
624
768
432
224
272
984
272
344
736
432
296
448
232
632
824
288
896
272
984
944
432
744
432
424
224
232
496
272
272
624
672
688
432
288
344
392
328
272
792
232
272
232
384
832
248
976
888
336
272
624
432
328
224
624
384
624
224
928
224
232
664
232
384
232
464
432
344
272
384
896
392
264
424
232
432
424
248
928
376
432
432
432
264
224
232
632
232
368
696
336
336
424
672
224
936
232
224
392
424
272
944
432
624
624
784
272
648
224
432
232
784
376
272
224
832
432
296
272
744
624
232
432
432
272
224
936
464
384
736
824
232
472
232
832
328
368
624
328
624
344
232
272
392
496
936
232
624
248
936
392
232
432
248
936
224
872
224
432
224
432
392
224
976
432
432
272
232
984
232
672
384
776
272
384
232
448
224
232
632
272
232
832
896
232
224
336
232
624
336
384
672
448
344
232
464
272
272
336
272
632
224
736
224
672
272
728
784
936
832
336
224
896
336
464
664
688
248
672
992
848
424
432
672
224
272
432
832
232
336
672
272
688
432
864
296
432
432
432
328
488
624
232
368
832
464
672
264
624
432
624
624
672
648
328
448
264
344
472
272
848
288
368
232
224
224
632
624
448
232
272
328
336
944
272
424
232
944
472
296
272
224
272
328
224
432
632
272
272
224
432
624
288
272
232
864
984
376
672
272
464
944
232
368
368
272
984
848
392
472
784
672
272
464
624
224
896
384
992
432
232
472
432
336
224
672
432
464
632
976
296
744
824
464
224
232
976
248
224
872
368
824
928
328
272
384
832
432
944
224
248
224
864
224
296
496
368
248
424
424
496
272
232
344
224
224
224
728
672
672
232
824
448
424
464
424
232
224
384
432
624
336
288
232
224
432
792
944
432
224
232
824
672
832
344
792
272
792
928
224
744
224
448
272
392
264
384
328
336
336
328
472
432
984
688
224
472
272
792
448
248
824
272
328
736
832
432
272
224
992
432
248
864
432
272
928
232
432
336
336
376
224
832
224
272
464
464
224
944
672
432
848
424
392
376
272
784
328
424
432
432
232
424
936
944
424
432
392
336
232
384
232
272
728
632
232
336
224
344
448
336
232
296
232
224
744
424
424
336
432
896
736
432
264
384
368
248
936
392
232
432
336
232
224
928
232
272
272
648
296
832
648
264
992
784
496
624
336
872
832
232
744
272
296
248
936
624
424
432
336
232
448
864
344
432
432
928
424
424
992
232
928
384
728
944
632
224
224
624
392
824
888
368
472
944
432
272
624
232
224
432
232
336
344
272
432
624
632
344
224
232
672
384
424
232
224
392
976
872
272
288
296
272
872
464
232
272
432
432
248
472
832
832
232
424
392
696
424
392
368
832
232
224
272
632
928
232
624
272
984
384
824
672
232
232
232
944
224
392
928
384
872
864
224
432
432
464
632
472
848
272
632
232
896
432
832
232
224
232
392
376
232
224
432
264
464
728
296
232
976
728
432
424
664
424
232
832
728
632
976
272
272
472
464
744
496
224
992
936
224
832
848
624
776
232
224
624
232
272
432
232
448
624
224
624
672
224
992
272
296
488
224
272
736
224
432
776
232
224
872
232
432
384
448
224
632
232
424
432
328
384
928
872
768
976
368
832
232
272
224
968
344
224
624
224
296
288
496
344
272
272
272
824
728
464
344
248
944
824
336
264
832
496
432
264
288
448
744
848
448
648
328
624
432
432
232
728
328
432

