247488
223232
624832
372224
378496
962432
266432
447232
726976
233472
223232
327296
623424
972928
697472
793728
226944
277376
992448
337792
233728
743232
328832
329664
228224
979328
234368
263424
977728
299392
448832
743232
322624
949632
279936
247232
232832
466432
862336
427648
748672
326272
772224
223232
836224
293632
632832
223744
922432
273728
286784
228928
472832
232448
233344
642624
647232
442368
969472
724992
727424
722432
222784
892736
322944
229888
342272
634432
423424
868224
242432
282624
223232
242944
262272
742272
479232
283328
786432
863744
662272
344832
334336
327872
769664
838464
774336
243328
349248
244224
836224
643264
366464
432832
663872
742336
743232
334336
479232
223232
436224
337984
837632
626624
229376
844928
364224
292224
824832
762624
283264
679424
723328
227328
332928
332224
223872
672384
892224
783424
233664
333824
468224
362432
437248
342784
227328
843264
468672
227264
262272
469248
742272
429824
693632
373824
328448
222848
273984
233472
322432
687232
237632
348672
474688
297344
362624
287872
277632
742848
633728
292288
237632
443264
724224
282624
438336
444224
223232
872448
422336
229248
972224
267264
862784
434432
324224
729472
832768
623424
944384
473664
239232
288768
887744
623232
277696
487424
223296
434624
772864
372288
277248
662272
732992
223424
388224
297344
397632
433984
222336
743936
239232
223296
472832
623232
639232
824448
628224
324224
446272
663296
722432
687232
226432
469632
224832
422336
768832
234624
442432
764288
292224
426624
322624
828224
778368
622336
242624
282432
442368
224768
326272
372224
234624
232832
422272
988672
442432
423232
236672
337472
226432
623232
248832
628992
324224
372992
374272
722944
447424
646272
942272
424448
444928
942464
292224
422336
874624
223232
222464
463936
438272
748224
249728
447232
923264
623744
383232
666432
327232
886848
663936
962624
434432
447232
896832
642944
332992
422272
834432
223232
267392
649728
877632
294784
623232
692224
678336
238272
823232
263424
324224
294464
366336
238784
222336
788224
462976
772288
326272
744832
262336
438336
382272
834432
446464
226624
733376
838272
687232
962432
274496
892992
322432
733248
392384
224896
698944
778432
236928
423488
244224
266432
632832
289664
326976
423232
273472
937344
332224
922624
978432
762432
894976
263424
732224
482432
443264
623232
634432
633344
322432
662272
734336
247424
676224
322688
243392
738368
224448
427328
489472
232384
967296
223424
762688
228224
668224
723392
274944
372224
247872
244992
696448
926272
742464
932224
232832
433472
747392
724224
622464
367232
222464
223232
722432
223232
342272
938944
738432
374272
223232
343232
664832
832384
366272
244736
233472
927232
263232
327424
863424
694272
738688
283392
489664
262272
244224
423936
262464
223232
922624
263744
242432
262336
223232
973824
242432
222272
377344
762944
368448
382336
863744
747392
994432
263296
437632
372224
828224
263424
443392
422464
768384
764224
742464
463232
293248
946624
372864
447232
468992
243392
834368
292224
277632
327936
233728
226368
244224
282624
268864
324224
776832
232384
633792
773632
323328
284288
342272
792992
674432
646272
323264
672384
374336
327232
922432
242624
332928
487232
244224
348736
232384
223232
382272
428224
223744
742272
332288
473344
364736
444224
362432
724224
924672
439296
362432
437632
423424
423232
233472
772224
733824
237376
822336
623232
933824
282432
322944
422464
772224
943232
369472
343744
243328
242432
294464
774976
227264
434496
242432
367232
727424
223232
224448
386944
322432
226432
349248
864768
324288
276224
462272
833792
776384
327936
239232
426368
268672
486336
634432
439232
372224
749376
383232
922432
262272
223424
822272
644672
337664
263232
467264
327232
328832
292224
743424
964224
277632
472832
432832
873344
783296
722944
422272
326272
324224
428672
363264
423424
332288
923392
342848
442496
233344
632832
922432
922432
873472
286464
847744
442624
287232
327232
746944
622336
732224
676224
372224
222272
932672
372224
762624
422272
944832
372224
242432
343936
293824
228224
282432
343232
223872
427264
244224
264832
233472
436864
363264
232832
396928
486272
889472
268224
636672
446336
864384
934336
222336
628224
222464
322432
298432
244224
623232
728832
262336
338624
273664
272832
244224
382272
479424
247424
924224
222272
726272
263424
227392
863232
932672
723264
422464
322624
394432
349248
422272
388672
642944
222272
367872
223232
923264
372224
244224
623232
224768
236224
836224
424832
788864
222272
822272
476224
922624
337472
624384
382848
227328
788224
422272
384832
376832
292224
228224
793344
622336
324288
263232
339392
327744
822272
324224
427392
227392
232768
833344
496384
274432
223232
227328
236864
322432
282944
942336
232768
334976
292992
436224
666496
222336
329696
227264
732224
923392
328832
293632
963392
266432
439296
233472
847424
344448
623232
239488
228224
292224
676992
724224
233344
323328
479744
322624
249792
823424
323648
266368
223232
722432
422464
343424
738624
227264
644736
226944
422784
443392
327424
244224
343872
736384
223872
476224
923264
223232
926272
428224
233344
437632
232832
242432
234624
244224
747264
942464
342464
273344
239232
923264
286272
222336
284224
234624
662272
427328
237696
387328
824896
247232
679296
223232
729472
623232
743424
422272
822464
982272
942336
442432
228928
227328
922944
267392
322624
323776
226368
647424
746432
382272
223296
222272
444672
324224
932224
268992
222464
242432
367424
274432
644224
289664
722624
943232
633344
468736
282624
498496
997376
826432
772672
242624
432832
367232
727296
324672
623936
686272
429632
924224
276672
374272
337984
764736
274432
222336
284224
229376
262848
324224
978432
943232
443392
227328
778624
224768
322432
244224
262272
729984
246272
273344
676736
346432
663296
344448
223232
349632
989824
292288
824896
422272
289984
242944
242432
487744
642432
487424
796224
223232
242496
422272
862272
842624
444672
234688
346432
228288
233344
923392
843328
926272
297792
423232
622272
247232
392384
224832
893248
422976
333888
366336
382272
234624
442432
843328
788224
482624
784384
346624
932224
364928
324224
623232
473664
367232
288384
223232
422464
394432
369344
246272
736384
824896
323392
723264
239424
343232
242432
327424
373248
332928
373376
762432
266432
282432
627264
836224
623232
629632
423232
962368
933696
622336
342336
327424
396672
236224
623936
423232
684224
843392
647424
742272
282944
834432
242624
282624
438784
374272
947648
292224
722432
239232
742784
629376
222272
244224
392832
442432
383296
774272
223744
322624
839232
322432
338432
246272
236224
823936
238464
736384
372736
733824
743232
329472
343232
664832
723328
882368
322624
243328
362624
449344
623232
422272
443392
634496
327936
223232
922624
333248
423936
379392
447232
226432
693248
743936
292224
383872
676224
474432
276224
626432
323392
244224
238976
442432
722432
462272
743232
433984
223232
636672
432384
987776
294272
384384
247232
224448
932224
327232
477632
222272
623232
224832
232896
223232
476224
446336
223232
426624
222336
232384
428672
224448
329344
983232
422464
238272
326272
686336
246272
477632
436224
324736
348224
332672
262272
273728
262784
343936
296832
222336
292224
344896
638336
742464
233664
482688
237248
476672
628992
222848
823424
642432
636672
492224
246272
322432
232832
223232
326336
332672
342272
922688
666432
244864
383296
426432
434432
234432
227328
447488
842624
839232
474368
936832
222464
732672
467264
234624
498432
434624
762624
364672
667648
339328
328448
827264
233344
473472
438272
662848
724288
722368
223232
372224
724224
373632
634624
336448
783232
934272
427328
742336
298944
374272
727424
223232
322944
329472
439296
326272
644224
622272
243328
324224
322432
469632
278272
422272
244224
226432
746624
732288
342272
623232
292864
649984
229376
332672
222272
422464
234944
223232
642368
634368
222272
393984
382848
363392
737472
326784
828672
662272
742464
322624
764224
272896
224384
292992
674432
463232
233472
322432
942336
724224
236672
434432
662464
389632
422976
247296
343744
837824
462464
228224
247232
238976
933248
884224
823872
346368
237824
324928
363328
742272
384384
232832
242432
642944
748224
237248
692224
772864
324224
223296
842496
426368
269248
823424
663424
922496
422272
343232
433344
644224
284224
364224
449728
332672
332672
447232
333824
624448
623424
326464
247424
239232
724224
432384
866432
322624
926336
492288
863232
228224
938432
337792
826944
962432
732224
967232
333824
324672
232832
649344
433792
262272
337792
444928
692224
847744
292224
392448
326272
739392
323264
472384
227328
222336
734336
323328
649472
226432
233984
746688
228224
849472
294272
329792
824448
229248
397824
262272
923328
284736
424832
242432
822272
236224
924992
642432
773248
292864
722432
982272
332928
623232
674432
742336
222336
229376
284224
728832
476224
246272
326464
238464
924224
282944
332672
322432
222848
647424
323392
877376
382272
934784
339328
223424
642432
322432
239232
983424
647936
234944
463424
282432
363392
846336
423232
632384
223232
742272
697728
733632
743232
398336
228224
233344
824448
222336
223232
263296
223232
244224
223744
343424
447424
686336
738432
424896
324736
234432
267264
688384
426368
629248
263936
243392
463232
666432
734336
239232
228224
644928
223232
326272
262272
339648
943296
976832
323648
323264
244992
742784
922496
266624
422336
727872
632832
439232
463744
966272
383296
293248
343936
434624
727424
274432
646336
223232
424448
468864
793344
322432
274432
732928
223424
327424
476992
879232
228928
384384
433728
978944
277632
748224
292224
234624
243392
773824
293888
226368
329472
242944
226432
222272
834624
463232
332224
482432
343232
222336
449344
934272
498432
338624
333632
233344
892224
223232
332672
944384
423424
343232
764224
427392
494976
223872
222272
244288
239296
662272
943872
486464
743232
262272
322432
922432
293248
489472
984832
296832
383232
447424
739392
789696
943424
427392
226368
744832
799232
444224
774272
693632
236928
823232
322624
342272
273984
664384
733824
332672
767232
223232
639232
346944
324224
667392
492928
224384
623872
876864
372224
226432
722432
422464
333632
297472
222848
262272
333632
463232
376896
722432
336832
847232
324224
327232
643392
933376
439232
732224
234432
299264
822464
673728
263296
839232
742976
937728
242432
279424
833664
327424
823232
832832
833728
237632
622976
278272
838272
233472
222464
943744
746496
332224
348992
823936
324224
936832
222848
722624
443776
223232
332224
234624
223232
382272
874432
383232
728448
762624
292224
826624
348672
732224
748992
246272
479296
287488
292224
222272
924736
828224
426432
363776
223232
924224
783872
343232
426432
272384
632448
388224
293632
623232
743424
282432
427328
432384
732928
463872
432768
862976
234368
232832
623232
222272
324224
227968
433344
276224
938624
468224
263296
292288
242496
233344
326272
822272
262272
237824
273728
278464
329344
437248
242944
429824
638336
499264
232832
394496
322432
827264
636288
672448
927744
462848
632448
363648
323328
322624
642432
362432
823232
273728
243328
282432

