34292224
46623232
92242432
33247232
82792448
63228928
34228224
83423232
26222336
87766784
33242624
34422272
87922432
39636224
23263232
39384832
44223232
22934784
93227264
38379264
29372736
62842624
24233472
32323328
84732928
72443648
82322432
69983232
73636672
43634944
43337728
32722944
24223232
23243264
38947328
36489472
78293248
43883264
62327296
76882432
26427648
86367232
46239232
24666368
62783232
32242688
78734336
24873472
82663424
22222336
23222272
22629376
29273472
83734784
24939264
68222464
78839296
24722432
36222976
97227264
26838272
76287232
32732672
84323328
88223232
46729728
79243776
83346944
22324224
83438336
96623872
29842944
44242432
22834944
32244224
98794496
63922432
72397824
48767232
64927744
32889344
76927488
72246272
93827328
24682496
98336768
46234368
34762496
93297664
32827648
46782464
66297344
82339328
63783424
34327296
39263232
79327488
47622272
98723328
74629632
32223232
87248384
32794624
38228224
98377728
42736384
28923648
88643328
96382464
66292224
28223744
63292672
73337344
62324224
64978432
82396672
94492928
33369728
46222848
82223872
37362944
64632832
36628224
74228224
93334784
39688448
28922624
38779392
46682624
49336832
44664832
23376896
22324992
73364736
93394432
49823232
26294272
39794432
24282624
33878272
49483776
62748672
47262464
94428672
33246464
32982272
72393792
42324224
84274688
72933632
62947328
67263744
47273472
22226432
92494336
42664448
66328832
72438272
87222272
36346624
42333696
22634496
43427328
42286336
74783232
66326272
36892672
64863232
48347392
23768832
38322944
72443392
66676224
82933248
32343296
92436224
32924672
63446272
67743232
92283648
66293248
29727296
24296448
69247232
33842944
62236672
43328768
26827264
93938432
34823424
37623296
22966784
29392384
62298624
22364672
74424832
46947328
73462272
29268224
32782336
34427648
62296832
42633984
42247936
32822784
34264832
87344384
33227264
23436288
33328384
77844736
97394432
22439936
34322432
37844224
78738432
42364928
84229632
78623232
62367744
73283328
32248832
34422272
42262784
23939968
27327232
64274432
22836224
24476928
28696832
34677248
42226688
82676224
33464832
63324672
46932224
66332672
