4827392
2287232
2382336
2223232
6742272
2343296
3432832
7922432
3234432
3332224
2843392
7222272
4722432
7334272
2927232
2972672
9433472
2426624
2223744
3284992
2228224
6234368
2363392
3932672
2623232
2226432
2326272
2642432
9622272
2372224
9362432
3247232
3933824
2424832
6324224
4767232
3429632
2228224
4623232
4242432
2262272
2262784
2432384
2392832
6437248
2334464
3222272
2323328
4223232
2399232
4639232
7444736
3263232
2622464
3323264
7273472
2236672
6772224
2372224
3222272
2474368
3222272
2244992
2944384
9647232
2783232
8734336
3234432
2923264
4244224
6242432
2722432
9272832
3647232
7222272
2323968
9636224
6294272
6223872
9623296
2263296
4623744
3337344
6222848
3422336
9423232
4322432
6226432
2232832
4423936
3237632
4649472
3844224
3222272
2223232
4344832
2326272
4923392
4262272
3444992
9263232
6232448
6324224
3622272
3362432
4862464
8242432
2233984
3722624
3333376
3442944
3929344
3223296
3222272
7732224
4443392
7236224
4847232
8324224
2223232
2436224
9236224
2724224
3267328
6463232
6326272
6234368
2482432
2293632
2623232
6422272
2374272
2692224
2427392
2283264
4442624
3327872
3436928
3222272
4334336
8243328
6692224
2326272
8233984
4324224
3462272
2322944
2738432
3722624
4823296
7743232
4223232
7983232
3423232
6446336
2324224
3327232
3236224
2243328
3224832
4327424
6223232
2292224
3334272
2322432
2223232
4334336
6692224
6328832
7222272
2222976
7922432
8463232
3733632
4623232
8722432
2767232
6662272
3234432
2822272
2363392
7439232
3422976
2293632
2847232
2863872
3794432
4272384
2244224
4242432
2232448
2623232
6838272
2792832
6362624
2322432
7322624
2422272
4242432
3227648
7828224
8623232
2324992
2223232
2374272
6324224
4224384
3826432
3327232
2774272
8422272
6292224
2222336
8322432
3723392
6622336
2332672
3246336
6223232
2483328
6332672
2263424
2644224
2292224
2227328
2676224
2623232
2423424
3826432
2226432
2287232
7262336
7222784
3348224
2243328
3422336
6623232
3633664
4339328
2262784
4224768
2367232
2322432
7282432
2422272
3284224
3832832
3372672
2242432
2232832
4324224
2222464
6222464
8927232
2623232
6228224
8242432
9268224
3262464
2463232
7636224
2287232
3242624
3222784
2772224
2223232
4244224
3224832
4847232
2382464
2243328
2228224
2326272
3222272
2927232
7423232
2622336
4634624
6622336
3327232
4372224
7442432
3723264
2226432
4276224
3332224
3273728
4422272
3332224
6363392
3247232
3927424
7732224
7222272
4226432
2324736
6426368
3247232
2274944
2322944
2826496
2223232
7892224
7423232
7236224
9234944
2332672
6223232
7222272
6342272
9423232
3684224
6222848
2623232
2642432
2332672
9433344
8347392
9279744
2626432
2863232
4228224
3323264
3742464
2228224
3268224
4422272
2373248
3638272
8324224
2292224
3647232
4232832
3323392
4334336
2223232
3263232
8722432
2427392
6382336
2633472
7622272
8223232
2422784
3823232
2332928
2622464
2327936
6222336
4628224
2287232
4463232
4223232
2733824
4627968
2262272
2663424
2226432
6382848
7327232
3223424
2367232
4223232
2262784
7442432
4292224
2232832
7834624
3323264
4363392
2367232
6223232
2339328
3224832
4422272
6324224
2222464
7242624
2832384
4223232
3736832
4223232
3333632
3422336
2324224
7734272
2267648
7423232
2399232
2632832
6292224
2243328
8322432
2223232
4343424
2473344
6629632
4922624
2623232
4244224
3743232
2482432
3243264
9242624
2634624
2927232
6473472
7327232
4282624
8724224
3247232
3884288
7623424
3733632
6644224
8223232
3263232
7892224
2237696
7324928
3423232
3466624
4822272
2233472
9234432
2243328
6366848
6863232
6834432
3327232
4422272
2362624
2228224
3222272
6232832
6246784
3222272
2282624
2846336
3376896
2442496
2232832
3433472
2226432
4244224
2223232
3234432
3226624
2342272
2228224
2847872
4836224
8222336
8822272
9364224
8242432
3743232
2994432
4863232
2226432
2327936
4233344
4487424
2422272
4342272
4276224
2623232
3746432
2722432
7343232
6863872
6372224
3637632
8223232
2633472
2642944
2323328
3423232
2223744
6932224
2223232
6772224
3826432
2479232
4383232
2743424
2723328
4822272
2324224
3636224
4422272
4393344
2239232
3362432
2324224
6783232
2442368
2422272
2324224
2437632
7337472
2363392
7743232
4223744
3228928
6323328
7283328
2263424
3223296
6233344
2422272
2823424
9333248
9223424
4226432
6342272
2322432
2638464
6262272
2372224
3834624
2427392
3222272
6228224
4922368
2343424
2834432
4393472
3442432
6932224
6633472
3294464
8223232
3822336
6322432
7647232
8242432
3732224
4333824
9242624
8326272
7442432
3287424
3263232
3222272
2733824
2283392
7482624
7643392
3922432
3364224
3343232
7663232
4276224
3323392
4662272
2242432
2324224
3332224
8242432
2824832
6223232
2722944
2222336
2484224
3682432
8326272
2222336
6222464
8472832
6232832
2633472
7226624
3636224
2734336
8338432
4242432
8822272
4244224
3823232
3222272
8463232
7427328
4322432
4223232
3293824
3222272
2284928
7822336
2222336
6343424
2484224
4326272
3223424
2324224
2246272
4978432
4274432
2239232
2626432
2424832
3342464
3833344
2247424
3236224
2329344
2343424
2239232
2332672
2838272
6724224
4277632
3924224
6623232
4742272
6367232
2228224
6276224
7232768
8242432
2462336
2232832
7222272
2237824
7242496
2362368
8262272
3222272
3239424
3684224
4233344
2372224
4628224
2327424
4243328
8946432
4783232
2367744
2287232
4228224
9223424
9272832
6243328
2244864
3322624
6223232
6232832
4233344
2226432
3433472
2262272
9924224
2934272
4323328
7222272
3222784
3322624
3278336
2934784
6243328
9263232
2263424
2373632
2223232
2296832
7334272
2644224
9222272
2223232
3922432
3247232
3348224
6232832
2364928
2228224
4333824
2362368
2822272
2232832
4287232
8329728
4228224
2823424
9343232
2224384
6326272
2228864
3736832
4783232
3263744
4639232
2226432
7443328
2426624
2463232
3332224
2234496
2422272
2373632
4463232
4242432
2743424
2623232
2324864
4223232
8223744
2223872
4262272
4338432
3423232
7322624
2362624
2222336
3727232
2242432
3926272
7732224
8726272
2279424
3364224
2262272
3324672
3292672
4933376
2372224
2228224
4734336
2742272
8772224
3332864
8233472
2729472
2282624
2424832
4222336
3237248
8324224
4228224
3234432
3222272
2462464
2962432
2262272
4842624
7636224
8722432
3772672
4244224
6292224
7423744
6482432
2422272
9734272
8628224
3844224
2326272
3242624
6424832
3444224
7282944
6294272
2934272
2222336
4243328
6232832
4284672
4223232
9343232
2239232
2287232
4234624
6232832
4822272
2934272
2238336
2244224
2223744
3422336
2244224
2228224
2232832
7234432
2476672
3772672
2342272
4423424
7422336
8422272
9622272
2277632
2444928
2223232
2479232
2724224
4223232
8223744
8242432
6223872
3247232
2422272
3364224
2662272
3423232
2332672
6232832
3284224
2274432
3443328
2232832
2324224
3743232
6422272
3222272
6424832
2379392
2223232
7732224
4322432
6626432
2224384
4223232
7423232
2324224
3223296
2324224
8442624
4223232
2222336
8242432
2322432
2299392
2927232
4324992
4633344
3427328
7226624
2439296
2247424
2622464
7222272
6233344
6623232
6226944
8724224
4278272
2222464
3663488
3228672
6222336
4279424
3267328
2884224
3336832
2326272
2247424
6263424
8324224
4282624
6383232
2632832
2322432
2324224
2664832
3428224
3224832
7263232
3263232
2822272
4372224
3263232
2439424
2328832
8243328
6232832
6226432
4332928
2333824
3462272
3832832
3323392
2228224
2463232
2422272
3227264
3348224
7222272
2262272
3444736
4432896
8233472
2242432
4323328
2263424
4292224
4323328
7423232
2293632
2226432
2642432
4443392
3247232
2463232
2324224
4272384
2223232
6292224
3423232
3382272
4342272
2942336
2822272
7343872
2284672
2247424
2232832
4724224
2844672
2292224
9247232
3222272
3426944
2222464
4322432
2479744
3344384
2342272
2833664
8233344
2232448
3823232
4223232
7223296
9343232
3634432
2228224
2424832
2934272
7224832
2422272
2262784
4722432
2423424
9343232
4632832
2227328
6222464
3423232
4827392
7263232
2436736
2274432
4222464
3444224
3339392
2244224
3243264
3823232
3236224
3367424
2937472
2642432
2463744
4272384
3222784
6223232
3743232
4783232
6222336
2644224
2322432
9823232
2262272
2393344
3442432
7843328
4227328
9423232
4343296
4434432
8422272
2226432
3273344
2223744
2932224
3463424
2324224
3223424
2344832
2324736
2879232
3323264
2244992
4322432
4248832
8632832
3222272
2222976
2294272
2623232
2437248
3332224
3922432
2933248
2294272
9238272
3943424
2249472
4483328
7743232
3327232
3233792
9492224
9322624
3497472
3322624
4343424
2463232
6222464
3284224
6326272
2632448
2462336
7247232
2726272
2442368
3423232
8442624
3282432
7442432
3237248
2243328
3242496
4262272
4343424
4922624
3272832
4342272
7823232
4234624
6827264
7263232
8484224
2482432
4372224
9362432
2223232
2399232
7444224
2482432
3349632
3463424
6482432
2722432
3743232
3423232
2223232
3324672
7622272
7832832
2422272
3232384
6247424
6626432
2223872
6422272
2223744
2722432
2223232
2229248
2362624
4332672
9263232
7323264
3634432
3722624
4223232
2824832
4394624
2633472
2422272
3442432
9323264
4342272
9428224
4228224
2822272
2222464
8342272
2292224
2263424
9423232
4223232
2324224
7246336
7224832
4324224
7423232
3279232
7222272
2262272
6962432
3323392
4722432
7223296
7636224
6447232
3643648
2342784
2363648
7647232
2228224
6324224
2329344
3227264
2399232
4346624
7223424
2233472
3243264
2292224
3334272
2326272
9243264
6422272
3243264
7322624
2226432
2232448
4622336
3764224
3336832
4822784
2263296
2634368
6228224
3223296
2324224
2247424
4223232
2367232
6242432
7322624
2232832
2423296
4273664
2623232
6443392
4326784
2226432
3647232
2223232
8442624
4386432
2322432
2282624
4222336
6623232
2246272
2786432
8628224
2263296
2223232
8662272
2363392
2227328
3263232
2262272
6223232
8383232
3222272
2246272
2432768
3224832
4234624
4646272
3323264
2244224
8242432
2827264
4423424
8242432
2883328
7323648
2333824
4922624
9242624
6623232
3922432
6292224
2482432
4223232
2622464
2246272
3273472
2324224
2862336
4232832
2623232
2228224
2422272
2292224
3343232
2262272
3247232
7239424
4233344
3327232
3324672
2724992
7343232
2868224
4242944
7643392
2383232
3294336
2994432
4223232
2282624
2247424
2382336
3922432
4242432
3636224
2623232
2324224
2692224
2324224
2447232
9234432
8432384
9663232
2332672
4287232
4642432
2463232
2462336
6222464
2262272
4292224
4292224
4694272
4642432
2642432
3723264
8223232
8326272
3223424
4324224
6222336
6884224
2388224
7332224
4242432
4294272
6222336
4383232
2343424
4249344
2223232
2244224
6422272
2943232
4822272
4722432
8324224
3282432
2334336
2372224
3223424
6222336
2468224
2222464
2237824
6422272
3224448
2343936
2436224
3442432
6322432
8293632
3723392
2742272
9263232
2364928
6383232
7323264
2363392
3362432
6623232
4372736
2494464
2442496
2633344
7327232
7322624
2292224
4423936
3294464
4423424
2436224
2324224
2832768
3223424
3242624
2423424
3826432
2244224
3723264
4623872
2222336
7922432
2328832
2324224
2233472
2374272
2782336
3844224
3423232
4326272
2442624
8436224
4232832
2226944
2329344
7332224
3243392
3387392
2632448
2222336
7343232
2264448
2246272
3927424
8434432
3432448
7332224
2923264
4932224
2294272
3239936
4344832
4222464
2847232
3742336
3462272
7822336
2242944
2324224
3294336
8242432
2228224
4223744
3272832
3327232
2234624
6367232
8632832
2422272
7423232
7828224
8372224
2823296
2262272
3622272
2332928
3322624
9326336
2234368
6473472
6629632
7943424
4447232
6783232
4924672
2222336
4223232
4479232
2464384
4324224
3322624
3327232
9236224
9433344
3634432
8463232
9362432
2238464
3732224
3334272
2783232
4322432
3222272
3227392
4964224
3322368
3289344
2262272
8282624
4223232
7732224
3226624
3224832
4423424
6232832
3282432
2244224
2742272
2284672
2623232
9284224
4262272
3224832
4292224
4333824
6932224
4372224
2442496
9226624
3423232
3223296
4436224
7333632
2623232
2223872
4932224
2322432
2322432
4272384
2223232
6229632
2722944
6772224
3422464
2222848
2266368
2942336
7822336
2463232
2362624
9732224
2623232
9223424
7422336
2692224
2822272
2226944
2243328
6263424
2244224
3883392
2747392
8338432
2383232
7732224
2326272
2362368
6223232
3394432
4442624
3247232
8423424
4322432
2822272
4927232
3399424
8424832
2242432
2343424
3647232
2373376
2442624
2223232
6222336
4724224
3242624
7263232
9823232
8222336
4232832
6372224
8343424
2332672
4228224
2242432
7334272
6324864
6863232
2334336
6232832
4223872
8246272
2226432
3324928
2943232
3222272
8374272
3224832
7323392
3232384
7236224
6422272
8626432
6424832
2243328
9327232
2233472
2242944
2324224
6332928
6932224
9343232
9423488
2663424
4226944
2436224
6322432
2223744
3328768
4472832
3874432
2242432
4434432
3823232
2622464
2222336
8623232
2228736
2224384
3273344
4633728
2262272
4623232
2224384
3323392
3422464
4722432
2396928
4333824
3263744
6932224
3824384
2322432
9236224
2324224
3348224
2927232
2324224
4222336
7222272
3222784
7322368
2222336
2623232
4423424
4424832
2334336
3227776
2482432
3243264
8287232
2262272
3327744
3782272
2322432
2239232
4322944
3439232
2922624
3263232
3442432
2623232
3343232
2223872
3732224
2222336
8324736
4223232
3334272
4842624
2332672
6223232
3663232
7442432
2334464
2373632
8923392
2223232
7326336
2983424
4422272
2322688
3263232
3423872
8242432
8223744
3627264
2224896
2362624
3962624
3327232
2496384
4692224
2342272
3492224
6276224
2222336
2243328
7282432
3432448
4483328
3222272
2343296
3327232
3983232
2244224
3227648
2373376
6239232
2226944
6322432
2972672
6242432
6463232
6372224
2363264
7972224
6222336
2687232
8222464
2242944
3249664
4322432
3279232
2626432
2343424
2482432
2324224
3282432
6332672
2262272
3226624
4837632
7327232
3638272
4722432
2322432
3343232
3622272
3332224
9226624
9322624
8242432
2293632
2422272
2442624
6383232
2833664
2743424
3232384
2229376
3462272
8323328
4683392
6343424
4223232
2233344
4322432
4422272
3743232
2922624
6327424
3623424
3222272
2248832
2323328
3732224
6633344
2222336
3962624
7234432
3237632
2722432
2292224
4274432
2222464
6783232
7263232
3429632
2287232
3262336
6294272
3323264
3443328
4293632
3894272
2232832
2236672
3492224
3227264
2222336
3423232
4338432
2866432
2342272
3237632
2322432
2262272
6324224
6742272
7922432
3333632
7492224
2262272
7343232
3242624
2244224
6242432
2232832
2334336
4223232
2399232
8324224
6228224
2422272
2239232
4322432
8223232
6822272
3822464
9423232
2322432
2222336
2362624
3222272
3422464
2262272
6433792
3636224
2424448
2484224
2326784
2223232
6332672
2742272
3224832
3323648
2222336
6372224
3323392
7323264
3229824
2228224
3444224
2943232
2367232
4223232
4422272
6262272
2327424
2633472
7832832
2932224
3268224
8436224
3722368
8622336
2239232
3274624
9636224
2676224
8232832
8639232
2423424
4228224
3287424
7423232
2262272
2727424
6274432
2427392
2282624
4324224
8223232
8276224
6292224
2232832
3492224
2732672
4338432
2363392
4274432
2228224
8226432
2324224
2783232
2332928
2367232
2332672
2422272
4722432
2223232
3242624
7364224
2327424
2262272
2747392
2292224
7323264
3794432
3734272
3423232
2388224
4282624
3343232
2439424
2222336
3972224
4434432
4229632
7228928
6324224
7367424
8223232
2723328
3322624
2443264
3222272
3327232
2323328
3423232
2244224
3334784
2343424
2423424
9343232
3223424
2442624
6674432
4224768
2333696
2423296
8372224
2328832
2237824
3422336
4322432
2223232
2823424
2333824
3238272
3823232
2372736
4372224
2324224
8927232
7423232
3332224
6242432
2224384
2422272
3732224
2227328
7223296
2242432
7627264
3327232
9222784
7423232
3262848
3334272
2427392
3233664
2622464
2228224
2622336
2376832
2292224
6292224
7826432
8823424
6322944
3224832
2223232
4346496
4793472
4244224
2623744
3227392
2223744
2322432
6342272
6932224
4264832
2742272
2278272
6239232
6224384
6949632
2822272
2233728
4824832
9266432
2372224
2249472
3748224
2382336
6343424
2632832
3332224
2422272
4244224
2393344
8434432
4228224
8222464
9222272
6432384
3342336
2823424
4223232
2286848
4223232
3472384
9222272
2663424
3428224
2233344
2263424
3334272
3282432
3442432
2943232
6428288
2222336
2234496
4777344
4923392
2342272
2932224
3323264
3263232
2639872
2363264
8222464
2292736
7722368
3222272
9222272
9343232
4244224
3439232
3372672
7423232
2642432
3623424
2226432
4223232
4232448
8223232
2364288
2226432
3339392
3327232
2342272
4822272
4223232
6822272
3243264
6242432
3323264
2282624
9823232
2332288
6222336
3432832
3442432
6222464
2768384
2634368
8843264
3223424
2226432
6246272
7343232
3233792
7922432
2342272
4379392
3366272
2838272
2239744
2242432
2626432
2388224
4278272
2327424
3233792
2223872
2322432
4323328
3227392
3263232
7322624
6372224
2262272
3722368
2222464
9332992
2783232
2633472
7222272
4863232
3343232
3732224
3922432
7342336
2324224
4322432
3883264
6763264
2623232
2246272
2222336
3239424
3234432
4279424
3223296
3332224
2373632
3384448
4783232
2274432
4728832
2287232
2326272
2423424
2232448
6734336
2232832
2272384
2943232
4223232
8738432
2322432
2293248
6422272
2623232
7222272
2228224
2437376
6243328
2262272
2932224
2364672
8233472
9923328
2822272
4323328
6434432
7234432
7422464
3233664
6292224
2623232
2444288
2422272
2724224
6222464
3429632
3432832
3929344
3238784
6434432
3647232
3478272
3827328
4322944
4466432
2246272
3647232
2223872
2393344
2223232
3348224
2224384
2923264
2262272
3343744
6443264
3222272
2374272
3332224
9222272
4436224
2422272
3246336
2492672
4932224
3223424
2687232
3783424
2223872
7492224
3332224
2822272
2223232
2927232
2633472
3668224
3372672
3822336
2224384
3327232
9439232
2467328
2228224
4233344
7423232
3737344
2243328
2862336
4223232
4934272
2884224
2842624
2772224
7222784
4322432
2442624
8436224
9237248
2277632
4232448
2262272
3322624
9842432
7222272
6239232
3476224
9722624
2842624
4244224
2343424
3233792
2439424
7326336
2478336
3362432
3843328
2423424
2662272
3423232
3282432
2663424
2323968
2222336
4463232
7222784
6443264
2423424
2223232
3434624
2372224
3742464
2276224
6228224
3343232
3736832
2326272
2322432
2822272
2287232
3227392
3327232
2228224
2243328
9222272
6322432
8262272
3222272
8222464
2437632
3226624
8434432
6292224
3636224
2793472
2644224
4626432
3732224
2932992
4223232
4922624
6228224
4322944
2222336
3228928
2426624
3263232
6239232
2247424
3327232
7222272
7223424
8332672
2722432
8836224
3224832
3222272
8233728
3892736
3642496
2292224
3367936
2623232
2623232
7924224
4642432
3222272
2422272
3423232
2262272
3742464
3222272
9227264
3263232
2333824
2943232
4244224
2623744
2472832
2447232
2623232
4326272
8632832
7236224
2222336
3224832
4262272
4226432
3222272
6233472
2463232
3322496
2473984
2233344
2393344
7743232
2622464
3943424
2223232
6228224
7222272
2239232
7222272
2226432
2247424
7236224
3247232
4724224
2623232
2228224
3243264
3232384
2322432
3222272
2338432
9224832
2823424
3622784
6283264
2262272
2239744
3423232
3432832
4624384
2324224
2962432
4222464
2223232
4222336
2228224
6223232
7722368
2324224
4824832
6363392
3823744
6898432
3822464
3222272
9242368
3267328
7478272
2274432
9242624
4322432
2373632
2422272
2634368
2322432
7723264
4223232
2222336
8297344
2342272
8293632
3227264
2336384
2332928
6343424
9362432
6233344
7224448
3234432
3743232
4246272
2442368
3226624
3734272
7423232
2233472
4439296
3364224
4274432
2292224
3924224
2229248
3322624
2232832
2439424
4242944
3333632
2322432
4226432
3492224
3423872
9842432
2243328
3693824
2277632
6222464
3732224
9222272
6222848
7332224
6662272
3277824
2692224
3732224
4272384
6422272
4863232
8822272
6233344
2424832
3764224
2332672
7422464
2726272
3232768
6422272
4932224
2222336
2277632
4322688
2698624
2443264
7224832
4424448
8422272
2324224
3476224
3348224
7423232
2624384
4722944
3423232
7263232
8223232
2422272
2722432
3442432
3444224
4232832
2222464
4326272
6234368
2628224
3222272
3422336
4223232
2244224
2743424
3284224
4822272
3429632
4763264
2228224
6249728
9647232
3222272
2443392
2342272
3223296
4742272
2329472
3236224
3922432
3247232
2232832
2927232
4982272
4443392
2724224
4338432
3372672
6242432
8342272
6239232
4373632
4923392
2943232
3722624
4882432
2626432
4239232
3236224
4223232
2734336
2343424
7732224
7423232
6322432
3222272
2887424
6292224
2822272
2423296
3693824
8333824
2329472
3444992
6322944
6283264
2487424
3322624
3223296
3222272
3223424
2228224
2424832
2622464
6923392
2772224
2724224
2322432
3222272
4263424
3263232
3444224
6322432
2222336
2482432
4249344
2272384
2682368
4479232
7263232
3236864
2263296
3346432
3892224
2226432
2663424
2436224
4232832
2277632
6342272
3226624
3323392
4363264
2463232
4663424
2362624
2228224
3242624
2644224
2299264
3333632
8324224
3332224
6322432
8732672
3242624
7263232
2339328
2742272
2228224
4228224
6722432
3746432
2423424
2626432
3234432
2324224
7222272
4322432
3362432
6222336
4329472
2692224
3364224
7842432
2444288
7334272
7892224
2249344
3822336
8724224
3284224
2623232
2623232
3362432
6242944
3224832
4422272
4233344
4724224
3323392
7327232
2382336
2283392
4427392
4246272
2324736
3732736
6233472
2277632
4372224
2632832
7263744
7282432
4244224
3268736
2263296
2436224
2287232
2262272
2422272
3663232
2422272
4383232
4363264
8244224
6832384
3233792
3423232
4623232
3423744
3322624
4372224
2274432
9772288
2934784
4423424
3343232
4822272
2262272
3872768
2894464
2422272
2292224
2326272
2292736
7339392
3839232
2293248
3327232
2723328
3636224
2224384
2722432
2722944
6226432
6823424
7263232
2226432
3723264
8338432
2333824
3223424
3732224
2332672
2229248
3442432
2732672
4242432
2397824
4233728
4422272
6238336
9492224
4667392
3372928
2343296
4922624
8372224
3442432
7433472
4498432
3327232
6329344
2392832
7236224
4223232
3322368
7422464
2223232
6422272
2869248
6674432
3822336
2239232
7327744
2868224
2332672
2372224
4922624
3448832
2444288
4343424
4623232
2227328
2422272
3642624
3832832
9232384
9723264
4423424
4633344
3439232
2222336
2244224
2222848
3343744
7938432
3223424
2239232
4328832
3324672
6362624
2246272
6233472
9432832
4692224
3826432
4442624
2263424
4463232
2742272
6323328
3326464
7322624
2224384
2367232
2463232
6322432
3426944
3327232
4233344
2622336
4233728
2632832
2626432
2233472
7332224
3333248
2233344
2239232
2393344
3222272
2324224
3223424
3732224
4322944
8222464
4642432
6223232
4374272
4233472
3327232
4723328
2342272
4422272
2226432
3323648
2863232
7374336
3383424
4242432
2722432
6692224
4223232
2233344
2634496
7222272
3222272
8724224
2382336
2422272
7323392
3883264
4372736
6242432
2324224
6242432
6422272
2223232
3227392
4722432
4292224
6243328
2673664
7343232
2383232
2223232
2243328
2222336
2239232
3247232
3222272
4723328
9426432
4692224
3382272
2322944
2436736
2264448
4824832
3227264
2322432
2482432
9222784
2962432
2642944
3423232
4229376
4246272
4223232
3332224
2223232
7223424
2774272
6223232
8342272
6344448
3222272
2293632
2342272
2239232
8324224
4223232
2264832
3326464
3462272
2722432
4388224
2322432
3226624
4794624
8722432
6322432
6463232
3762432
3723264
2229248
3227392
2623232
3227392
3732224
2223232
4234624
2633472
3237632
2623232
2246272
3442432
2294272
3442944
2424832
6247424
2223232
2333824
3492224
2423296
2372224
9732224
6742272
2223232
3323264
3764224
3227392
4223232
4222336
3223296
3282432
8223232
2228224
2226432
8324224
2934272
4274432
2222336
4639232
2332928
4322432
3442432
3727232
4623232
7222272
2633984
3736832
3292672
2738432
8623232
2243328
2239232
4724224
4228224
3273344
3426432
4466432
6244224
3634432
2437376
4463232
3222272
2233472
6322432
2943232
2292864
4244224
2334336
3924224
2727424
2886272
2223232
4243328
4293632
3222272
6228224
3343232
4442624
3342464
3262464
3342976
3743232
8622336
2326272
2222976
2382336
6326272
9223424
8628224
2324224
2226432
4223232
3224832
2246272
3337472
2437632
2227328
2228736
3743232
4234624
3444224
2436864
2484224
3439232
3337472
3273728
2377472
3226624
4266624
6244224
2922624
2232448
6222336
7623424
2228224
3333376
8223232
7224832
2423424
2262272
6323328
4327424
2223232
4229632
4294272
4223232
3442432
4633472
2239232
2222336
2463232
2923264
7227392
2322432
3382272
8292224
2423424
2322432
6324224
2642432
3363328
6228224
3364224
4722944
4232448
2332672
2324224
3227392
2772224
4623232
4223232
3222272
2222336
3263744
2283264
3634432
3327232
3742336
9329792
2224384
3223424
6422272
2222848
2383232
7226624
2382464
4228224
2262272
3242624
7327232
2244864
2287232
2346624
2923264
9233664
3822336
3223296
4332672
2223232
2343296
2437632
7423232
4244224
9442432
2383232
3423232
6463232
7833344
3924224
7364224
2322944
3348224
2226432
9223424
7226624
3434624
2246272
3222272
2372224
2232832
8223232
8644224
7222272
6242944
3823232
2484224
2642432
3464832
3422336
2322432
2644736
2484224
3224832
8223232
8262272
2223232
3462272
2332928
3826432
2439424
3792384
3843328
3362432
2334464
3333632
2287232
2783232
2322432
2943232
2363392
2422272
3263232
2239232
2873344
2422272
2242432
3247232
3362432
2687232
6447232
4246272
9423232
2223232
3823232
2246272
6438272
3222272
7282432
3926272
2244224
2222848
7342464
3622272
4822272
3732224
3269632
2333824
6473472
8234624
4348672
8322432
2223232
6222464
6424832
4223744
3623936
2234368
2223744
4223232
2322432
4293632
6264832
6233344
3423232
2422784
2229248
2442496
8436224
3244288
4229632
3422336
2882432
2324224
3723264
3234432
2292224
7324672
3222272
3237248
6628224
2233472
3642624
3732224
4224384
8422272
2484224
4363264
2263424
3286272
2223232
4338432
6722432
4228224
9722624
3272832
2822272
7262336
8736384
2322944
2623232
8239232
8223232
2222464
7236224
6232448
7423232
2233344
2763264
7432832
2372224
2263296
2322432
2223872
4238336
7762432
7922944
2284672
2887936
2232832
2463232
4373632
4632832
4622464
2342272
2332672
7924224
3332224
6239232
7663232
2223232
3234432
6324224
6239232
2962432
2348672
3393792
4362496
2793472
6742784
3222272
2722944
4224768
2687232
8623232
9322624
3243264
4834432
9823232
4334336
6227328
2637824
2942336
2324224
4623232
4244224
2932224
3732224
6622336
3222272
7823232
7332224
8222464
2223232
6646272
6322432
2642944
2372224
2292224
3422464
3263232
2244224
3242624
8773632
2422272
2383232
4223232
2328832
3238272
3422336
2343424
2342272
3426432
2232832
2388224
2629632
4692224
2633472
7333632
2228224
2423424
2797824
2943232
2363392
7623424
3733632
3423232
6332672
6422272
6332672
2228224
4223872
2242432
2324224
3222272
6232832
3926272
2223872
4623232
2697472
3327232
7423232
3243264
3237376
6722432
2222336
4822272
3343232
8262272
6324224
6223232
3732736
2473472
2242432
2322432
2834432
2324224
3732224
8239232
2323328
2327424
2738432
2674432
2223232
3423232
2342272
3922432
2382464
4328448
2847232
2322432
3228928
8634624
2322432
2232832
3278464
6933248
2246272
9322624
2343424
4483328
2223232
2364672
2324224
2224896
2232832
2232832
2223232
3327232
4372736
2674432
7228672
4422272
3423232
3222272
4342272
8383232
7226624
3232768
3342336
2426624
3386624
2224384
3223424
3278336
3222272
4294272
4333824
7863424
4232448
2427392
2324736
7444736
2324224
3423232
2424832
2446336
3483648
2422272
4248832
7622272
9247232
4228224
6742272
2478336
2484224
3323392
2722432
8372224
3242624
4292224
6222336
3922432
4223232
8324224
3242368
6242432
2843264
2263424
6463232
6324224
3643392
2647424
3222272
3332224
2367232
4339328
2367232
2347264
4222464
4229632
4863232
3364224
3222272
4244224
3822464
4263424
2339328
3382272
7222272
2462336
2292224
2232448
9322624
3732224
3243264
6367232
3223296
3223424
3636224
6247424
2463744
2743424
8262272
8228224
4873344
8726272
2223744
2244224
4242432
6222464
6463232
2322432
4437632
6239232
2226432
4233728
3223424
2324864
4242432
4228224
8292224
2322944
2423296
9222272
2389632
8383232
2422272
6872832
3243392
4422272
4422272
6372224
2222336
4438272
3284224
4436224
2736384
6422272
2347264
4294272
2626432
2228224
2383232
3822336
2334464
4223232
3743232
2434432
2229248
4722432
3427328
2326272
7242624
3382272
2232832
6332672
3424896
3928832
3739264
2323328
2446464
2322432
2423424
2442624
3224832
8646272
6422272
2232832
8323328
7922944
3923328
2223232
8772224
3273472
8726272
3423232
2276992
8633344
9332224
8238464
2322432
3732224
8232832
2343424
2226944
2263424
4383232
4223232
2673664
2324736
3839232
3663232
9422336
2239232
2229248
4234624
3247232
3832832
2744448
4434432
4242944
2234624
4732928
4329472
8326272
4242432
4293632
2642432
3423232
2423424
3422336
4742272
3723392
6722432
2234624
9243392
4292864
2239232
4628224
2246272
7333632
3222784
2692224
4382336
4383232
8226432
3722496
6332672
6322432
6626432
3223296
2934272
7927424
3222784
2923264
2244224
2233344
7374336
2462464
8822272
2324224
2922624
3943424
3333376
3647232
2639232
3322624
6643328
2822272
4296448
3924224
2247424
8332928
6239232
2332288
2932224
4479232
3823232
7226624
2842368
4722432
2724224
2324224
4823424
7444224
4222464
8242432
6642432
2262272
3942272
4463232
2373632
2847232
2267392
4634624
2644224
2422272
2334464
2226432
3282432
4234624
4743424
6232832
2226944
2446336
2932224
4623232
3282432
9924224
9727232
2223232
2642432
8967424
9224448
4722432
2687232
2232832
3462272
2233728
2332288
7323392
4927232
4223232
3374336
2267392
6322432
4372224
2627328
2223232
2364672
2442624
3383424
3322624
2246272
4422272
2324736
3224832
6249472
7332992
8243328
6324224
2247424
2242432
6233344
4632448
2463232
2868224
9282432
2362368
9226624
3332224
2232832
2422272
8244224
6729728
8484224
7444224
2233344
2268672
3943424
2243328
4743424
4329472
9822336
2632832
2222336
3442432
3222272
3223424
3823872
2223232
2482432
2994432
4743424
3693824
2222336
2822272
3332224
2222336
6239232
2322432
3383424
7636224
8329472
9823232
2623232
4246272
2822272
4227328
2233344
4274944
4242432
4423424
2223744
2632832
9262464
4223232
6276224
6243328
2462336
3422336
9362432
4223232
2422272
2239232
4223232
2623232
3323264
9233664
2367232
3732224
2276224
2274432
4222464
2926336
4274432
6362368
2228224
2327936
2232832
2932864
2333824
2823424
6463232
2422272
7732224
3228672
2324736
3322624
2923264
7223424
3922432
3332736
3263232
3733248
3796224
4293376
2322432
4232832
8324224
6383872
8246272
3286272
8223232
2922624
3423232
3333376
4639232
2422272
4373632
3622272
3234432
4223232
4429824
2223232
6832384
3924224
2648832
4223232
3839232
2226944
2443264
2382464
3922432
3682432
2229632
7826432
2692224
2373632
6332672
3282432
2346624
3892224
2286336
3323392
2343424
3322368
4372224
3334272
2633344
8232448
3263232
3439232
8738432
3422976
2232832
3324672
8393728
4473344
7342336
3423232
9284224
3237632
4422272
3343232
2222848
6322432
3783424
3263232
4463232
4727424
2342272
2322432
2223232
2234624
3383296
2272768
9423232
2326784
3284224
7447424
2484224
2398336
3828224
3433728
2292224
3742464
3323392
2628224
6327424
2964224
3228288
2783232
2622464
2646272
2282624
3322624
6228992
2239232
8262272
3284224
3426432
6422272
3222272
2292224
9362432
4622336
3764224
3823872
4232832
8422272
2237824
4223232
3242624
2233984
2363392
2767232
3223296
3322624
2822272
4263424
4223232
2962432
2234624
8342272
3423232
2644224
2222336
2424832
8722432
2823424
3222272
4427392
2463232
4232832
2222336
9944832
3463424
6962432
3333376
2442624
2424832
4677248
2324224
8843392
4323328
9622272
2722432
3423744
9423232
2324224
3723264
9343232
9423232
6234368
6724224
7622272
3364224
3764224
2233728
3332736
3294336
2244224
3262336
6882432
2247424
2282624
4263424
2242432
4222464
2439424
2223232
3922432
2222336
2372224
2342272
6422272
7342336
2324736
2367232
2282496
3463424
4222336
3333632
2436224
2326272
3222784
4242432
8383232
6623232
3224832
2727424
2244224
2434432
3247232
8324224
3343232
4294272
4422272
3642624
6292224
2323328
3282432
2236672
3824384
4822272
4228224
4424832
4322432
4424448
6234368
3239936
3722624
7222272
6222336
2887424
3633792
2982272
3292672
2733824
4434432
3327232
3222784
3343232
7322368
2244224
2423424
2322432
2622336
3823232
4233472
3223424
6326272
2383232
2836224
2226432
2322432
2372224
3263232
2244224
4943232
6322432
7238272
3222272
3263744
6228224
3444224
2332928
3222272
2836224
4424832
3636224
3399424
2423424
4232832
2223232
2224384
2242432
9247232
2324224
3223424
4373632
9238272
2343424
3743232
2383232
2382336
2242432
2228224
2932224
3636224
2323328
3226624
4333824
6642432
4342272
4292224
3623424
4842624
9279232
4243328
3634432
2222464
2374272
3724928
6262272
4948224
8722432
6223232
6322432
4623232
9322624
3327232
3323264
6222336
7622272
2692224
8447232
2263424
3234432
9234432
2324224
2289664
2342272
4223232
3442944
7222272
9343232
2223232
3263232
2783232
3223296
2323328
2224384
4293632
3223296
9343232
2324224
2964224
4292224
6232448
4383232
2343424
4863232
7322368
3442432
2332672
2824832
2372224
6324224
3723392
3327232
2228224
2823936
4223232
2264832
7222272
4223232
3343232
2842624
2223232
8322432
2774272
4633344
3323264
2943232
6223232
2882432
4327424
3236224
3348224
2292736
4248832
2324224
3226368
7343232
4388224
2243328
2932224
2842624
7428224
2363392
2242432
2482432
3924224
3348224
2482432
3823232
2232832
3774336
3322624
6228224
6243328
6342272
3433728
3244672
2332928
2837632
6372224
7479424
2322432
2372224
2343296
2249344
7423232
4927232
3973248
2372224
7422464
3227392
3922432
2232832
7333632
7732224
3333632
3326336
3332224
8242432
2228224
2226432
4263424
2482432
4327424
3823232
3623424
3284224
4262272
2324224
3283328
4244224
3222272
2732288
4962432
7428224
8244224
9224832
6484224
3234432
3892224
2223232
2322944
2263424
2222336
7222784
2223232
2232832
2623872
4244224
8223232
4274432
3324928
7663232
9227264
7323264
7634432
2362624
3322624
3363328
2836224
4272384
2463232
7922432
4774272
2228224
3924224
2229248
3482624
2226432
9332224
3233792
4293632
2324224
3722624
2623232
2836224
3346432
4436224
2223872
2244224
4722432
4626432
6622464
3342336
3732224
2372224
4962432
6332672
6342272
6233344
4322432
3223424
3326464
7924224
6328832
3269632
2343424
3226624
2628224
2836736
4383232
2224384
4223232
3222272
3892224
2932224
4334336
2772224
7439872
6322944
2342272
3222272
7429376
2442624
2482432
9222272
3327232
2223872
3236224
4223232
2623232
2622464
2383232
6222336
3222272
2223744
2232832
7282432
3263232
3828224
3247232
6822272
3439232
6244224
3367424
2367232
7324928
6222336
8223232
2224384
2292224
2347264
7423232
4242432
2722432
6393472
3327232
3223296
2423424
8722432
2333824
3492224
7282432
2362624
8324224
2742272
4422272
2236672
6223232
2642432
2286336
8342272
3363328
2324224
2292224
4722432
4242688
3623296
6228224
2328832
2249472
6422272
2224384
2222848
3427328
2243328
3244288
9323264
4222464
6239232
3433344
7438336
3334272
3223424
4322432
2623232
2223232
4492672
8223232
4422272
7636224
2722432
4244224
3842944
7366272
8423424
2822272
3227264
7223424
9327232
9223424
7234432
4674432
2249344
6438272
2743424
3423232
3364224
4726272
7663232
3332224
4282624
2667264
9343232
3429248
2243328
4623232
3223424
2943232
4732928
2943232
9474432
2274432
4342272
3672832
4223232
2943232
9362432
3222272
3292928
4287232
3922432
2282624
3826432
2367232
2239232
2262272
3346432
4333824
4274432
3343744
7922432
8363264
9442432
3463424
8239232
2233472
2283264
2622336
2263296
2242432
3263232
7383424
2473472
2336896
2292224
4243328
9426432
3332224
3423232
7663232
4633472
6226432
3332224
6422272
3826432
2277632
4223232
4873344
2432768
4342272
3734272
7226624
6226432
3663232
2322432
2283264
3423232
2232832
4242432
2228224
3732224
2232832
9622272
2228224
3892224
9236224
2383488
2222336
3222272
7662464
8222336
7444224
2442496
6239872
4939264
8322432
6727424
2343424
4722432
2292224
7826432
8738432
7463424
4846336
4327424
2277632
3636224
2932224
2369792
4223232
4922624
6422272
3268224
4772224
2722432
6332928
4622336
6276224
2226432
7834624
3247232
3327232
3362432
2222336
3627264
2322432
3423232
3332736
2223744
4229632
2223232
7343232
3327232
4244224
2772224
2286336
2329344
8344832
2446336
4262272
9663232
2233344
4322432
3423232
3743232
2642432
3333248
2374272
2244224
3764224
3967232
2274432
2262272
2222336
4242432
2343424
2383232
4234624
3232384
3423488
6434432
2223232
2322432
2422272
2772224
8283264
4333824
9323264
7444224
2493824
2226432
4884224
2382336
3623424
8223872
3364224
2232832
3247232
2667264
7442432
2722432
3222272
3732224
6292224
4223232
3224832
6242432
2722432
2228224
3834368
9364224
3423232
6322432
2294272
3822336
2324224
2932224
4322432
2223232
3327232
7322624
3876224
3823232
4443392
2226432
2832384
3298432
3332224
4348672
2294272
4322432
2372224
6228224
2223872
4263424
3492224
2443264
2338432
8244224
6263424
4226432
2623232
3333376
2238464
6383232
8242432
2228224
4222464
6223232
2234624
7236224
2822272
3222272
3483264
3636224
2484224
3263232
2332672
4383232
2242432
2424832
8433792
3236224
2722432
3423232
2734336
4822272
2962432
4632832
8244224
2642432
2322432
2222464
3972224
3224832
2274432
3242368
2232832
3263232
3232384
6383232
3336832
2233472
4287232
8223232
2377472
6623232
2634624
2838272
7236224
8223232
6222976
6482432
2647296
7972224
4472832
9247232
4923392
3382272
2243328
2439424
3266432
3343232
2228224
3824384
2232832
3263232
4333824
2822272
2332928
4943232
8232448
2932224
3222272
2623232
3332224
8226432
3284736
4434432
4423296
6223232
4922624
2229376
3337472
3222272
4333824
4747264
3222272
3362432
3829632
8283264
2233472
7228672
2292224
2226432
4342272
3333632
4226432
7226624
2223232
2792832
3327232
4287232
3246336
3723264
4372224
4327424
7222272
3423232
4442624
2437632
9993472
2422272
8623232
4222464
4424448
6293632
3322624
3422464
4463232
3362432
3742336
4822272
3322624
2863232
2886272
2338432
2873344
4262272
2423424
2389632
2264832
3284736
2423424
3262464
6463232
2372224
3323648
2268928
2332928
2946432
2444288
4324224
2326272
4242432
2232832
3244288
2223232
4334336
2483328
8242432
6262272
4233472
6382336
2722432
2962432
4244224
3423232
2242432
6276224
4242432
2222848
3327232
2332672
2227328
2623232
2783232
2472832
2244224
2226432
3492224
2239232
2233344
2243328
2222336
2422272
2462464
2462336
2423424
2267264
3263232
7322624
3343232
2322432
6323328
2674432
2263424
2623232
3342336
2223232
2644224
2638336
2324992
7627264
9732224
2274432
8423424
2322688
4623232
2292224
2262272
8223232
4223232
7322624
4324224
4223232
3273472
2783232
2239232
2632448
3622272
3732736
3382272
6932224
2223232
4383232
4428288
4287232
2622464
2233472
8692224
8927232
2322432
4322432
3222272
3236224
3743232
2863232
4644224
4293632
3823232
3234432
6342272
2347264
2443264
6322432
2324736
2323328
6343424
2223232
2333824
7732224
2292864
2742272
8223232
3236224
6262272
2324224
2889344
4244224
8473344
3322624
2228224
7663232
2267264
4223232
2232832
7334272
8233344
9833728
7247232
2242432
7263232
7323392
2822272
3762432
2264832
4228224
9242624
2322432
9343232
2623744
8632832
4244224
2322432
3337344
2823424
4334336
2826496
2223232
2322432
8262272
3242624
2324224
2387328
6424832
2244224
7323392
6223232
7236864
2322432
3247232
2438272
4634624
3234432
3924224
2233344
4246272
9327232
3423232
3823232
7236224
2228224
4276224
3263232
2222336
6383232
2322944
4932224
2239232
2242432
2922624
2399232
3474432
6243328
2422272
4274432
3282432
6342272
6222336
4677632
7236224
3348224
3243648
2623232
2746624
2243328
3333632
3233792
2332672
8263424
3922432
2447232
3242624
8242432
2223232
2322432
2229632
2834432
3284224
3332736
2367232
4323328
6239232
4322432
2623232
2324224
3463424
3764224
2436224
9362432
2823424
3636224
4238336
8342272
2223232
2232832
4882432
2322432
3427328
3222272
7332224
7423232
2393344
4424448
3243264
2738432
2634496
4822272
2322432
2436224
4222336
2272384
2232448
3732224
3332224
3423232
2246272
4226432
2342272
4933248
2367232
4223232
3862272
6223232
2377344
2627328
2239232
2338432
3823232
9236224
2226432
4223232
2223232
6223232
2236672
3332224
4336384
4223232
4227328
2633472
6324224
3378432
2228992
7239424
2799232
3222272
4338432
4223232
2932736
2322432
2244224
6636288
3623424
6247424
2367232
3234432
3282432
2344832
6286336
2424832
8226432
2822272
8372224
3327232
2244224
8223232
4223232
6232832
2383232
2463232
4243328
2426624
2734336
2482432
2372224
8226432
3266432
8242432
3268224
2267392
2326784
2347264
4434432
3862272
4223232
4372224
2724224
6463232
4292224
6463232
3223424
2222336
3423232
2332288
4223232
4243328
2863232
3227264
2422272
2228224
3862272
4386432
4734336
2327424
6322432
2223232
9273984
6422784
2623232
4642432
2233344
7234432
4373632
3263232
2623232
2223232
2722432
2323328
2882432
6243328
2928384
3337984
2463232
4623232
2222336
2242432
4242432
4822272
4424448
2738432
3423232
3423232
2242432
8264832
2932224
2262272
3442432
2222336
3322624
7327232
3423232
6484224
3223296
3247232
2962432
6228224
8474624
2262272
4389632
2646272
4282624
4373248
2847232
4324224
4222976
6239232
8223744
2484224
4263424
4222336
3294336
9447424
2223232
8223232
2429824
2742272
4223872
3322368
3647232
7282432
3823232
2222336
2623744
2797824
3243264
6724224
3324672
2276224
3423232
2722432
3263232
9343232
4223232
2239232
3324672
2727424
3222272
2426624
4329472
4324224
3222272
3228672
3237632
4744832
4293632
6242432
2836224
9423232
3427328
4443392
4263936
4434432
2623232
6827264
2629632
4223232
3272448
4323328
6372224
6732288
9332224
8244224
2642432
6342272
6222336
3444224
2842624
3663232
4233472
7922432
2426624
6227328
9422336
9332992
2239232
3723264
9663232
2292224
9378432
3434624
3732224
2232832
2438272
7323264
2292224
6232832
6342272
4423424
2434432
2232832
7279232
2423424
2822272
4283392
7862272
2388224
2222336
3263232
7262464
9223936
3222272
2272384
4226432
3222272
2233344
4238336
3322624
2324224
3442944
3444224
3623936
2863232
2823936
2322432
8223232
2243328
3226496
9243392
9663232
3924224
6239232
3226624
2424832
2222336
4228224
2222336
2422272
6322432
4324224
9323264
3327232
4232448
2292224
3282432
3823232
2322688
3332224
7863424
9332224
3423232
3348736
6326272
2238464
6292224
4274432
2962432
7322624
3463424
3323648
8322432
8263424
3333376
4334336
3462272
2722432
3967232
3224832
7876224
6742272
2324224
2374272
6644224
3327232
2392832
3722624
4633344
6222464
4468224
3324928
3323392
2236672
3323392
2249728
2373632
2226944
3222272
2236672
2362624
2243328
2329344
9343232
2373632
2222336
8223232
6232832
3237632
3839232
2222336
9247232
3342464
2732672
7343232
4639232
2244224
6422784
4244224
3322624
4422272
7334272
2222464
7323392
4222336
4262272
2222336
2422784
6228224
4248832
2996224
4323328
3222272
6322944
2322432
4222464
3282432
4383488
2663424
2943232
3422336
2244224
9237632
2923264
2247424
6382336
4927232
9222272
2722432
2324224
2228224
2722432
2393472
4274432
3273472
2222848
2632832
3423488
3762432
2482432
2223232
4334464
6623232
4223232
4322432
3383424
4423424
2628224
2292224
4463232
3263232
6322432
3623424
4244224
3634432
2664832
2388224
2466432
7743232
2834432
3222272
3832832
2633344
4422272
9222272
4863232
3322624
4227328
2242432
2436736
2292224
2333824
6324224
2422272
2322432
4932224
3223296
2436224
2232832
2422272
6242432
4263424
3237632
2367232
2287232
4622336
3273344
7382272
7343232
7327232
2233472
3742336
8623232
2228224
3272832
2437632
4263424
6327424
6834432
2322432
9622272
4377344
2382464
2732672
8223232
4342272
6223232
7236224
8262272
3222272
2232832
6663424
7223424
3222272
3323392
2224384
2242432
3332864
2322432
3222272
2223232
3762432
2242432
2692224
2228224
8432384
9236224
2332928
2374272
2342272
3732224
2232832
6223232
2342272
9362432
2644224
4438272
2342272
4242432
3343872
2324224
6228224
3263232
2223232
3334272
2246272
2943232
3226624
2228224
7364224
2242944
2342272
4333824
3434624
4244224
6322432
6868224
2482432
2324224
6239232
2222848
8327424
2232832
2438272
6232832
2222336
3423232
4223744
2223232
3226624
4322944
2262272
3732736
8424832
3334272
4223232
2223232
2233344
3222272
2774272
4722432
2484224
6223232
7234432
2842624
2223232
2323328
9222272
2322432
4442624
2422272
2344832
2324224
2324736
2223232
4373632
2722432
2223232
2424448
2763392
4222464
2228224
2322432
6463232
4326272
2264832
2222336
2292224
3222272
2222336
2727296
4623232
4292224
2823424
4222464
4242944
2783232
7824384
7323392
2623232
2322432
3622272
7423232
4842624
2463232
4373248
3348224
2644224
2292224
8223232
4234624
8234624
2223232
2372224
2338944
6323328
7223296
3622272
3823232
2422272
2223872
7263232
3222272
3333632
4422272
2287232
3239424
3364224
2228224
2633472
6243328
7823232
2623232
2943232
2263296
3462272
3223424
3732224
4724224
2246272
2623232
4443392
2926336
2364672
4222336
2243328
4783232
2623232
6372224
2223232
7327232
2233472
2322432
2222336
3222272
3476224
4222336
7282432
2222336
2226432
8622336
2276224
2623232
3242624
2633472
2322432
2922624
2484224
2423424
3327232
2443392
3222272
2446336
2223232
7236224
2722432
3263872
3432832
7892224
8229632
2393472
6463232
3423232
3273344
2427392
2239232
3476224
3423232
6264832
2279424
3734272
7422464
4223232
2932224
2223232
6324224
2329344
4323328
2623232
4336384
2223232
6228224
3463424
9266432
4222336
7423232
3349248
7442432
2247424
8383232
3637248
3743232
2623232
2783232
3343232
6224384
2727424
4226432
7442432
2623232
2329472
2282624
2223232
4242432
2222464
2223872
3743232
2277632
2324224
3433344
2634624
2244224
4242432
7323648
6327424
6622464
3822336
8623232
4233728
7342336
6422272
3662336
3442432
3423232
3227264
2226432
4246272
4436224
2223232
3423872
4223232
8324224
3833344
3668224
2734336
3234432
6362624
2223872
2322432
4922368
4292224
9222784
2323328
3294336
2873344
9332224
3438336
3633664
3484672
6623232
8363264
4383232
2424832
4473344
7922432
6222464
3764224
3622272
4223744
3284224
6642432
3346688
9343232
4274432
2322432
4432384
4233472
2228224
7732224
4223232
6228224
2326272
2746624
3232384
3263232
2234368
2729344
3263232
6243328
2234624
2226432
3232384
3222272
2324224
2822272
3322624
3342464
4246272
8238464
4227328
2292224
2224384
2244224
6324224
8223232
3382272
4322432
4422272
2629632
2262272
3733248
9284224
2223232
2244224
4434432
2232832
2292736
2432384
6222336
2322432
4232832
2322432
2262272
2222848
2233344
3232384
2233472
9222272
4223232
3472384
2324224
2332672
2223232
6226432
3234432
2277632
9223424
4274432
2896384
2226432
2226432
2823424
2382336
2223872
3423232
2223232
3343232
3426432
3436672
4334336
2223232
3243264
2242432
2644224
2932224
4246272
4422272
3663232
2264832
2932224
2324224
2873344
4242432
3422464
6233344
2236928
3327232
3332224
2333824
2382336
2222336
2239744
2222336
3622272
3327232
3627264
2423424
4226432
2822272
2223232
8226432
3433472

