827392
287232
382336
223232
742272
343296
432832
922432
234432
332224
843392
222272
722432
334272
927232
972672
433472
426624
223744
284992
228224
234368
363392
932672
623232
226432
326272
642432
622272
372224
362432
247232
933824
424832
324224
767232
429632
228224
623232
242432
262272
262784
432384
392832
437248
334464
222272
323328
223232
399232
639232
444736
263232
622464
323264
273472
236672
772224
372224
222272
474368
222272
244992
944384
647232
783232
734336
234432
923264
244224
242432
722432
272832
647232
222272
323968
636224
294272
223872
623296
263296
623744
337344
222848
422336
423232
322432
226432
232832
423936
237632
649472
844224
222272
223232
344832
326272
923392
262272
444992
263232
232448
324224
622272
362432
862464
242432
233984
722624
333376
442944
929344
223296
222272
732224
443392
236224
847232
324224
223232
436224
236224
724224
267328
463232
326272
234368
482432
293632
623232
422272
374272
692224
427392
283264
442624
327872
436928
222272
334336
243328
692224
326272
233984
324224
462272
322944
738432
722624
823296
743232
223232
983232
423232
446336
324224
327232
236224
243328
224832
327424
223232
292224
334272
322432
223232
334336
692224
328832
222272
222976
922432
463232
733632
623232
722432
767232
662272
234432
822272
363392
439232
422976
293632
847232
863872
794432
272384
244224
242432
232448
623232
838272
792832
362624
322432
322624
422272
242432
227648
828224
623232
324992
223232
374272
324224
224384
826432
327232
774272
422272
292224
222336
322432
723392
622336
332672
246336
223232
483328
332672
263424
644224
292224
227328
676224
623232
423424
826432
226432
287232
262336
222784
348224
243328
422336
623232
633664
339328
262784
224768
367232
322432
282432
422272
284224
832832
372672
242432
232832
324224
222464
222464
927232
623232
228224
242432
268224
262464
463232
636224
287232
242624
222784
772224
223232
244224
224832
847232
382464
243328
228224
326272
222272
927232
423232
622336
634624
622336
327232
372224
442432
723264
226432
276224
332224
273728
422272
332224
363392
247232
927424
732224
222272
226432
324736
426368
247232
274944
322944
826496
223232
892224
423232
236224
234944
332672
223232
222272
342272
423232
684224
222848
623232
642432
332672
433344
347392
279744
626432
863232
228224
323264
742464
228224
268224
422272
373248
638272
324224
292224
647232
232832
323392
334336
223232
263232
722432
427392
382336
633472
622272
223232
422784
823232
332928
622464
327936
222336
628224
287232
463232
223232
733824
627968
262272
663424
226432
382848
327232
223424
367232
223232
262784
442432
292224
232832
834624
323264
363392
367232
223232
339328
224832
422272
324224
222464
242624
832384
223232
736832
223232
333632
422336
324224
734272
267648
423232
399232
632832
292224
243328
322432
223232
343424
473344
629632
922624
623232
244224
743232
482432
243264
242624
634624
927232
473472
327232
282624
724224
247232
884288
623424
733632
644224
223232
263232
892224
237696
324928
423232
466624
822272
233472
234432
243328
366848
863232
834432
327232
422272
362624
228224
222272
232832
246784
222272
282624
846336
376896
442496
232832
433472
226432
244224
223232
234432
226624
342272
228224
847872
836224
222336
822272
364224
242432
743232
994432
863232
226432
327936
233344
487424
422272
342272
276224
623232
746432
722432
343232
863872
372224
637632
223232
633472
642944
323328
423232
223744
932224
223232
772224
826432
479232
383232
743424
723328
822272
324224
636224
422272
393344
239232
362432
324224
783232
442368
422272
324224
437632
337472
363392
743232
223744
228928
323328
283328
263424
223296
233344
422272
823424
333248
223424
226432
342272
322432
638464
262272
372224
834624
427392
222272
228224
922368
343424
834432
393472
442432
932224
633472
294464
223232
822336
322432
647232
242432
732224
333824
242624
326272
442432
287424
263232
222272
733824
283392
482624
643392
922432
364224
343232
663232
276224
323392
662272
242432
324224
332224
242432
824832
223232
722944
222336
484224
682432
326272
222336
222464
472832
232832
633472
226624
636224
734336
338432
242432
822272
244224
823232
222272
463232
427328
322432
223232
293824
222272
284928
822336
222336
343424
484224
326272
223424
324224
246272
978432
274432
239232
626432
424832
342464
833344
247424
236224
329344
343424
239232
332672
838272
724224
277632
924224
623232
742272
367232
228224
276224
232768
242432
462336
232832
222272
237824
242496
362368
262272
222272
239424
684224
233344
372224
628224
327424
243328
946432
783232
367744
287232
228224
223424
272832
243328
244864
322624
223232
232832
233344
226432
433472
262272
924224
934272
323328
222272
222784
322624
278336
934784
243328
263232
263424
373632
223232
296832
334272
644224
222272
223232
922432
247232
348224
232832
364928
228224
333824
362368
822272
232832
287232
329728
228224
823424
343232
224384
326272
228864
736832
783232
263744
639232
226432
443328
426624
463232
332224
234496
422272
373632
463232
242432
743424
623232
324864
223232
223744
223872
262272
338432
423232
322624
362624
222336
727232
242432
926272
732224
726272
279424
364224
262272
324672
292672
933376
372224
228224
734336
742272
772224
332864
233472
729472
282624
424832
222336
237248
324224
228224
234432
222272
462464
962432
262272
842624
636224
722432
772672
244224
292224
423744
482432
422272
734272
628224
844224
326272
242624
424832
444224
282944
294272
934272
222336
243328
232832
284672
223232
343232
239232
287232
234624
232832
822272
934272
238336
244224
223744
422336
244224
228224
232832
234432
476672
772672
342272
423424
422336
422272
622272
277632
444928
223232
479232
724224
223232
223744
242432
223872
247232
422272
364224
662272
423232
332672
232832
284224
274432
443328
232832
324224
743232
422272
222272
424832
379392
223232
732224
322432
626432
224384
223232
423232
324224
223296
324224
442624
223232
222336
242432
322432
299392
927232
324992
633344
427328
226624
439296
247424
622464
222272
233344
623232
226944
724224
278272
222464
663488
228672
222336
279424
267328
884224
336832
326272
247424
263424
324224
282624
383232
632832
322432
324224
664832
428224
224832
263232
263232
822272
372224
263232
439424
328832
243328
232832
226432
332928
333824
462272
832832
323392
228224
463232
422272
227264
348224
222272
262272
444736
432896
233472
242432
323328
263424
292224
323328
423232
293632
226432
642432
443392
247232
463232
324224
272384
223232
292224
423232
382272
342272
942336
822272
343872
284672
247424
232832
724224
844672
292224
247232
222272
426944
222464
322432
479744
344384
342272
833664
233344
232448
823232
223232
223296
343232
634432
228224
424832
934272
224832
422272
262784
722432
423424
343232
632832
227328
222464
423232
827392
263232
436736
274432
222464
444224
339392
244224
243264
823232
236224
367424
937472
642432
463744
272384
222784
223232
743232
783232
222336
644224
322432
823232
262272
393344
442432
843328
227328
423232
343296
434432
422272
226432
273344
223744
932224
463424
324224
223424
344832
324736
879232
323264
244992
322432
248832
632832
222272
222976
294272
623232
437248
332224
922432
933248
294272
238272
943424
249472
483328
743232
327232
233792
492224
322624
497472
322624
343424
463232
222464
284224
326272
632448
462336
247232
726272
442368
423232
442624
282432
442432
237248
243328
242496
262272
343424
922624
272832
342272
823232
234624
827264
263232
484224
482432
372224
362432
223232
399232
444224
482432
349632
463424
482432
722432
743232
423232
223232
324672
622272
832832
422272
232384
247424
626432
223872
422272
223744
722432
223232
229248
362624
332672
263232
323264
634432
722624
223232
824832
394624
633472
422272
442432
323264
342272
428224
228224
822272
222464
342272
292224
263424
423232
223232
324224
246336
224832
324224
423232
279232
222272
262272
962432
323392
722432
223296
636224
447232
643648
342784
363648
647232
228224
324224
329344
227264
399232
346624
223424
233472
243264
292224
334272
326272
243264
422272
243264
322624
226432
232448
622336
764224
336832
822784
263296
634368
228224
223296
324224
247424
223232
367232
242432
322624
232832
423296
273664
623232
443392
326784
226432
647232
223232
442624
386432
322432
282624
222336
623232
246272
786432
628224
263296
223232
662272
363392
227328
263232
262272
223232
383232
222272
246272
432768
224832
234624
646272
323264
244224
242432
827264
423424
242432
883328
323648
333824
922624
242624
623232
922432
292224
482432
223232
622464
246272
273472
324224
862336
232832
623232
228224
422272
292224
343232
262272
247232
239424
233344
327232
324672
724992
343232
868224
242944
643392
383232
294336
994432
223232
282624
247424
382336
922432
242432
636224
623232
324224
692224
324224
447232
234432
432384
663232
332672
287232
642432
463232
462336
222464
262272
292224
292224
694272
642432
642432
723264
223232
326272
223424
324224
222336
884224
388224
332224
242432
294272
222336
383232
343424
249344
223232
244224
422272
943232
822272
722432
324224
282432
334336
372224
223424
222336
468224
222464
237824
422272
224448
343936
436224
442432
322432
293632
723392
742272
263232
364928
383232
323264
363392
362432
623232
372736
494464
442496
633344
327232
322624
292224
423936
294464
423424
436224
324224
832768
223424
242624
423424
826432
244224
723264
623872
222336
922432
328832
324224
233472
374272
782336
844224
423232
326272
442624
436224
232832
226944
329344
332224
243392
387392
632448
222336
343232
264448
246272
927424
434432
432448
332224
923264
932224
294272
239936
344832
222464
847232
742336
462272
822336
242944
324224
294336
242432
228224
223744
272832
327232
234624
367232
632832
422272
423232
828224
372224
823296
262272
622272
332928
322624
326336
234368
473472
629632
943424
447232
783232
924672
222336
223232
479232
464384
324224
322624
327232
236224
433344
634432
463232
362432
238464
732224
334272
783232
322432
222272
227392
964224
322368
289344
262272
282624
223232
732224
226624
224832
423424
232832
282432
244224
742272
284672
623232
284224
262272
224832
292224
333824
932224
372224
442496
226624
423232
223296
436224
333632
623232
223872
932224
322432
322432
272384
223232
229632
722944
772224
422464
222848
266368
942336
822336
463232
362624
732224
623232
223424
422336
692224
822272
226944
243328
263424
244224
883392
747392
338432
383232
732224
326272
362368
223232
394432
442624
247232
423424
322432
822272
927232
399424
424832
242432
343424
647232
373376
442624
223232
222336
724224
242624
263232
823232
222336
232832
372224
343424
332672
228224
242432
334272
324864
863232
334336
232832
223872
246272
226432
324928
943232
222272
374272
224832
323392
232384
236224
422272
626432
424832
243328
327232
233472
242944
324224
332928
932224
343232
423488
663424
226944
436224
322432
223744
328768
472832
874432
242432
434432
823232
622464
222336
623232
228736
224384
273344
633728
262272
623232
224384
323392
422464
722432
396928
333824
263744
932224
824384
322432
236224
324224
348224
927232
324224
222336
222272
222784
322368
222336
623232
423424
424832
334336
227776
482432
243264
287232
262272
327744
782272
322432
239232
322944
439232
922624
263232
442432
623232
343232
223872
732224
222336
324736
223232
334272
842624
332672
223232
663232
442432
334464
373632
923392
223232
326336
983424
422272
322688
263232
423872
242432
223744
627264
224896
362624
962624
327232
496384
692224
342272
492224
276224
222336
243328
282432
432448
483328
222272
343296
327232
983232
244224
227648
373376
239232
226944
322432
972672
242432
463232
372224
363264
972224
222336
687232
222464
242944
249664
322432
279232
626432
343424
482432
324224
282432
332672
262272
226624
837632
327232
638272
722432
322432
343232
622272
332224
226624
322624
242432
293632
422272
442624
383232
833664
743424
232384
229376
462272
323328
683392
343424
223232
233344
322432
422272
743232
922624
327424
623424
222272
248832
323328
732224
633344
222336
962624
234432
237632
722432
292224
274432
222464
783232
263232
429632
287232
262336
294272
323264
443328
293632
894272
232832
236672
492224
227264
222336
423232
338432
866432
342272
237632
322432
262272
324224
742272
922432
333632
492224
262272
343232
242624
244224
242432
232832
334336
223232
399232
324224
228224
422272
239232
322432
223232
822272
822464
423232
322432
222336
362624
222272
422464
262272
433792
636224
424448
484224
326784
223232
332672
742272
224832
323648
222336
372224
323392
323264
229824
228224
444224
943232
367232
223232
422272
262272
327424
633472
832832
932224
268224
436224
722368
622336
239232
274624
636224
676224
232832
639232
423424
228224
287424
423232
262272
727424
274432
427392
282624
324224
223232
276224
292224
232832
492224
732672
338432
363392
274432
228224
226432
324224
783232
332928
367232
332672
422272
722432
223232
242624
364224
327424
262272
747392
292224
323264
794432
734272
423232
388224
282624
343232
439424
222336
972224
434432
229632
228928
324224
367424
223232
723328
322624
443264
222272
327232
323328
423232
244224
334784
343424
423424
343232
223424
442624
674432
224768
333696
423296
372224
328832
237824
422336
322432
223232
823424
333824
238272
823232
372736
372224
324224
927232
423232
332224
242432
224384
422272
732224
227328
223296
242432
627264
327232
222784
423232
262848
334272
427392
233664
622464
228224
622336
376832
292224
292224
826432
823424
322944
224832
223232
346496
793472
244224
623744
227392
223744
322432
342272
932224
264832
742272
278272
239232
224384
949632
822272
233728
824832
266432
372224
249472
748224
382336
343424
632832
332224
422272
244224
393344
434432
228224
222464
222272
432384
342336
823424
223232
286848
223232
472384
222272
663424
428224
233344
263424
334272
282432
442432
943232
428288
222336
234496
777344
923392
342272
932224
323264
263232
639872
363264
222464
292736
722368
222272
222272
343232
244224
439232
372672
423232
642432
623424
226432
223232
232448
223232
364288
226432
339392
327232
342272
822272
223232
822272
243264
242432
323264
282624
823232
332288
222336
432832
442432
222464
768384
634368
843264
223424
226432
246272
343232
233792
922432
342272
379392
366272
838272
239744
242432
626432
388224
278272
327424
233792
223872
322432
323328
227392
263232
322624
372224
262272
722368
222464
332992
783232
633472
222272
863232
343232
732224
922432
342336
324224
322432
883264
763264
623232
246272
222336
239424
234432
279424
223296
332224
373632
384448
783232
274432
728832
287232
326272
423424
232448
734336
232832
272384
943232
223232
738432
322432
293248
422272
623232
222272
228224
437376
243328
262272
932224
364672
233472
923328
822272
323328
434432
234432
422464
233664
292224
623232
444288
422272
724224
222464
429632
432832
929344
238784
434432
647232
478272
827328
322944
466432
246272
647232
223872
393344
223232
348224
224384
923264
262272
343744
443264
222272
374272
332224
222272
436224
422272
246336
492672
932224
223424
687232
783424
223872
492224
332224
822272
223232
927232
633472
668224
372672
822336
224384
327232
439232
467328
228224
233344
423232
737344
243328
862336
223232
934272
884224
842624
772224
222784
322432
442624
436224
237248
277632
232448
262272
322624
842432
222272
239232
476224
722624
842624
244224
343424
233792
439424
326336
478336
362432
843328
423424
662272
423232
282432
663424
323968
222336
463232
222784
443264
423424
223232
434624
372224
742464
276224
228224
343232
736832
326272
322432
822272
287232
227392
327232
228224
243328
222272
322432
262272
222272
222464
437632
226624
434432
292224
636224
793472
644224
626432
732224
932992
223232
922624
228224
322944
222336
228928
426624
263232
239232
247424
327232
222272
223424
332672
722432
836224
224832
222272
233728
892736
642496
292224
367936
623232
623232
924224
642432
222272
422272
423232
262272
742464
222272
227264
263232
333824
943232
244224
623744
472832
447232
623232
326272
632832
236224
222336
224832
262272
226432
222272
233472
463232
322496
473984
233344
393344
743232
622464
943424
223232
228224
222272
239232
222272
226432
247424
236224
247232
724224
623232
228224
243264
232384
322432
222272
338432
224832
823424
622784
283264
262272
239744
423232
432832
624384
324224
962432
222464
223232
222336
228224
223232
722368
324224
824832
363392
823744
898432
822464
222272
242368
267328
478272
274432
242624
322432
373632
422272
634368
322432
723264
223232
222336
297344
342272
293632
227264
336384
332928
343424
362432
233344
224448
234432
743232
246272
442368
226624
734272
423232
233472
439296
364224
274432
292224
924224
229248
322624
232832
439424
242944
333632
322432
226432
492224
423872
842432
243328
693824
277632
222464
732224
222272
222848
332224
662272
277824
692224
732224
272384
422272
863232
822272
233344
424832
764224
332672
422464
726272
232768
422272
932224
222336
277632
322688
698624
443264
224832
424448
422272
324224
476224
348224
423232
624384
722944
423232
263232
223232
422272
722432
442432
444224
232832
222464
326272
234368
628224
222272
422336
223232
244224
743424
284224
822272
429632
763264
228224
249728
647232
222272
443392
342272
223296
742272
329472
236224
922432
247232
232832
927232
982272
443392
724224
338432
372672
242432
342272
239232
373632
923392
943232
722624
882432
626432
239232
236224
223232
734336
343424
732224
423232
322432
222272
887424
292224
822272
423296
693824
333824
329472
444992
322944
283264
487424
322624
223296
222272
223424
228224
424832
622464
923392
772224
724224
322432
222272
263424
263232
444224
322432
222336
482432
249344
272384
682368
479232
263232
236864
263296
346432
892224
226432
663424
436224
232832
277632
342272
226624
323392
363264
463232
663424
362624
228224
242624
644224
299264
333632
324224
332224
322432
732672
242624
263232
339328
742272
228224
228224
722432
746432
423424
626432
234432
324224
222272
322432
362432
222336
329472
692224
364224
842432
444288
334272
892224
249344
822336
724224
284224
623232
623232
362432
242944
224832
422272
233344
724224
323392
327232
382336
283392
427392
246272
324736
732736
233472
277632
372224
632832
263744
282432
244224
268736
263296
436224
287232
262272
422272
663232
422272
383232
363264
244224
832384
233792
423232
623232
423744
322624
372224
274432
772288
934784
423424
343232
822272
262272
872768
894464
422272
292224
326272
292736
339392
839232
293248
327232
723328
636224
224384
722432
722944
226432
823424
263232
226432
723264
338432
333824
223424
732224
332672
229248
442432
732672
242432
397824
233728
422272
238336
492224
667392
372928
343296
922624
372224
442432
433472
498432
327232
329344
392832
236224
223232
322368
422464
223232
422272
869248
674432
822336
239232
327744
868224
332672
372224
922624
448832
444288
343424
623232
227328
422272
642624
832832
232384
723264
423424
633344
439232
222336
244224
222848
343744
938432
223424
239232
328832
324672
362624
246272
233472
432832
692224
826432
442624
263424
463232
742272
323328
326464
322624
224384
367232
463232
322432
426944
327232
233344
622336
233728
632832
626432
233472
332224
333248
233344
239232
393344
222272
324224
223424
732224
322944
222464
642432
223232
374272
233472
327232
723328
342272
422272
226432
323648
863232
374336
383424
242432
722432
692224
223232
233344
634496
222272
222272
724224
382336
422272
323392
883264
372736
242432
324224
242432
422272
223232
227392
722432
292224
243328
673664
343232
383232
223232
243328
222336
239232
247232
222272
723328
426432
692224
382272
322944
436736
264448
824832
227264
322432
482432
222784
962432
642944
423232
229376
246272
223232
332224
223232
223424
774272
223232
342272
344448
222272
293632
342272
239232
324224
223232
264832
326464
462272
722432
388224
322432
226624
794624
722432
322432
463232
762432
723264
229248
227392
623232
227392
732224
223232
234624
633472
237632
623232
246272
442432
294272
442944
424832
247424
223232
333824
492224
423296
372224
732224
742272
223232
323264
764224
227392
223232
222336
223296
282432
223232
228224
226432
324224
934272
274432
222336
639232
332928
322432
442432
727232
623232
222272
633984
736832
292672
738432
623232
243328
239232
724224
228224
273344
426432
466432
244224
634432
437376
463232
222272
233472
322432
943232
292864
244224
334336
924224
727424
886272
223232
243328
293632
222272
228224
343232
442624
342464
262464
342976
743232
622336
326272
222976
382336
326272
223424
628224
324224
226432
223232
224832
246272
337472
437632
227328
228736
743232
234624
444224
436864
484224
439232
337472
273728
377472
226624
266624
244224
922624
232448
222336
623424
228224
333376
223232
224832
423424
262272
323328
327424
223232
229632
294272
223232
442432
633472
239232
222336
463232
923264
227392
322432
382272
292224
423424
322432
324224
642432
363328
228224
364224
722944
232448
332672
324224
227392
772224
623232
223232
222272
222336
263744
283264
634432
327232
742336
329792
224384
223424
422272
222848
383232
226624
382464
228224
262272
242624
327232
244864
287232
346624
923264
233664
822336
223296
332672
223232
343296
437632
423232
244224
442432
383232
423232
463232
833344
924224
364224
322944
348224
226432
223424
226624
434624
246272
222272
372224
232832
223232
644224
222272
242944
823232
484224
642432
464832
422336
322432
644736
484224
224832
223232
262272
223232
462272
332928
826432
439424
792384
843328
362432
334464
333632
287232
783232
322432
943232
363392
422272
263232
239232
873344
422272
242432
247232
362432
687232
447232
246272
423232
223232
823232
246272
438272
222272
282432
926272
244224
222848
342464
622272
822272
732224
269632
333824
473472
234624
348672
322432
223232
222464
424832
223744
623936
234368
223744
223232
322432
293632
264832
233344
423232
422784
229248
442496
436224
244288
229632
422336
882432
324224
723264
234432
292224
324672
222272
237248
628224
233472
642624
732224
224384
422272
484224
363264
263424
286272
223232
338432
722432
228224
722624
272832
822272
262336
736384
322944
623232
239232
223232
222464
236224
232448
423232
233344
763264
432832
372224
263296
322432
223872
238336
762432
922944
284672
887936
232832
463232
373632
632832
622464
342272
332672
924224
332224
239232
663232
223232
234432
324224
239232
962432
348672
393792
362496
793472
742784
222272
722944
224768
687232
623232
322624
243264
834432
823232
334336
227328
637824
942336
324224
623232
244224
932224
732224
622336
222272
823232
332224
222464
223232
646272
322432
642944
372224
292224
422464
263232
244224
242624
773632
422272
383232
223232
328832
238272
422336
343424
342272
426432
232832
388224
629632
692224
633472
333632
228224
423424
797824
943232
363392
623424
733632
423232
332672
422272
332672
228224
223872
242432
324224
222272
232832
926272
223872
623232
697472
327232
423232
243264
237376
722432
222336
822272
343232
262272
324224
223232
732736
473472
242432
322432
834432
324224
732224
239232
323328
327424
738432
674432
223232
423232
342272
922432
382464
328448
847232
322432
228928
634624
322432
232832
278464
933248
246272
322624
343424
483328
223232
364672
324224
224896
232832
232832
223232
327232
372736
674432
228672
422272
423232
222272
342272
383232
226624
232768
342336
426624
386624
224384
223424
278336
222272
294272
333824
863424
232448
427392
324736
444736
324224
423232
424832
446336
483648
422272
248832
622272
247232
228224
742272
478336
484224
323392
722432
372224
242624
292224
222336
922432
223232
324224
242368
242432
843264
263424
463232
324224
643392
647424
222272
332224
367232
339328
367232
347264
222464
229632
863232
364224
222272
244224
822464
263424
339328
382272
222272
462336
292224
232448
322624
732224
243264
367232
223296
223424
636224
247424
463744
743424
262272
228224
873344
726272
223744
244224
242432
222464
463232
322432
437632
239232
226432
233728
223424
324864
242432
228224
292224
322944
423296
222272
389632
383232
422272
872832
243392
422272
422272
372224
222336
438272
284224
436224
736384
422272
347264
294272
626432
228224
383232
822336
334464
223232
743232
434432
229248
722432
427328
326272
242624
382272
232832
332672
424896
928832
739264
323328
446464
322432
423424
442624
224832
646272
422272
232832
323328
922944
923328
223232
772224
273472
726272
423232
276992
633344
332224
238464
322432
732224
232832
343424
226944
263424
383232
223232
673664
324736
839232
663232
422336
239232
229248
234624
247232
832832
744448
434432
242944
234624
732928
329472
326272
242432
293632
642432
423232
423424
422336
742272
723392
722432
234624
243392
292864
239232
628224
246272
333632
222784
692224
382336
383232
226432
722496
332672
322432
626432
223296
934272
927424
222784
923264
244224
233344
374336
462464
822272
324224
922624
943424
333376
647232
639232
322624
643328
822272
296448
924224
247424
332928
239232
332288
932224
479232
823232
226624
842368
722432
724224
324224
823424
444224
222464
242432
642432
262272
942272
463232
373632
847232
267392
634624
644224
422272
334464
226432
282432
234624
743424
232832
226944
446336
932224
623232
282432
924224
727232
223232
642432
967424
224448
722432
687232
232832
462272
233728
332288
323392
927232
223232
374336
267392
322432
372224
627328
223232
364672
442624
383424
322624
246272
422272
324736
224832
249472
332992
243328
324224
247424
242432
233344
632448
463232
868224
282432
362368
226624
332224
232832
422272
244224
729728
484224
444224
233344
268672
943424
243328
743424
329472
822336
632832
222336
442432
222272
223424
823872
223232
482432
994432
743424
693824
222336
822272
332224
222336
239232
322432
383424
636224
329472
823232
623232
246272
822272
227328
233344
274944
242432
423424
223744
632832
262464
223232
276224
243328
462336
422336
362432
223232
422272
239232
223232
623232
323264
233664
367232
732224
276224
274432
222464
926336
274432
362368
228224
327936
232832
932864
333824
823424
463232
422272
732224
228672
324736
322624
923264
223424
922432
332736
263232
733248
796224
293376
322432
232832
324224
383872
246272
286272
223232
922624
423232
333376
639232
422272
373632
622272
234432
223232
429824
223232
832384
924224
648832
223232
839232
226944
443264
382464
922432
682432
229632
826432
692224
373632
332672
282432
346624
892224
286336
323392
343424
322368
372224
334272
633344
232448
263232
439232
738432
422976
232832
324672
393728
473344
342336
423232
284224
237632
422272
343232
222848
322432
783424
263232
463232
727424
342272
322432
223232
234624
383296
272768
423232
326784
284224
447424
484224
398336
828224
433728
292224
742464
323392
628224
327424
964224
228288
783232
622464
646272
282624
322624
228992
239232
262272
284224
426432
422272
222272
292224
362432
622336
764224
823872
232832
422272
237824
223232
242624
233984
363392
767232
223296
322624
822272
263424
223232
962432
234624
342272
423232
644224
222336
424832
722432
823424
222272
427392
463232
232832
222336
944832
463424
962432
333376
442624
424832
677248
324224
843392
323328
622272
722432
423744
423232
324224
723264
343232
423232
234368
724224
622272
364224
764224
233728
332736
294336
244224
262336
882432
247424
282624
263424
242432
222464
439424
223232
922432
222336
372224
342272
422272
342336
324736
367232
282496
463424
222336
333632
436224
326272
222784
242432
383232
623232
224832
727424
244224
434432
247232
324224
343232
294272
422272
642624
292224
323328
282432
236672
824384
822272
228224
424832
322432
424448
234368
239936
722624
222272
222336
887424
633792
982272
292672
733824
434432
327232
222784
343232
322368
244224
423424
322432
622336
823232
233472
223424
326272
383232
836224
226432
322432
372224
263232
244224
943232
322432
238272
222272
263744
228224
444224
332928
222272
836224
424832
636224
399424
423424
232832
223232
224384
242432
247232
324224
223424
373632
238272
343424
743232
383232
382336
242432
228224
932224
636224
323328
226624
333824
642432
342272
292224
623424
842624
279232
243328
634432
222464
374272
724928
262272
948224
722432
223232
322432
623232
322624
327232
323264
222336
622272
692224
447232
263424
234432
234432
324224
289664
342272
223232
442944
222272
343232
223232
263232
783232
223296
323328
224384
293632
223296
343232
324224
964224
292224
232448
383232
343424
863232
322368
442432
332672
824832
372224
324224
723392
327232
228224
823936
223232
264832
222272
223232
343232
842624
223232
322432
774272
633344
323264
943232
223232
882432
327424
236224
348224
292736
248832
324224
226368
343232
388224
243328
932224
842624
428224
363392
242432
482432
924224
348224
482432
823232
232832
774336
322624
228224
243328
342272
433728
244672
332928
837632
372224
479424
322432
372224
343296
249344
423232
927232
973248
372224
422464
227392
922432
232832
333632
732224
333632
326336
332224
242432
228224
226432
263424
482432
327424
823232
623424
284224
262272
324224
283328
244224
222272
732288
962432
428224
244224
224832
484224
234432
892224
223232
322944
263424
222336
222784
223232
232832
623872
244224
223232
274432
324928
663232
227264
323264
634432
362624
322624
363328
836224
272384
463232
922432
774272
228224
924224
229248
482624
226432
332224
233792
293632
324224
722624
623232
836224
346432
436224
223872
244224
722432
626432
622464
342336
732224
372224
962432
332672
342272
233344
322432
223424
326464
924224
328832
269632
343424
226624
628224
836736
383232
224384
223232
222272
892224
932224
334336
772224
439872
322944
342272
222272
429376
442624
482432
222272
327232
223872
236224
223232
623232
622464
383232
222336
222272
223744
232832
282432
263232
828224
247232
822272
439232
244224
367424
367232
324928
222336
223232
224384
292224
347264
423232
242432
722432
393472
327232
223296
423424
722432
333824
492224
282432
362624
324224
742272
422272
236672
223232
642432
286336
342272
363328
324224
292224
722432
242688
623296
228224
328832
249472
422272
224384
222848
427328
243328
244288
323264
222464
239232
433344
438336
334272
223424
322432
623232
223232
492672
223232
422272
636224
722432
244224
842944
366272
423424
822272
227264
223424
327232
223424
234432
674432
249344
438272
743424
423232
364224
726272
663232
332224
282624
667264
343232
429248
243328
623232
223424
943232
732928
943232
474432
274432
342272
672832
223232
943232
362432
222272
292928
287232
922432
282624
826432
367232
239232
262272
346432
333824
274432
343744
922432
363264
442432
463424
239232
233472
283264
622336
263296
242432
263232
383424
473472
336896
292224
243328
426432
332224
423232
663232
633472
226432
332224
422272
826432
277632
223232
873344
432768
342272
734272
226624
226432
663232
322432
283264
423232
232832
242432
228224
732224
232832
622272
228224
892224
236224
383488
222336
222272
662464
222336
444224
442496
239872
939264
322432
727424
343424
722432
292224
826432
738432
463424
846336
327424
277632
636224
932224
369792
223232
922624
422272
268224
772224
722432
332928
622336
276224
226432
834624
247232
327232
362432
222336
627264
322432
423232
332736
223744
229632
223232
343232
327232
244224
772224
286336
329344
344832
446336
262272
663232
233344
322432
423232
743232
642432
333248
374272
244224
764224
967232
274432
262272
222336
242432
343424
383232
234624
232384
423488
434432
223232
322432
422272
772224
283264
333824
323264
444224
493824
226432
884224
382336
623424
223872
364224
232832
247232
667264
442432
722432
222272
732224
292224
223232
224832
242432
722432
228224
834368
364224
423232
322432
294272
822336
324224
932224
322432
223232
327232
322624
876224
823232
443392
226432
832384
298432
332224
348672
294272
322432
372224
228224
223872
263424
492224
443264
338432
244224
263424
226432
623232
333376
238464
383232
242432
228224
222464
223232
234624
236224
822272
222272
483264
636224
484224
263232
332672
383232
242432
424832
433792
236224
722432
423232
734336
822272
962432
632832
244224
642432
322432
222464
972224
224832
274432
242368
232832
263232
232384
383232
336832
233472
287232
223232
377472
623232
634624
838272
236224
223232
222976
482432
647296
972224
472832
247232
923392
382272
243328
439424
266432
343232
228224
824384
232832
263232
333824
822272
332928
943232
232448
932224
222272
623232
332224
226432
284736
434432
423296
223232
922624
229376
337472
222272
333824
747264
222272
362432
829632
283264
233472
228672
292224
226432
342272
333632
226432
226624
223232
792832
327232
287232
246336
723264
372224
327424
222272
423232
442624
437632
993472
422272
623232
222464
424448
293632
322624
422464
463232
362432
742336
822272
322624
863232
886272
338432
873344
262272
423424
389632
264832
284736
423424
262464
463232
372224
323648
268928
332928
946432
444288
324224
326272
242432
232832
244288
223232
334336
483328
242432
262272
233472
382336
722432
962432
244224
423232
242432
276224
242432
222848
327232
332672
227328
623232
783232
472832
244224
226432
492224
239232
233344
243328
222336
422272
462464
462336
423424
267264
263232
322624
343232
322432
323328
674432
263424
623232
342336
223232
644224
638336
324992
627264
732224
274432
423424
322688
623232
292224
262272
223232
223232
322624
324224
223232
273472
783232
239232
632448
622272
732736
382272
932224
223232
383232
428288
287232
622464
233472
692224
927232
322432
322432
222272
236224
743232
863232
644224
293632
823232
234432
342272
347264
443264
322432
324736
323328
343424
223232
333824
732224
292864
742272
223232
236224
262272
324224
889344
244224
473344
322624
228224
663232
267264
223232
232832
334272
233344
833728
247232
242432
263232
323392
822272
762432
264832
228224
242624
322432
343232
623744
632832
244224
322432
337344
823424
334336
826496
223232
322432
262272
242624
324224
387328
424832
244224
323392
223232
236864
322432
247232
438272
634624
234432
924224
233344
246272
327232
423232
823232
236224
228224
276224
263232
222336
383232
322944
932224
239232
242432
922624
399232
474432
243328
422272
274432
282432
342272
222336
677632
236224
348224
243648
623232
746624
243328
333632
233792
332672
263424
922432
447232
242624
242432
223232
322432
229632
834432
284224
332736
367232
323328
239232
322432
623232
324224
463424
764224
436224
362432
823424
636224
238336
342272
223232
232832
882432
322432
427328
222272
332224
423232
393344
424448
243264
738432
634496
822272
322432
436224
222336
272384
232448
732224
332224
423232
246272
226432
342272
933248
367232
223232
862272
223232
377344
627328
239232
338432
823232
236224
226432
223232
223232
223232
236672
332224
336384
223232
227328
633472
324224
378432
228992
239424
799232
222272
338432
223232
932736
322432
244224
636288
623424
247424
367232
234432
282432
344832
286336
424832
226432
822272
372224
327232
244224
223232
223232
232832
383232
463232
243328
426624
734336
482432
372224
226432
266432
242432
268224
267392
326784
347264
434432
862272
223232
372224
724224
463232
292224
463232
223424
222336
423232
332288
223232
243328
863232
227264
422272
228224
862272
386432
734336
327424
322432
223232
273984
422784
623232
642432
233344
234432
373632
263232
623232
223232
722432
323328
882432
243328
928384
337984
463232
623232
222336
242432
242432
822272
424448
738432
423232
423232
242432
264832
932224
262272
442432
222336
322624
327232
423232
484224
223296
247232
962432
228224
474624
262272
389632
646272
282624
373248
847232
324224
222976
239232
223744
484224
263424
222336
294336
447424
223232
223232
429824
742272
223872
322368
647232
282432
823232
222336
623744
797824
243264
724224
324672
276224
423232
722432
263232
343232
223232
239232
324672
727424
222272
426624
329472
324224
222272
228672
237632
744832
293632
242432
836224
423232
427328
443392
263936
434432
623232
827264
629632
223232
272448
323328
372224
732288
332224
244224
642432
342272
222336
444224
842624
663232
233472
922432
426624
227328
422336
332992
239232
723264
663232
292224
378432
434624
732224
232832
438272
323264
292224
232832
342272
423424
434432
232832
279232
423424
822272
283392
862272
388224
222336
263232
262464
223936
222272
272384
226432
222272
233344
238336
322624
324224
442944
444224
623936
863232
823936
322432
223232
243328
226496
243392
663232
924224
239232
226624
424832
222336
228224
222336
422272
322432
324224
323264
327232
232448
292224
282432
823232
322688
332224
863424
332224
423232
348736
326272
238464
292224
274432
962432
322624
463424
323648
322432
263424
333376
334336
462272
722432
967232
224832
876224
742272
324224
374272
644224
327232
392832
722624
633344
222464
468224
324928
323392
236672
323392
249728
373632
226944
222272
236672
362624
243328
329344
343232
373632
222336
223232
232832
237632
839232
222336
247232
342464
732672
343232
639232
244224
422784
244224
322624
422272
334272
222464
323392
222336
262272
222336
422784
228224
248832
996224
323328
222272
322944
322432
222464
282432
383488
663424
943232
422336
244224
237632
923264
247424
382336
927232
222272
722432
324224
228224
722432
393472
274432
273472
222848
632832
423488
762432
482432
223232
334464
623232
223232
322432
383424
423424
628224
292224
463232
263232
322432
623424
244224
634432
664832
388224
466432
743232
834432
222272
832832
633344
422272
222272
863232
322624
227328
242432
436736
292224
333824
324224
422272
322432
932224
223296
436224
232832
422272
242432
263424
237632
367232
287232
622336
273344
382272
343232
327232
233472
742336
623232
228224
272832
437632
263424
327424
834432
322432
622272
377344
382464
732672
223232
342272
223232
236224
262272
222272
232832
663424
223424
222272
323392
224384
242432
332864
322432
222272
223232
762432
242432
692224
228224
432384
236224
332928
374272
342272
732224
232832
223232
342272
362432
644224
438272
342272
242432
343872
324224
228224
263232
223232
334272
246272
943232
226624
228224
364224
242944
342272
333824
434624
244224
322432
868224
482432
324224
239232
222848
327424
232832
438272
232832
222336
423232
223744
223232
226624
322944
262272
732736
424832
334272
223232
223232
233344
222272
774272
722432
484224
223232
234432
842624
223232
323328
222272
322432
442624
422272
344832
324224
324736
223232
373632
722432
223232
424448
763392
222464
228224
322432
463232
326272
264832
222336
292224
222272
222336
727296
623232
292224
823424
222464
242944
783232
824384
323392
623232
322432
622272
423232
842624
463232
373248
348224
644224
292224
223232
234624
234624
223232
372224
338944
323328
223296
622272
823232
422272
223872
263232
222272
333632
422272
287232
239424
364224
228224
633472
243328
823232
623232
943232
263296
462272
223424
732224
724224
246272
623232
443392
926336
364672
222336
243328
783232
623232
372224
223232
327232
233472
322432
222336
222272
476224
222336
282432
222336
226432
622336
276224
623232
242624
633472
322432
922624
484224
423424
327232
443392
222272
446336
223232
236224
722432
263872
432832
892224
229632
393472
463232
423232
273344
427392
239232
476224
423232
264832
279424
734272
422464
223232
932224
223232
324224
329344
323328
623232
336384
223232
228224
463424
266432
222336
423232
349248
442432
247424
383232
637248
743232
623232
783232
343232
224384
727424
226432
442432
623232
329472
282624
223232
242432
222464
223872
743232
277632
324224
433344
634624
244224
242432
323648
327424
622464
822336
623232
233728
342336
422272
662336
442432
423232
227264
226432
246272
436224
223232
423872
223232
324224
833344
668224
734336
234432
362624
223872
322432
922368
292224
222784
323328
294336
873344
332224
438336
633664
484672
623232
363264
383232
424832
473344
922432
222464
764224
622272
223744
284224
642432
346688
343232
274432
322432
432384
233472
228224
732224
223232
228224
326272
746624
232384
263232
234368
729344
263232
243328
234624
226432
232384
222272
324224
822272
322624
342464
246272
238464
227328
292224
224384
244224
324224
223232
382272
322432
422272
629632
262272
733248
284224
223232
244224
434432
232832
292736
432384
222336
322432
232832
322432
262272
222848
233344
232384
233472
222272
223232
472384
324224
332672
223232
226432
234432
277632
223424
274432
896384
226432
226432
823424
382336
223872
423232
223232
343232
426432
436672
334336
223232
243264
242432
644224
932224
246272
422272
663232
264832
932224
324224
873344
242432
422464
233344
236928
327232
332224
333824
382336
222336
239744
222336
622272
327232
627264
423424
226432
822272
223232
226432
433472

