2734979772222222336
2747839332222222336
3292227372222222336
4236282372222222336
3472439632222224384
2239937372222226432
2442242972222226432
2447323292222226432
2727224732222226432
6242322332222226432
6634232732222226432
2847678232222236672
8334423832222236672
2263269822222237696
2667273222222249984
2334267342222262272
2372369742222262272
2422326222222262272
2434422222222262272
2486676942222262272
2642473422222262272
2826332622222262272
3237294222222262272
3262332942222262272
3432342222222262272
3772632942222262272
8966262222222262272
3378464372222263296
9242423732222263296
2683397222222266368
3333633222222277632
3424324872222277632
9342262632222277632
9736622472222277632
7292332432222322688
3424232732222324736
2629746292222328832
4232224372222328832
4877464332222332928
6233229372222332928
7243623372222332928
2944422232222334976
4649232472222334976
2263743322222362624
2332327642222362624
2792822362222362624
2888622682222362624
3386286682222362624
4243273382222364672
9246662822222364672
2323486232222367744
7462294222222393344
3263463292222439424
4737326332222439424
3983472622222442496
6484234222222442496
2472642232222482432
2762946232222482432
3373673272222482432
7343666932222623744
8223832372222623744
2233294892222644224
3392229932222644224
8776332332222644224
8222234232222646272
7222328222222647296
3363326442222649344
3482424292222697472
2293983292222734336
7423772932222746624
9448643332222746624
2236467642222772224
6223772422222774272
4232734832222797824
4443632422222823424
4722324262222823424
7346672422222823424
9227842342222823424
7347246232222826496
2384386722222833664
2832284322222833664
4223439232222887936
6444647372222889984
3236233372222943232
3724284292222943232
4426222832222994432
