
6496
2432
4976
2464
8224
3872
6624
4432
3424
2224
7296
3424
3328
9664
3232
6832
8832
2224
2224
7232
4464
2384
2272
6448
2336
2432
4784
9728
3232
3472
3264
2336
4336
2432
4432
2448
9728
4768
3232
2432
4224
3232
2832
2272
9232
2784
2272
6432
3328
4432
8224
3424
2272
3232
3424
7488
3232
2976
3248
2336
9392
8288
8432
9728
2336
3344
6272
3472
4272
4288
2336
6288
3232
3232
8672
3424
6272
3232
4928
3328
3232
2432
4224
7232
2464
3232
4432
7424
4336
3232
2272
2224
3392
8992
2272
7296
6288
6432
3472
3424
2224
7232
2272
4736
3424
2928
2224
3728
4368
9872
3232
6448
2288
8832
2432
3472
6288
8224
2848
2672
2432
2432
9424
3392
2336
7296
2272
2976
2432
2976
7392
2272
7248
7728
2432
4832
7824
6384
9824
7232
4224
2832
3264
3424
3968
4224
7872
6992
4224
3232
2432
3232
3264
2224
3328
9392
9232
6432
3232
2928
6288
9392
6624
4464
3424
4224
2384
2976
7232
4432
2272
3728
8224
2432
3824
8624
9232
6832
3744
6992
2272
3696
3872
9424
2288
3424
2224
2432
2624
4224
7424
3232
2272
2224
6624
7232
7296
4448
7232
2224
3472
2832
2496
3328
4432
4368
3888
6336
7472
3232
3824
2624
6432
6672
9936
3968
4224
9328
9824
7264
2384
2784
6944
4224
2448
4432
2976
8832
7632
2832
3264
3648
2336
2448
4224
4624
3728
2336
7328
2272
7328
7232
4832
7344
4288
3424
8288
2432
2832
6832
4432
8224
2944
2944
7424
2624
3232
6272
2432
8672
3472
2864
4832
2336
4384
3232
2224
2832
7232
3328
4672
6832
7776
3824
2624
3872
6944
3264
3232
9232
4224
3328
2272
2432
6272
4928
2624
3264
3424
6672
3824
3392
9344
6928
9936
3472
9328
6624
4768
2432
2944
8864
3424
2928
6224
2272
9232
7328
7392
3344
2432
9392
4672
4384
2336
3328
2224
4432
2224
4272
4224
3424
3296
2624
8624
6432
3392
6944
3392
2432
3776
6624
3232
3232
2336
8432
3232
3232
6976
2224
7632
4272
2432
7392
8272
4624
9824
3872
4448
3472
7392
4224
2672
2624
2784
8272
3232
7232
9296
2272
6384
6288
2272
6272
4272
3232
4272
2272
3776
2864
3232
2672
9248
8224
9232
4992
6272
4832
9792
4432
9232
2624
3392
6224
2272
4288
2832
4992
6272
2832
3232
7344
3232
3872
7632
7824
2224
4224
2272
6272
2336
2624
4768
2832
2432
4224
6432
8224
6224
3968
3392
9248
4224
8928
2272
9232
8224
3872
3424
3232
4272
7824
2272
4224
2368
3824
7232
2368
7632
2224
3776
7232
4272
2432
3424
7264
2272
2272
2336
2832
2944
2272
2672
2992
6272
3632
8448
7392
8272
2736
4384
6224
4736
7232
7632
2224
4272
6784
2432
8672
2928
8224
7936
3344
6832
3232
9344
3328
2672
4832
2432
7344
2224
6272
3392
2224
9632
2432
2224
2768
2736
3264
3424
2768
3824
3776
2624
8224
6288
6784
9728
3232
2432
2432
8784
3344
6432
8848
7472
3232
3984
4224
8864
2896
2272
9232
4832
3232
9248
6336
3376
8864
3296
2272
2224
3872
3232
4784
2464
3328
2336
8432
2944
3232
4224
7424
9984
2432
7744
2336
7376
3424
7728
7232
9232
3424
9632
9824
2272
2224
7232
4288
2336
3344
3648
2272
4832
2432
3472
6336
6448
3824
4784
7648
4224
2224
3728
3424
2432
2272
4384
2272
2336
7392
7328
7632
8832
2272
4672
2336
2272
7264
9392
4928
2736
4432
2336
3232
8336
9232
4288
2688
2624
4272
3232
2384
2672
4224
9664
4944
3248
4624
8432
3424
6848
2464
9376
3744
4384
7232
3232
4272
6672
4944
4272
4368
2896
3632
2832
3744
2464
8272
3872
3328
7232
3648
8736
2432
2432
3232
3744
3264
2272
2272
9632
2992
4224
3488
9248
2224
3232
4768
6224
3392
9232
6224
3824
3472
2496
2272
2224
3776
2368
2448
3424
6944
3232
2432
4672
8928
2432
6336
3872
2272
9232
3648
4432
2368
7424
2848
3824
9232
2736
2272
6432
4224
7232
2432
9632
8832
3328
4832
2432
2736
2336
3744
6832
2992
2624
4624
6224
4672
7872
2432
3664
3424
7472
4384
4336
7424
3744
7232
8368
3328
4384
2832
4224
4224
8368
2992
4832
7392
2448
8672
2272
6224
2272
6272
3392
7824
4224
6944
9392
8432
4368
8432
3792
2336
3984
2384
3472
6224
2432
3728
7232
4432
2688
7888
4336
3632
2832
2432
3232
8928
2336
3232
7632
2272
4272
3328
2448
8832
4448
4224
2464
8432
8224
3648
2224
3792
7776
3328
2688
2432
8464
9232
2432
7472
2224
4432
9984
3232
3344
8464
4992
6272
3232
4448
2624
4992
3824
8832
3424
4624
2272
7232
2832
2784
7328
2432
8224
3232
3232
8384
7392
6432
3232
2224
2624
2432
6832
9472
2848
8272
4672
2272
2336
7328
3728
2496
4224
4864
2432
2272
2368
8464
7728
2272
8928
2832
7344
6976
2272
7744
3392
4224
7424
2272
9728
7632
8944
7632
9232
3792
4624
9792
8672
4832
3968
9472
4768
3264
7232
4432
7392
3632
4448
6496
3232
2464
2224
4336
4224
8624
4672
4224
8672
4432
2272
9632
6224
4832
9248
7648
2928
2736
3424
4384
6272
3632
4432
4224
2992
6448
9344
8864
2432
2224
2224
7824
2224
6384
4736
2336
9392
6336
2224
3424
4224
9392
3744
3392
4432
4976
9344
4672
2432
3872
7824
8672
4624
3232
2272
7248
6368
6432
7392
7424
6336
6784
7424
3424
3392
9424
8432
7424
2432
4432
2832
6272
3328
2496
4224
4832
8832
2224
6944
8976
3632
8928
3264
2224
3232
9824
3232
9664
2432
6272
4624
9632
3472
7328
3344
8272
2672
9792
9632
4976
2224
3232
3984
4464
4832
7424
3632
6928
3664
3264
3392
4224
4624
4672
2464
3232
2224
7232
2464
9232
7424
7232
9344
3264
2272
3248
7232
7472
4832
3344
3472
4672
7392
6432
7792
2624
8288
3232
3232
3232
9696
2784
6848
3728
6624
6848
2224
2864
3472
2448
8448
6432
9376
9232
8832
8224
7264
3296
7232
7472
3632
9392
2464
6944
2336
2448
3632
3392
3232
2784
2624
3232
2624
4224
2832
2832
3632
2224
2624
2448
2272
6224
8224
4224
6736
6448
3344
4832
3664
9472
9632
2976
3232
6224
3232
2624
3488
8224
6432
3232
3824
3424
4224
4432
6272
8672
8384
7232
2784
9824
4224
7424
2832
3344
4224
2432
4288
7632
8288
3232
2336
9232
3792
7824
7424
3232
3744
4832
3296
4768
2224
7392
9472
4864
2832
9264
9472
3392
2624
2224
7824
7824
4224
2432
4624
6832
4224
2432
3344
2336
9264
7232
8624
2272
4448
4464
4224
9472
3232
2272
3232
2272
3328
2928
3232
7232
3824
2736
3392
2272
4224
9392
3392
4432
6336
6832
2624
7632
4224
2272
2736
7328
2336
3232
3984
4224
2944
6496
3232
2768
4224
6624
6224
2272
6432
9232
3232
6272
2624
2736
2336
4672
9664
9232
6832
6336
2432
8224
2224
3248
4448
4496
2272
2624
4384
9424
3664
7328
6624
7392
3424
2336
3232
3232
3264
4272
2224
3232
7264
3824
3232
2464
4384
3632
3232
3328
2976
3744
2624
7424
7392
2272
4976
7248
4832
2224
4992
7232
8672
4272
3344
3248
6624
3664
9344
4736
3696
6272
6432
3296
7232
9744
2624
9664
3232
2624
4832
2672
2624
2336
6272
4272
3328
3872
6464
4672
6288
9472
7376
9248
3232
2432
3264
3328
2784
7392
2624
3424
4832
2224
2336
2224
3824
3264
3232
2944
6272
4432
4464
3424
7344
3424
2672
2224
2624
4336
7632
6432
3744
6864
9232
2624
3424
6272
2432
9424
2496
2224
6624
2448
4768
2336
2272
2224
2224
2832
4224
6736
6624
9328
3424
7264
6464
6384
4832
3232
2272
3232
8672
8432
4624
3232
8384
4336
3232
7232
9632
4384
3744
2272
7232
6832
2432
7328
3328
2784
9232
2768
4224
7296
2944
2432
2432
2336
9232
3328
7232
3392
3232
4784
2272
3936
4224
2624
6224
4944
3872
7232
7424
6432
4224
4624
3328
3232
6672
4832
4224
4928
2496
3232
4624
8832
7424
4832
8272
7232
4448
7248
9824
3984
7328
3424
3728
2224
2688
7424
3792
3424
2384
9344
6272
3664
2784
2832
4272
9424
7632
2272
4224
2672
7392
2272
2464
4224
7328
6368
9344
3872
7936
3232
9488
7232
2272
4672
6224
2944
7424
3328
3232
2224
2432
6224
4992
2272
3344
9232
4224
9392
2272
2368
7328
3344
2624
2432
3728
2272
6736
2864
2272
3936
3232
6432
3488
3424
6224
2464
3232
7472
7744
2224
2672
2384
6624
3632
3232
7232
4224
2336
2272
3424
2432
6864
2384
2624
3232
9968
3232
8224
8432
3328
6624
3664
3872
3728
3472
9232
3232
3776
4224
3872
2336
2944
2224
8336
6464
3888
2736
3728
2432
7728
7248
3232
9472
2432
2336
2496
2272
6784
4384
6624
3424
3872
3344
8992
2624
8432
4224
6944
2496
2432
3392
4272
2288
2432
2432
3872
4272
8768
3232
3344
3632
6864
4832
3232
2736
3984
3344
8224
4336
3344
3232
2224
3632
8944
3744
3392
9472
4736
3872
2224
7696
9264
2336
2624
9424
7344
2336
3968
3232
8864
2384
3872
2336
7424
2432
4288
2272
2832
3936
3392
2224
4672
2832
2272
3872
2272
2272
2928
2224
9632
4272
6624
3232
7232
3424
2944
2272
2624
6224
4384
3232
2928
6432
9344
6224
2272
2272
7328
6832
2688
2624
3328
7264
4224
9232
8672
3936
7344
3424
2432
2224
7328
2336
9424
3472
3232
4736
6624
7392
8336
3824
7424
8368
2832
4784
2784
7872
9232
7424
3232
2384
7232
2896
9824
4224
3632
3232
4432
3328
2224
3824
6224
4736
4432
8224
3248
2976
3232
4224
3264
3392
3296
2928
7824
3776
2784
3424
4624
8224
3264
3232
6272
2272
3232
6432
6336
3872
9232
4944
3376
8224
4272
3824
6224
9232
4336
2336
7232
7232
4272
4384
4736
6672
4496
2272
3232
2224
7264
4224
8432
6384
3472
2224
3296
4928
4432
4768
8464
8272
2224
2336
6624
3424
6224
3232
2672
7424
6944
2336
6224
2432
2832
2336
3632
4992
2832
4432
3648
3264
7232
9632
7232
4672
4736
6432
3392
8672
2368
6832
6224
2832
2432
6272
3264
3264
7232
3824
4368
3232
2976
8432
2848
3792
2672
7232
8224
6432
7248
2496
3248
7984
3232
4688
9872
6464
7232
3232
6272
9792
2368
2272
3264
9232
7232
3472
6224
3232
3232
4624
2848
2768
4224
7392
9232
9344
7232
7328
6944
4224
2784
4992
2272
2464
4496
2624
8672
2736
2272
7232
4368
2224
4224
2224
3984
9264
7776
7632
2432
6464
3424
2624
3232
3232
6224
4624
4336
2336
2944
3248
9424
6336
8736
2432
7328
3744
6464
6272
7328
9232
3424
2624
2432
4832
6336
9248
8928
7264
4224
2224
2272
3232
4496
4224
2432
3424
3744
7296
4432
2432
3232
7472
2224
2784
7824
2688
9296
3232
3488
3344
2336
6848
2432
4336
3328
2272
3328
9232
3232
6464
7328
8288
9744
2432
2336
3648
6736
2224
2496
3792
3744
9232
6224
2336
7232
2944
2784
4224
2224
4624
9728
2832
4224
9344
3232
7392
3232
4832
3328
6848
6784
3232
3232
7232
2768
7344
2432
2944
9744
3328
2432
2624
3472
7264
3376
2864
3424
3232
2624
2224
3696
2896
4736
2848
6432
4224
4224
7664
6432
2864
4224
2672
8736
2272
3232
2464
4224
3232
3232
4672
4432
4864
2432
6672
2464
8448
4832
2928
3744
4896
3232
3936
3232
6224
7232
2864
7264
7632
3264
2272
8288
3424
7488
4672
9232
9232
2272
8272
9792
6272
3424
3264
7232
9232
2272
6736
2448
3264
2464
2672
6272
3424
3264
3824
3344
2272
2432
6272
2464
3872
4832
3824
3296
6944
9872
7872
2432
2272
6272
6464
3232
2336
6832
3424
2432
3776
7632
3984
2272
4624
8784
2224
9696
2432
2336
6848
6848
4624
3264
3232
9792
6736
2624
2432
2272
3824
7472
6272
3344
6272
6624
3232
3232
3728
2448
7392
3232
7232
2672
2336
7232
2432
2368
8224
4224
7248
3696
3664
7472
2224
7424
3232
4624
4672
7232
2432
3424
3264
6224
4288
3472
4432
7232
6432
6224
9424
2336
2432
9632
3232
4272
6944
3344
8832
6336
2272
2432
7232
3232
3472
9472
3472
3232
3872
4928
9344
3392
8848
9728
6432
3296
8224
6368
6688
8272
9232
8432
2336
7424
3744
4272
2432
9632
2272
2336
7232
9232
3488
2672
3296
9728
3232
2432
3344
2432
2432
2224
4224
3344
3264
3232
3872
7632
2624
4992
4624
3424
8224
3328
3344
6272
6272
2464
2432
7392
7936
7376
2464
3232
6784
4992
7232
6432
8224
2432
8224
3744
2224
3344
7328
6464
2368
2432
3472
2432
2272
9424
2336
2336
2832
9296
2496
8224
2864
4432
2224
3248
6368
7744
4336
7728
3264
6736
3248
8864
7328
8288
3424
4336
3232
6272
7232
3472
9232
4624
2336
4224
3328
9232
6432
3232
3232
4224
3824
9232
2992
2272
3248
7824
2224
2272
3472
8768
7792
2672
2272
3632
3328
7232
2432
3232
3424
7232
8224
3744
9232
2624
2832
6272
4864
6224
3232
2832
2832
2224
3232
2768
2368
2336
4432
9344
9632
2224
4272
2464
2384
7424
2832
2624
2272
3744
3936
3776
4736
3328
7264
2384
8272
2784
6432
3936
4976
4224
3232
4624
3328
8224
7424
3232
7936
2224
2992
3232
4288
3488
2336
6496
3872
7472
9232
9328
2448
4432
3232
9632
3824
3872
9632
3744
3664
2272
2432
8464
2272
2624
6928
9472
2336
9936
7472
6432
4624
3392
7232
2224
4832
3472
4272
3232
3488
2928
9424
4368
8832
2272
6272
2624
7232
6272
2496
3472
4928
3232
2288
3376
2288
2992
6496
3872
3632
2336
7232
2432
4224
7232
2272
4432
6624
3392
8432
6432
2944
2976
2464
2736
3424
4384
3344
2272
2832
2272
2224
6224
3296
2432
3472
4224
4624
2496
3424
6432
3392
2432
2288
9472
6272
2272
2496
8688
4272
4384
2432
8832
3424
3328
3264
7936
7872
4496
7792
6944
3424
7232
9232
2432
6288
9264
4272
4432
2368
3936
4272
6432
4384
6336
2448
2336
7328
3392
3664
3424
8896
3664
8336
7232
3232
7328
6224
4784
8736
2272
3744
7232
2272
3232
2784
3232
8224
4272
7936
3328
7232
3728
2272
4448
7232
2944
3632
6224
7328
4768
3232
7728
8288
2784
3232
3232
2336
9248
4432
7472
8336
3424
2272
4384
2336
3824
3232
2272
2272
4224
3872
4432
4224
4224
2432
2272
7424
3632
3296
2336
2432
6928
3232
3232
2432
4432
8224
6272
6944
6224
3424
4464
2944
7248
6432
2224
7232
3232
4224
2272
7232
3488
9232
8496
9296
9472
9232
2272
2224
2848
4736
2224
2384
8672
2768
6336
4832
4624
6272
4224
4368
3232
2272
2336
3872
2832
3632
2736
4464
3296
6624
8272
8736
7632
2384
3232
6432
2224
3424
9472
2432
2848
2976
6624
6368
2448
2672
4272
3264
6224
4224
7344
8928
3776
6224
9248
6432
3296
7232
2272
8272
3632
9248
6368
9232
2464
3472
2272
3936
2272
8672
4832
9248
3328
6224
3232
3232
2464
7968
3872
3264
2432
2272
6272
9632
4672
2272
8336
2288
2224
3232
6848
7744
2784
3264
3232
4832
2432
2224
2336
2976
9232
2224
4432
2832
4224
7632
2624
2944
3232
2864
2272
7392
4224
3392
3632
2832
6272
7296
3936
8224
3344
8384
2224
3264
3632
4336
3632
3424
4224
4272
2976
6432
2448
8672
6944
3728
4224
4224
6432
4224
3424
2384
9328
2432
2832
4672
2992
6272
6832
3424
2448
9328
8272
4224
3232
8832
3792
3744
2224
7424
4384
2464
2432
6976
8464
2944
4272
3328
3264
2624
4832
8448
3424
6832
6336
2464
3232
2336
3664
2432
2272
7376
3328
2928
2864
6224
3264
3232
2272
6336
3264
3328
8224
7632
2272
7232
6432
7424
4224
2224
2368
2448
3728
7232
3296
3824
2432
2272
6272
3296
3632
7872
2944
3824
2432
8448
4432
7792
7424
3328
9632
8224
6336
3264
4448
4224
2272
7392
2272
4672
4464
4336
3328
2272
2624
3232
2784
8224
4432
2336
4432
9632
4832
3296
2272
2624
2464
2272
3232
2432
3424
2224
7664
3392
8224
3232
3424
2432
9232
6224
7472
4224
9344
6272
6224
3392
8432
3392
2736
4384
2432
7232
8272
7632
4832
2464
9664
7232
8832
3424
2272
3344
3488
9472
2848
4224
3232
3392
2384
7248
3232
3392
4832
2832
6496
3328
2848
9632
7296
2672
3424
7392
6336
2624
2368
4832
2896
3744
2224
7232
3232
2272
3264
4432
2464
4464
2272
2272
3392
4432
7232
3232
9472
3344
3296
2448
9232
3664
2672
8224
2944
2432
8224
2432
2624
6432
9232
2944
3328
2272
2272
6688
3696
3728
9328
2224
2272
4272
3792
8432
8224
2624
2272
4832
6224
2432
2336
4736
3424
4224
4224
2368
2224
3424
2272
3344
7344
2624
8736
8832
7232
4624
3232
6672
2272
2832
4224
3232
2224
8224
2672
4432
8224
8384
4224
4928
2272
4992
2432
2672
4384
7392
6896
2464
3232
7328
4736
7264
2784
3632
3424
9328
8336
2272
4832
4224
8464
8448
8336
3264
8624
6832
2432
3936
9744
3232
6224
4832
3232
2464
2272
3232
7424
3984
3744
2272
9264
2272
2624
2432
2224
2432
6272
7424
4272
2848
4224
4288
3424
2272
4672
2624
2432
2224
9248
4448
6432
2224
2496
4432
6624
4224
7232
8464
7344
3344
6224
3328
4272
2992
2272
6272
2224
4448
7232
7984
3328
3664
4224
2384
2736
3232
3232
8224
2368
4288
7664
6432
4224
8336
9232
2272
7968
2432
2784
2432
3744
4736
3632
4768
4432
2432
7232
3392
2432
6224
7424
3232
7824
7424
7232
3824
9728
2624
6336
2432
3232
3232
9232
3648
2272
3872
3424
7248
3632
8944
2432
2784
3264
3632
3328
7328
6272
6336
6464
3232
7648
4736
2688
4224
2464
3328
2624
8448
9232
2336
9472
2848
2336
2336
7744
3472
7248
2624
8224
2624
6224
7264
8272
2944
2432
8336
6272
3232
2992
6272
7232
2272
3728
2832
2336
6336
3392
7392
4224
3264
3984
2272
2224
3328
4224
6224
3632
6336
3632
2272
9232
3232
3232
3232
2432
2736
3264
2224
3232
4272
2448
7424
3424
9648
7328
3632
2272
2272
2272
4832
4224
2224
2992
2672
4224
2224
2224
2368
3744
2272
4832
3232
8224
3328
9232
6432
4224
3392
4832
8224
7232
8288
3824
2368
2832
4992
4992
6432
7232
4672
4768
2336
2272
4384
7424
4368
3488
3488
4864
2432
4272
3728
2272
3936
8272
2224
7392
4272
3232
8224
3248
3328
7792
3632
4736
7232
6368
2832
7232
8864
6224
3632
2496
9472
2832
2272
4384
3472
3328
8672
2832
7232
2336
3392
8496
2224
4224
8272
2432
9376
6432
9344
7632
2384
9232
3936
8224
2496
3264
4672
4272
8224
3232
2448
3232
9232
2432
3664
3232
4864
7824
6336
2224
4864
3232
2768
4288
2272
2848
9632
2624
2624
7744
2624
6432
2448
2688
9232
2832
2272
3424
3248
2992
3232
3232
4944
9296
9232
2432
3232
2832
7392
2624
2272
4336
7424
7696
9232
6272
9744
3232
3232
4272
2224
4448
6224
3232
4432
3344
2272
6224
2272
2432
2272
3728
2272
4224
2224
4224
2784
2624
9424
9328
3744
4464
2224
8224
3424
3392
2432
2432
4224
3232
2832
2224
8224
3248
2464
3776
4224
3232
7424
3232
2336
2432
3424
3632
2272
2976
2832
2848
8624
4432
8928
3648
6224
3344
6464
7232
9696
9376
2624
4992
6944
4624
4624
4384
3824
7232
4848
3232
4928
4224
4224
3424
3632
2384
3728
7232
7264
8464
9264
7424
2432
4432
8272
2288
6432
2432
2448
3872
8448
2272
6336
2336
2944
2272
8224
4896
7632
3424
3344
2336
3744
4736
3392
8736
9328
2432
3296
2224
2224
2224
3424
8224
2224
2464
7648
6272
9824
6272
2432
3424
4432
4432
2272
2992
8928
3344
3264
2944
7232
4448
2464
4224
2464
7424
2432
2432
4624
4832
4432
2336
2224
2992
7232
9248
7232
2224
4992
8784
2784
3264
4224
8224
3232
2288
2368
6992
3664
8992
3744
6432
4272
3424
3248
9248
3392
6224
3936
3344
3392
2672
2336
7264
2272
9296
2432
2832
2448
2432
3232
3296
4448
6224
6272
7968
2432
4848
3392
2496
6272
4224
7872
3424
3232
3424
6624
3232
2336
4224
2432
9248
9232
3232
2272
3232
7328
3424
2384
3424
7328
6336
3872
8432
3232
7632
3232
8224
2336
3232
2272
7472
2928
2496
2272
3232
3744
2432
7248
9344
2272
4224
3472
3264
2272
3328
8224
7632
7328
3344
2736
4624
6336
3792
2832
7248
2368
2624
3424
2624
4736
2272
3232
9232
2432
4368
2432
3232
2448
3392
2288
3248
8992
2992
6272
8224
9232
8992
2928
4736
3424
2464
2432
7296
4432
6336
4672
4832
2432
3984
2272
2464
2832
3264
6272
2336
6272
6224
2432
2432
4224
6832
9232
2336
7424
4736
4224
2336
2624
6336
2384
9744
2736
8224
3232
6224
3232
2832
2384
8224
3232
9632
9344
2384
2336
6784
2272
9872
3248
3232
3232
9328
4224
3232
2672
3744
3232
2432
4496
6624
3824
3264
2272
7232
3232
2432
3824
7392
3872
3392
7392
2336
6432
2672
7872
8224
3248
9632
4336
2432
2448
3872
3344
3392
9728
6496
3264
3328
3632
6272
2448
2624
7424
2272
7632
8464
3392
6464
3264
7424
6272
3232
8384
2384
9632
3264
4224
4224
2448
3232
2464
9232
7328
6928
9344
7264
3488
3232
3232
6272
3344
3328
3744
4432
9824
4736
4384
3776
2624
3232
6224
2784
7232
8928
4272
3328
2496
4992
2672
6224
7248
3424
3424
4864
6928
9232
2272
3232
2432
8784
7232
2432
2736
6432
3232
6432
3632
4736
3264
3824
2432
8384
4864
8464
2272
4432
2832
4432
2432
4224
2224
4432
3936
8464
2432
2624
2272
2896
3232
2432
2448
8272
8272
4624
2336
7232
3232
2272
4832
2432
2224
2336
6832
3232
3472
2336
2224
3328
6832
2432
2432
4224
3728
6624
7824
6432
3232
2368
4672
2624
2272
2464
2384
3472
2272
9232
2384
3232
2272
4736
6336
3232
2432
3472
2432
2672
2832
2384
2432
6944
6976
7328
3232
3232
6224
3344
4368
9632
3328
3232
8832
6832
7664
4384
2896
3376
9984
6272
6368
4624
7344
4832
8832
6224
2432
8224
6672
3232
6784
2272
3648
4224
7632
2832
6224
4224
3232
4896
6624
4624
6832
9232
3232
2992
3744
2432
2272
2224
4224
2272
4736
3824
2224
3264
4224
6432
7392
3696
3232
9344
3232
2288
2432
2848
2272
3664
6368
3424
8864
3232
3872
2624
8672
2272
3744
8384
2896
4672
8272
3376
7264
4224
2224
4224
6496
2464
9232
2384
3632
3264
3472
9824
3232
2272
4736
9344
3424
2272
3264
3344
2272
2336
3424
2832
3632
9792
3472
2448
3232
6672
8928
7264
3744
7392
3232
2432
4672
2224
4224
2448
3472
3424
2336
4832
7328
2832
4384
3296
2432
2224
3232
4224
2272
3424
4464
9632
8928
2432
8224
3824
8336
4624
2624
7296
4272
2432
3232
6224
3232
3648
4992
8224
6336
7424
9424
2976
4288
6432
4432
3728
3264
2768
4464
7232
7264
4224
3632
2432
4672
2272
2464
3232
7232
3424
2464
2832
3488
3424
2224
4832
3472
9936
6992
2384
2224
3424
8832
2272
2688
2464
3392
4864
3744
6336
3472
3232
2336
6672
6272
9632
2272
3232
7424
3248
4624
7664
4624
3472
3296
2624
6272
2224
8832
2432
4224
4448
3424
6224
2336
2336
3792
3392
8224
6432
8832
2272
7392
2432
7264
2432
3232
2832
2624
7424
3232
2224
4224
3232
7264
6224
3328
2432
4224
3232
4832
2272
2224
9264
2432
4384
8432
2672
3232
8272
2832
3344
2272
7232
3392
6432
2832
3936
3232
2496
2368
6496
3232
3392
2624
3472
3232
8336
2432
6624
3424
3232
2464
3344
6928
3824
3376
4496
2736
2272
3232
2624
3232
3232
6624
2336
3232
3232
4336
7424
7424
7232
2432
7648
9248
4464
2336
3744
3296
7232
2672
7392
3872
2336
3376
3344
4928
2272
6784
3328
4336
9232
2832
2272
4432
3424
7264
2736
8272
9632
3264
7632
4224
6432
2336
2272
3888
8672
9232
7392
2272
3488
3424
3264
2944
2896
6368
6896
2432
4832
8448
9344
4224
3232
7728
2624
3392
2336
3328
2272
6432
9664
6464
2368
8272
3472
2624
2784
3424
3744
9248
2928
6224
9824
6432
4224
3872
2864
2432
2672
6432
8832
9232
2736
3232
7328
2224
8224
2336
3392
3824
2272
6736
6992
2224
9264
4336
3472
6224
2224
8448
2624
3344
2624
3936
2848
3776
3328
3232
4432
3232
4336
2272
2336
3824
2944
4224
8336
2992
2272
2224
6432
3264
2464
3232
7344
3392
2224
4224
2336
8224
9424
2272
4832
9232
3632
3824
8736
3248
2224
2432
2336
3344
3232
2624
8224
2224
6336
7232
2272
4432
7232
3232
3424
7296
2432
2496
7392
6432
2496
2464
2272
3264
2432
6432
2272
2432
7232
4224
3424
9472
2368
2432
4432
3296
3392
3232
7424
7232
2624
7232
7232
2944
4944
3232
7648
6432
7424
3232
6272
2832
4224
3872
4464
4224
4432
2944
4928
4384
2432
3424
4432
2448
2496
4672
2272
3472
3232
2432
3232
9232
4224
6224
3232
3296
7824
2432
4224
3232
3424
2272
4272
3424
3232
3344
6224
9632
2272
3824
2272
9232
2944
2288
3872
8336
7232
3424
2624
9232
8336
2272
4928
3472
2272
6432
2272
2832
3328
4224
2432
3232
9424
6432
2336
2272
6336
4768
3344
9824
3472
2832
8224
4832
2272
3424
3232
3232
2432
3232
4448
7328
2336
3296
2832
2768
4832
7392
8272
7424
2224
9632
3296
3984
3936
8672
7232
2464
9424
3872
2432
