3279232
3237632
3263232
9343232
3982848
2326272
4422272
2623232
2239232
2964992
2222464
2347648
2932992
3632768
8282368
4223232
6642432
2282624
3236224
8637824
2323392
2228224
6226688
2342272
4623232
9226368
2222336
3439744
6223232
3423488
3442432
2424832
4323328
2239232
3732224
3343232
6223232
3243264
3362432
3222272
9349632
8734464
3867264
6433664
4482944
4922368
6383744
9927424
2492928
2222976
2474624
2223232
8363392
3386624
2437632
3246336
6372224
6434432
9482368
2343424
2623232
2244224
2389376
3924224
9678336
3239232
2383232
8292736
2972992
9349248
7467392
3222272
4946432
2362624
4834688
7229696
6622976
2324224
3236224
7932288
6827264
3942272
4822272
2244224
2247296
2427392
9223424
2223232
4642432
9682944
3327232
9449344
6633984
2723968
9348736
4494976
4746624
6282496
2288768
2644224
9672448
6432768
3234432
3222272
4246272
7382784
4442368
3644928
3322624
7779328
2239232
2223232
4847232
7822336
3377472
9332224
3497344
2729472
6924928
7223424
4223232
6439424
8626432
2226432
6372992
3884288
3426944
4328832
2223232
7426432
2882432
3272448
8462336
4329344
4242432
4399232
2222336
6733824
2924288
6823296
8392448
8843392
4223232
4729984
2846976
3748864
4236288
9492224
3347328
6626432
4697728

