3823232
3928832
6239744
3424384
7474944
3724288
3332224
8622336
3988224
6324864
3972736
2793728
9682432
7346432
9834624
2228224
7483392
2222336
4274944
3868672
2639232
3338496
8674432
7422464
6277632
4642432
3344384
2734976
4279424
3327232
8479232
9424384
2222336
2847232
6282368
6938368
2267648
4679424
9328768
9497344
4276224
7432832
3472384
2239232
4636672
4692864
2422272
8438272
2638464
9477632
8346624
4249472
7322624
8324736
4322432
2364928
4933376
7747328
3982336
4393472
2372224
7828224
4667392
8267264
4283392
3627264
8323328
6933248
8223744
3642368
7993344
3224832
3842944
4287232
6322432
8266368
4277248
6223232
7643648
3383296
4449664
4282368
8286464
2623232
4772736
4369664
8239232
3363968
7332224
2726272
8243968
6338432
3429632
2864896
2348672
6433664
7247232
8822272
7392384
3994624
2732928
7382272
6297472
4489472
9222272
2933248
4887296
2942336
4962432
2234368
9823232
4792832
2343424
4329728
4222464
6842624
2927232
6473472
6633472
7322368
4266624
7449344
4882432
2623744
2827392
3684224
3422848
7333632
2393472
4946432
4367488
2236672
8276224
9492224
6323328
4287232
4378624
3224832
4466432
6329792
6373248
4628224
7243392
3246336
3483264
2782464
3323264
8242432
9273728
3622272
9826432
4886272
7632384
7734272
2622464
3327232
2239232
4223232
2244736
7367232
4737664
2283776
2293248
2267264
3729664
9779936
6672384
3962624
6933248
9373824
6722944
2223232
3733632
6793728
7227392
3632896
3226624
6262272
4287488
7222272
4692224
3822464
9373632
2282496
8342272
9627392
6763264
2879232
8372224
6628864
9279232
9686272
4242432
3222272
2897664
4963328
7222784
7276672
2838272
4322944
3924224
9663232
4732928
7774464
6286336
2282624
2873344
3644288
2297344
4222464
2263296
3397632
2376448
8283392
7243264
2672384
2777344
2324992
3493632
2762368
3438336
9434624
2726784
6732288
4927232
2322432
4326272
3227776
2482432
9223424
6478336
3972224
4233472
2843392
8247424
2227328
6228224
8327424
3262976
9363968
7826432
7464832
3247232
2228736
2424832
8399232
2729344
3474432
7332224
6363264
7486464
7627264
2833664
8733824
4622976
4244224
3343232
4834432
2772224
2646272
2927232
4343424
9882624
7643936
7282944
4292864
9733632
7844864
6349824
6464768
9998464
7476224
7493632
2283392
4246272
4239232
4347392
4964224
3437824
9394432
6932224
2222976
4329344
7772672
3233792
2299648
3786496
4292224
2363264
9999232
4372736
2987392
8344832
6222464
4884224
8932992
7273472
6844288
4386432
4434432
2786432
2923648
2724224
6477824
2272384
6343936
3423744
2439424
4436736
6439424
2322432
3924224
2728448
9743488
4342272
2226432
7237632
3663232
9662464
2794624
4724224
8466944
3274624
3739264
4282624
2264832
3396224
6229632
3743232
2298496
2274432
4333824
2932224
4763776
7873664
7822336
2332672
4342784
6836224
6292224
4932224
6432384
6262272
2324864
3926272
7273344
3383424
6232832
3774464
2344832
2932736
3736832
4483328
2772224
8838272
6646272
6329344
7479936
7422848
2236288
3367424
2776832
7263232
8724224
6243328
2373632
3439872
2923392
7236224
4343424
4992384
7638272
2228224
3839232
3773824
2833792
6226432
2923264
4337792
2927744
7862272
7422464
4727424
2292224
4873344
2332928
8847232
3429632
2293248
7323264
2293632
2962432
9837824
2647424
4228224
9648768
2443776
8722688
2386432
3428224
4382336
4436224
3877248
9462272
7268224
6823424
3263232
2342272
7962624
4239232
3242368
9439232
2733632
9472768
2367232
8744448
3882624
2669824
7226624
6447232
9932928
3396736
4377984
3222336
4228224
3834368
3922432
2277632
4679424
3483648
7243264
7894272
2927232
7479424
3497472
3434624
2262272
7326976
7888896
9462272
7263232
6722432
2793728
9247232
2446976
2729472
3282432
3343232
4493824
3794432
2377344
3239424
9332736
4933376
4324992
7986432
8222336
4692224
7824384
7243392
2944384
3837824
2223232
3244928
3647232
4229376
3426944
9823232
2324224
4836224
9266432
4793472
6734336
7444224
4668288
2943232
2726272
3243776
4442624
3239424
6243328
2964736
4834432
2623232
2437632
3347328
3932288
4334336
4242432
2434432
8962432
4623232
2242432
2373888
4923264
7343872
7327744
8277248
6239232
4322432
2324224
2843264
8334336
9392768
7234944
8232832
3263232
4223872
3262976
4247296
3649792
2668672
2837248
8622336
2742272
3868928
7326336
6263424
4327424
2836224
2783232
6444672
6223744
7222272
2223232
3242368
2474496
4229376
3333248
6363392
8244864
2633792
2748928
2866432
9272832
8297472
6663296
2823424
2262784
6323328
6422272
3342272
2343424
4424832
8243328
8263424
3247232

