2222226232672223232
2222233732332343296
2222237372333432832
2222246996273332224
2222248382422843392
2222264322487222272
2222266226344722432
2222267672337334272
2222272287272927232
2222323233222426624
2222326222232223744
2222326632323284992
2222332344322228224
2222349227323932672
2222363793222623232
2222366722622226432
2222373923322642432
2222382392349622272
2222384724232372224
2222427237433933824
2222476234246324224
2222476746444767232
2222498232322228224
2222623293894623232
2222662872462262272
2222677222342262784
2222686223292432384
2222793423462334464
2222822222263222272
2222833424224223232
2223226343223263232
2223233242333323264
2223234328222236672
2223236282632372224
2223238324663222272
2223242679223222272
2223246882732244992
2223262663239647232
2223282834722783232
2223322422633234432
2223322429942923264
2223327833236242432
2223332222632722432
2223344362449272832
2223378323767222272
2223393387242323968
2223667923393337344
2223732344339423232
2223747473474322432
2223823433722232832
2223826984224423936
2223849627633844224
2223943763383222272
2223989829472223232
2224224364262326272
2224242324279263232
2224272248326324224
2224282722333622272
2224296949273362432
2224348293268242432
2224382326223929344
2224422434343223296
2224492437943222272
2224494994327732224
2224624429424443392
2224626843437236224
2224649242234847232
2224928722438324224
2226236782432223232
2226237682272436224
2226322882349236224
2226324223223267328
2226342366826463232
2226342422246326272
2226367742626234368
2226427424372293632
2226432662982623232
2226442222826422272
2226492832232374272
2226747242432692224
2226826222362427392
2226827762822283264
2226863236333436928
2227222263223222272
2227222923224334336
2227262822336692224
2227342229222326272
2227374243334324224
2227378222273462272
2227786222333722624
2227833622464823296
2227922833227743232
2227927222624223232
2228263377237983232
2228272626323423232
2228347342342324224
2228368942223327232
2228378732333236224
2228464326496223232
2228472344922292224
2228632297233334272
2228697737282322432
2228762427232223232
2229433333246328832
2229833232347922432
2229839327338463232
2232222492328722432
2232222832332767232
2232223628276662272
2232224387433234432
2232226833232822272
2232227762722363392
2232324442262863872
2232328792363794432
2232344774232244224
2232362674324242432
2232373736272232448
2232384724422623232
2232464393326362624
2232492736322322432
2232622222487322624
2232623794922422272
2232629374723227648
2232722638278623232
2232729233242324992
2232768622432223232
2232787832326324224
2232832262494224384
2232929342423826432
2233227336938422272
2233229266266292224
2233233333342222336
2233239244273723392
2233244292836622336
2233262364322332672
2233262372223246336
2233272227296223232
2233293227266332672
2233294892222644224
2233323324762292224
2233337747232227328
2233386273222623232
2233426839272423424
2233444723262226432
2233488232632287232
2233492733237262336
2233769227247222784
2233822782343348224
2233883432822243328
2234222333233422336
2234288762234339328
2234433633387282432
2234439646442422272
2234787293332242432
2234796924922232832
2234834226694324224
2234976632332222464
2236232232488927232
2236233222342623232
2236268263426228224
2236323683289268224
2236329462243262464
2236342427242463232
2236362242232287232
2236367283433242624
2236438282223222784
2236467642222772224
2236687726432223232
2236732622424244224
2236936943823224832
2237277466234847232
2237324332392382464
2237332244342243328
2237423728642228224
2237934964663222272
2238332872232927232
2238368238227423232
2238822622244634624
2239234223396622336
2239342433423327232
2239742434247442432
2239898224323723264
2239937372222226432
2242223229233332224
2242233728234422272
2242234426673332224
2242237644226363392
2242248322273247232
2242264824727732224
2242269493687222272
2242296284222324736
2242322833633247232
2242323247992274944
2242342433632223232
2242374433427423232
2242393448237236224
2242437422242332672
2242472323936223232
2242477222327222272
2242629842236342272
2242632223379423232
2242673483446222848
2242733336262623232
2242772723362332672
2242822736229433344
2242833724268347392
2242882224292626432
2242943243472863232
2242972792834228224
2243223263223742464
2243234232322228224
2243239222233268224
2243249792234422272
2243284346232373248
2243322224243638272
2243322638682292224
2243332394823647232
2243389227224334336
2243389394272223232
2243394332343263232
2243443223322427392
2243629963226382336
2243679323942633472
2243736283677622272
2243743274848223232
2243777973433823232
2243828272242622464
2244238387326222336
2244248834232287232
2244264242794463232
2244288272224223232
2244447284622262272
2244642223247327232
2244747243622367232
2244783724384223232
2244833223622262784
2244898233287442432
2244899238234292224
2244963274333323264
2246223372994363392
2246234663776223232
2246342793423224832
2246663767274422272
2246722424326324224
2246733944332222464
2247384848224223232
2247723342223736832
2247849334624223232
2247924973723333632
2249242822362267648
2249332993632632832
2249342382426292224
2249962422338322432
2262222866272223232
2262242262332473344
2262274424262623232
2262279374424244224
2262282924363743232
2262326786223243264
2262327428329242624
2262337384232927232
2262372422346473472
2262423343247327232
2262426642624282624
2262697843227623424
2263222673248223232
2263269822222237696
2263283288723423232
2263332326224822272
2263382227392233472
2263623833462243328
2263682923266834432
2263732732223327232
2263733642474422272
2263743322222362624
2263744624642228224
2264223443383222272
2264226783226232832
2264432462263222272
2264433223872282624
2266233223822442496
2266273742323433472
2267779284832223232
2267937222633234432
2268433222972342272
2268946872322228224
2269393723334836224
2269822298238222336
2272244222283743232
2272283273822994432
2272333822332327936
2272346972224487424
2272382379242422272
2272424322364342272
2272424682244276224
2272446676422623232
2272473432232722432
2272483742437343232
2272692762376372224
2272722242733637632
2272772223328223232
2273332232292323328
2273342322323423232
2273422629272223744
2273424223946932224
2273429326432223232
2273722247232479232
2273724722364383232
2273928422224822272
2274222843283636224
2274323287274422272
2274333272974393344
2274334263222239232
2274422289433362432
2274424393222324224
2274484223232442368
2276243422442422272
2276282338822324224
2277236222722363392
2277283222347743232
2277327363224223744
2278228462223228928
2278282387236323328
2278364322637283328
2278944462732263424
2279368272423223296
2279463223346233344
2279494827242422272
2282233342369333248
2282334239294226432
2282343429436342272
2282363334722322432
2282423692686262272
2282623424343834624
2282634263322427392
2282733226423222272
2282982324226228224
2283223362324922368
2283279723322343424
2283282922242834432
2283834222223294464
2284246488928223232
2284269683223822336
2284272373826322432
2284824384327647232
2286249622423732224
2286422398624333824
2286434272489242624
2286632336327442432
2287324222263263232
2288943242227482624
2292232483293364224
2292323864293343232
2292392342237663232
2292462462443323392
2292494222324662272
2292633268372242432
2292693638662324224
2292734832736223232
2292842244222222336
2292843322722484224
2293242863742222336
2293277223436222464
2293489426426232832
2293677293222633472
2293743342227226624
2293983292222734336
2294336772244242432
2294347244368822272
2294793422424244224
2296444432633823232
2297344226743222272
2299226246227427328
2299424743264223232
2322224247223222272
2322226822332284928
2322239922327822336
2322244233342222336
2322298322746343424
2322332383334326272
2322332497333223424
2322333262342324224
2322334482232246272
2322338446344978432
2322339324224274432
2322343287222239232
2322392222722424832
2322433847243833344
2322436442422247424
2322479472442343424
2322623223222239232
2322627733282332672
2322646282662838272
2322682672236724224
2322733272223924224
2322778422726623232
2322827294722228224
2322966423432462336
2322976764922232832
2322993238327222272
2323223362972237824
2323233226322362368
2323234263223222272
2323264262293684224
2323286644274233344
2323294273672372224
2323322437224628224
2323329423332327424
2323474873634783232
2323627624632287232
2323798242229223424
2324224833376223232
2324226399226232832
2324227229234233344
2324243822323433472
2324269272462262272
2324293262239924224
2324326627242934272
2324326633764323328
2324326822327222272
2324398423723278336
2324422262242934784
2324466243446243328
2324667342732263424
2324932222242373632
2324968343392223232
2326243792722296832
2326327432672223232
2326348423393247232
2326348473223348224
2326723428346232832
2327237244242362368
2327243332432822272
2327244233722232832
2327273262264287232
2327432383822823424
2327624773669343232
2327664324326326272
2327738382223736832
2327742342434783232
2328277242223263744
2328368327337443328
2328387873222426624
2328774324272234496
2328823282922422272
2329282672234463232
2329737827232743424
2329829823942623232
2332233242464223232
2332243342734262272
2332296822424338432
2332296843923423232
2332324228247322624
2332327642222362624
2332344324222222336
2332372982932242432
2332423684223926272
2332482276247732224
2332624342348726272
2332743246222262272
2332767623223324672
2332824222923292672
2333273292232372224
2333324687362228224
2333393823223332864
2333699774334222336
2333732626333237248
2333792722438324224
2333826332674228224
2333983922793234432
2334237222322962432
2334267342222262272
2334336924328722432
2334432832223772672
2334442926426292224
2334624743326482432
2334687423722422272
2336294964226424832
2336842447243444224
2336922392227282944
2337842267262222336
2337873279226232832
2338288222624284672
2338324649824223232
2338338624229343232
2339284262334234624
2339342943226232832
2339362943824822272
2339432323722934272
2339892729432244224
2342233386392223744
2342273222232244224
2342292348922232832
2342296342377234432
2342734423784423424
2342973222429622272
2343232776222277632
2343343342432223232
2343422423232479232
2343434763372724224
2343632236384223232
2343738322328223744
2343774382228242432
2343774423846223872
2343827627233247232
2343872642282422272
2343937362333364224
2344234233332662272
2344368962722332672
2344633733626232832
2344682482223284224
2344838464832274432
2344922622633443328
2344923747322232832
2346237226423222272
2346248244226424832
2346337243272379392
2346422638432223232
2346422674327732224
2346842243236626432
2346872963422224384
2346924283744223232
2347232238227423232
2347232636422324224
2347363273222324224
2347629722464223232
2348232247422222336
2348883732628242432
2349293232962322432
2349782392232927232
2362287242323427328
2362327662227226624
2362332864432439296
2362382272822247424
2362429222327222272
2362486642226233344
2362622646726623232
2362672222326226944
2362723722348724224
2362726628324278272
2362739422732222464
2363246626274279424
2363362226423267328
2363362444232884224
2363372443433336832
2363422229222326272
2363764324236263424
2364274642438324224
2366299344962322432
2366633263372664832
2366698433333428224
2366939222223224832
2367222342327263232
2367397232343263232
2367438824272822272
2367473244424372224
2367992446263263232
2368227964222439424
2368736223226232832
2368843622334332928
2369333283232333824
2369493642433462272
2369733243283832832
2372227426283323392
2372332626823348224
2372369742222262272
2372397264323444736
2372733222292242432
2373264232332263424
2373273222234292224
2373332382227423232
2373382863422226432
2373422723322642432
2373833267233247232
2374242633322463232
2374339772422324224
2376232323232223232
2376433326426292224
2377262263763423232
2382324222262247424
2382334394362232832
2382424422242844672
2382439633242292224
2382642433249247232
2382876494263222272
2382994232233426944
2383233233474322432
2383362282232479744
2383746326332342272
2384487372338233344
2384722372432232448
2384792234233823232
2384872822624223232
2387327424229343232
2388386232322228224
2389278264322424832
2392362272682934272
2393224322282422272
2393276329384722432
2393326282472423424
2393367827232227328
2393438324236222464
2393972343443423232
2394272292224827392
2394822632247263232
2394924462232436736
2396222272832274432
2396239923724222464
2396243622283444224
2398238423233339392
2398343366232244224
2398633223343243264
2399332323293236224
2422222427323367424
2422232622242463744
2422232624224272384
2422232842223222784
2422233226336223232
2422234622283743232
2422236294434783232
2422242846846222336
2422287282242322432
2422324933369823232
2422326222222262272
2422326478222393344
2422327393223442432
2422327423247843328
2422332328224227328
2422344442284343296
2422389423338422272
2422432627262226432
2422442446232223744
2422466629322932224
2422474476223463424
2422479433222324224
2422622389332344832
2422627322942324736
2422683427622879232
2422683443293323264
2422733447234322432
2422763423328632832
2422822324663222272
2422946333242294272
2422972929222623232
2422976372432437248
2423229846833332224
2423242443322294272
2423242889229238272
2423322227222249472
2423342422347743232
2423344366223327232
2423387327629492224
2423393373239322624
2423428743243497472
2423463427223322624
2423469432634343424
2423623343722463232
2423636322863284224
2423682372326326272
2423732727222632448
2423743383432462336
2423828442337247232
2423832343372726272
2423932722432442368
2424227826323423232
2424229427228442624
2424229743723282432
2424236432327442432
2424329492342243328
2424434239323242496
2426338273233272832
2427233622327263232
2427284266338484224
2427432222622482432
2427624233224372224
2427674932249362432
2427729349792223232
2427763422482399232
2427832236427444224
2428446444223463424
2428693272232722432
2428923226443743232
2429244279443423232
2429437222263324672
2429462622237622272
2429836622227832832
2429872299242422272
2429887236233232384
2432222723236626432
2432233432472223744
2432242722472722432
2432244242272223232
2432264794222362624
2432266627234332672
2432298224439263232
2432398342237323264
2432492393423634432
2432624724733722624
2432743432742633472
2432744373482422272
2432922382429323264
2432969362229428224
2433226422274228224
2433233322832822272
2433634328922292224
2433732633299423232
2433737336224223232
2433743228422324224
2433883822287224832
2434244873734324224
2434323438227423232
2434326824333279232
2434346232247222272
2434422222222262272
2434482393323323392
2434784237224722432
2434862642727223296
2436222926227636224
2436423273332342784
2436427422942363648
2437233984327647232
2437276743682228224
2438232226393227264
2439232423872233472
2439374464742326272
2442232282346422272
2442232322223243264
2442233322647322624
2442242972222226432
2442922924424822784
2442974247422263296
2443497442822324224
2443667392822247424
2443849324384223232
2443942236262367232
2443973388436242432
2444242226327322624
2446483723244273664
2446768422342623232
2447283284336443392
2447322242334326784
2447323292222226432
2447622222663647232
2448244692832223232
2448294246428442624
2448622923842322432
2448688343232282624
2448963422334222336
2449487634232246272
2449792223232786432
2462228422248628224
2462233844222263296
2462242322272223232
2462949264322363392
2463222227232227328
2463226673463263232
2463274643296223232
2463337332343222272
2463422226232246272
2463446922342432768
2464472289373323264
2466244642392244224
2467263227624423424
2467327764628242432
2468238424327323648
2468384282272333824
2472228832489242624
2472322722246623232
2472323873243922432
2472372992346292224
2472642232222482432
2472823322464223232
2473232323223273472
2473336339462324224
2473423329274232832
2473627348422623232
2474629384933343232
2474646744462262272
2476282364427239424
2476369843343327232
2476623234423324672
2476723242432724992
2477322244837343232
2482322262273294336
2482724624224223232
2482962942262247424
2483237263322382336
2483297364443922432
2483324676244242432
2483346726342623232
2483443273222324224
2483732324372447232
2483924922729234432
2484323322269663232
2484423224482332672
2484642222264287232
2484993642234642432
2486292283272462336
2486676942222262272
2486763942234292224
2488274243322642432
2492823244294324224
2492922332286222336
2493332342622388224
2493364732337332224
2493636274324242432
2493678322234294272
2493829324926222336
2494928283324383232
2496692283232223232
2498484422232244224
2622232247422943232
2622293222224822272
2622328362664722432
2622362223723282432
2622374422232334336
2622462343432372224
2622963224332468224
2622967928332222464
2623224242332237824
2623242632426422272
2623322464293224448
2623443227232436224
2623623234626322432
2623722673268293632
2623732643233723392
2623764622242742272
2624278333239263232
2624444342722363392
2624633422873362432
2624732322246623232
2624836284224372736
2626623726232633344
2626692484247322624
2626722984282292224
2626934824224423936
2627222382223294464
2627232343784423424
2627248262662324224
2627434743733223424
2628277683433242624
2628293363432423424
2628422923223826432
2628443293272244224
2628464322243723264
2629222973324623872
2629233248382222336
2629746292222328832
2629822844422324224
2632274423232233472
2632283392232374272
2632332248723423232
2632339633334326272
2632372363292442624
2632434442234232832
2632487727222226944
2632633822262329344
2632762362737332224
2633323336237343232
2633743623293927424
2633863322243432448
2636223972922294272
2636323292244344832
2636332828282847232
2636344272233742336
2636384624833462272
2636424692247822336
2637244272332242944
2637246332422324224
2637283634433294336
2638723246228242432
2639332822424223744
2642222842833272832
2642226324623327232
2642228264382234624
2642243222762422272
2642422872328372224
2642473422222262272
2643396422346473472
2643436823426629632
2644237922324447232
2644274728226783232
2644323262224924672
2644342327422222336
2644427822944223232
2644728364224479232
2644832442472464384
2646292483223322624
2646733294223327232
2648349223269433344
2649323423338463232
2649384244249362432
2649422623842238464
2662222482722783232
2662234247234322432
2662334736823222272
2662376629223227392
2663228222862262272
2663233284288282624
2663372336224223232
2663434642327732224
2664238638824423424
2664348639226232832
2664427273323282432
2664673232472244224
2666626424262623232
2666737224239284224
2666934824334262272
2668262332623224832
2669237424474292224
2669822744224333824
2672292444424372224
2672924244622442496
2673237896723423232
2673324362347333632
2673344888262623232
2673369328422223872
2676233286722322432
2677432242242322432
2679262343392223232
2682633263423422464
2683397222222266368
2683434322332942336
2688234732439732224
2693422637392822272
2696328292236263424
2696374429272244224
2722232634322747392
2722234822332383232
2722246682342326272
2722372732336223232
2722382962373394432
2722386343964442624
2722433476328423424
2722472327234322432
2722922243624927232
2723362393492242432
2723377684282343424
2723422634823647232
2723424622342373376
2723922632732442624
2724282324832223232
2724328627326222336
2724432342327263232
2724437463289823232
2724438362238222336
2724472422394232832
2724697723336372224
2724783324322332672
2726224443394228224
2726242934932242432
2726746373626232832
2726822423334223872
2727222632248246272
2727224732222226432
2727232434323324928
2727922292943224832
2732236442626424832
2732244224399327232
2732293223232233472
2732347862732242944
2732349922822324224
2732443722469343232
2732742223279423488
2732839433334226944
2732923397472436224
2732966236226322432
2733242392472223744
2733637482244472832
2733943974292242432
2734233392284434432
2734327322233823232
2734979772222222336
2736232363322228736
2736422224222224384
2736892263433273344
2737238324622262272
2737273782622224384
2737644683243323392
2738222332223422464
2742222624424722432
2742272262422396928
2742282622624333824
2742323322223263744
2742682262263824384
2742927727682322432
2743286292269236224
2743636942342324224
2744386233223348224
2746222623272927232
2746249678342324224
2747263223934222336
2747263462327222272
2747373322223222784
2747823362427322368
2747839332222222336
2747964628422623232
2748323948264423424
2749292383234424832
2749647324632334336
2762946232222482432
2762992322223243264
2763323224248287232
2763422273223327744
2763942834242322432
2764222263222239232
2766839322234322944
2768223348272922624
2769232763223263232
2772236344933343232
2772266224422223872
2772294723223732224
2772462222398324736
2772732272224223232
2773243236273334272
2773432468642332672
2774297372333663232
2776327672422334464
2776442396322373632
2777223322628923392
2778332393632223232
2784339732628242432
2786742226328223744
2787362732223627264
2792822362222362624
2793294222343962624
2793332278223327232
2794824328333492224
2822222783236276224
2822232324222222336
2822232872822243328
2822299233387282432
2822338632323432448
2822466423223222272
2822766382223327232
2822832324693983232
2822887622232244224
2822942237443227648
2823222428422373376
2823222694326239232
2823262392386322432
2823287683336372224
2823424242337972224
2823638722686222336
2823727822622687232
2823793622732242944
2824988344222482432
2826234236422324224
2826242722923282432
2826332622222262272
2826443634323226624
2826633248224837632
2826643682447327232
2826833264243638272
2827323629224722432
2827422642242322432
2827482284773343232
2828474324273332224
2829426632339226624
2829826222228242432
2832233643242422272
2832248923836383232
2832293242272743424
2833233242234683392
2833363472224223232
2834674823234322432
2836392469323743232
2838228343323623424
2839233293623222272
2839263473232248832
2842222292772323328
2842239843223732224
2842276342936633344
2843247384232722432
2843362428224274432
2843638422327263232
2843823362232287232
2844736624244293632
2847222243322232832
2847678232222236672
2848434333822222336
2849372228243423232
2862249262744338432
2862292834222866432
2862424237372342272
2862726628423237632
2862838624322322432
2863433473422262272
2864222264226742272
2867223243227922432
2868273822283333632
2872943832462262272
2874223232233242624
2874497222232244224
2876224432276242432
2876624232442232832
2882222722322399232
2882243333638324224
2882833332226228224
2883234249962422272
2883376222274322432
2883433944928223232
2883836224336822272
2884738222739423232
2887472992322322432
2887849322622222336
2888622682222362624
2894728244622262272
2896733322643636224
2922222996832223232
2922342744226332672
2922729348222222336
2922734947336372224
2922822347243323392
2923262228482228224
2923262333323444224
2923264224382943232
2923274782822367232
2923372227424223232
2923377632234422272
2923432342926262272
2923442223332327424
2923643726227832832
2923932782282932224
2924222733273268224
2924293822433722368
2924426432228622336
2924463228342239232
2926346632339636224
2926422482938232832
2926743222274228224
2927733732947423232
2928229326222262272
2929224382282727424
2929286423322427392
2929433824774324224
2932344362848223232
2932366443268276224
2932386222426292224
2932733923933492224
2933347233344274432
2934222322238226432
2934227324422324224
2936234622242783232
2936273334462332928
2936338462822367232
2937323274322332672
2937396267242422272
2937424324264722432
2938222822633242624
2938243372772327424
2938262232462262272
2938273242322747392
2939232337242292224
2939432422237323264
2942249394323423232
2942434732224282624
2943328482622439424
2943833723262222336
2944836342433972224
2946234223247228928
2946238942726324224
2948623363223322624
2949474423223222272
2962229739263327232
2962237232292323328
2962242423443423232
2962694342232244224
2963723228233334784
2964923883322343424
2967239872232423424
2967722232229343232
2972246222773223424
2972393826332442624
2972462242726674432
2973222734344224768
2973432724242333696
2974244223322423296
2974282922248372224
2974627444222328832
2976742343234322432
2977398382432223232
2982222362272333824
2982332422393823232
2982462362432372736
2982476462344372224
2984292322822324224
2984624332328927232
2987282224433332224
2988262326622224384
2992263723242422272
3222222342292242432
3222224323343327232
3222224736239222784
3222246233747423232
3222339663333233664
3222346288242622464
3222382622722228224
3222422223332622336
3222423423232376832
3222426792282292224
3222437243226292224
3222442636247826432
3222622424398823424
3222734292832223232
3222823822474346496
3222836262274793472
3222846649342623744
3222847692263227392
3222934437272223744
3222948294722322432
3223222322236342272
3223223977226932224
3223233392294264832
3223242382242742272
3223247323486224384
3223388442332233728
3223427742229266432
3223463473672372224
3223472627222249472
3223474227693748224
3223692242746343424
3223734222432632832
3223734832433332224
3223743423722422272
3223766222424244224
3223888443394228224
3223894222348222464
3223923724279222272
3223934434236432384
3224262724942823424
3224272323424223232
3224333287264223232
3224422337333428224
3224493362283282432
3224637723262943232
3224683247742222336
3226244822332342272
3226263662282932224
3226272623773323264
3226276222263263232
3226362332722292736
3226424439223222272
3226662332389343232
3226962222227423232
3226994243322642432
3227222432283623424
3227224988222226432
3227233424224223232
3227237222224232448
3227237343328223232
3227239262372364288
3227286383233339392
3227322424463327232
3227333462332342272
3227362237264822272
3227429379424223232
3228322263289823232
3228473226232332288
3228493363326222336
3228642284333432832
3228722232263442432
3229222922442768384
3229482226248843264
3229644264373223424
3229837724222226432
3229922328376246272
3229942622437343232
3232222462427922432
3232232342332342272
3232296448422838272
3232336429972242432
3232363382622388224
3232424382692327424
3232622882882322432
3232723834343227392
3232742743863263232
3232762322327322624
3232873242376372224
3232874343822262272
3232923262433722368
3233224323362783232
3233244333367222272
3233366422423732224
3233443263323922432
3233472282627342336
3233472687622324224
3233622472223883264
3233672323226763264
3233676333222623232
3233749333432246272
3233827823742222336
3234232432433332224
3234274643234783232
3234322663232274432
3234329222244728832
3234427394232287232
3234482284262326272
3234627274472423424
3234732484432232448
3234743246842232832
3236226267232272384
3236233372222943232
3236247363424223232
3236273248322322432
3236822463942623232
3237222223927222272
3237294222222262272
3237392723229923328
3237433463632822272
3237438674724323328
3237634462876434432
3238282893333233664
3238636449222623232
3238692362322444288
3238984383722422272
3239723262223429632
3242229622223929344
3242232692293238784
3242232878236434432
3242233622343647232
3242244632343478272
3242282624634322944
3242296324424466432
3242322373432246272
3242423229222223872
3242426983822393344
3242434322272223232
3242623373662224384
3242933377422262272
3242934722333343744
3243236862946443264
3243243927223222272
3243369683432374272
3243722262833332224
3243832228279222272
3244693623733223424
3244784744222687232
3246342333222223872
3246493629233332224
3246943822672822272
3247224338272223232
3247284424232927232
3247342262822633472
3247943443343327232
3247964324329439232
3248236339242467328
3248349624322228224
3249222732947423232
3249348368224223232
3249423288234934272
3249644232322842624
3249849233262772224
3262222942274322432
3262228363292442624
3262262422429237248
3262267238224232448
3262332942222262272
3262367233943322624
3262438392247222272
3262624634423476224
3262633262722842624
3263296222243233792
3263826464222478336
3263937262873362432
3264238282472423424
3264483723923423232
3264624987243282432
3264694222322663424
3266748297342222336
3266844323434463232
3266923423727222784
3267443238632423424
3267647224672223232
3267682824433434624
3267738462472372224
3267938322423742464
3267943642372276224
3268247944933343232
3268323342223736832
3268343342822326272
3268723429442322432
3269693232263227392
3272237496322228224
3272332823479222272
3272332924226322432
3272342333838262272
3272392263223222272
3272487763322437632
3272833242268434432
3273448442242793472
3274424238244626432
3274438632343732224
3274483323422932992
3276222224224223232
3276236724226228224
3276322842234322944
3276624439422222336
3276874222223228928
3278282732343263232
3278432222646239232
3279423646223327232
3282222287287222272
3282234932392722432
3282329262278836224
3282329942223224832
3282336989623222272
3282443243228233728
3282473222443892736
3282473463233642496
3282624229722292224
3282726369222623232
3282843942342623232
3283244263327924224
3283923442922422272
3284392772243423232
3284432334222262272
3284764342263742464
3284862634423222272
3286322494263263232
3286344832672333824
3286464388222943232
3286936372824244224
3287224464382623744
3287384233732472832
3288278433222623232
3292223432237236224
3292227372222222336
3292423822734262272
3292623263294226432
3292624637623222272
3292723846762463232
3293823233422393344
3294762842323943424
3294772323232223232
3296232863746228224
3296273323447222272
3296279822262239232
3296432632382226432
3296464423222247424
3296943922273247232
3297364222662623232
3298248734722228224
3298369922223243264
3299928324233232384
3322232262722322432
3322233468343222272
3322264492239224832
3322282626382823424
3322326229333622784
3322333742726283264
3322334424462262272
3322643227283423232
3322723749382324224
3322769422432223232
3322822837374222336
3322999224322228224
3323322482626363392
3323422244773822464
3323422263223222272
3323464724247478272
3323762223722422272
3323823232322322432
3323828332227723264
3323839337824223232
3323863639422222336
3323973233338297344
3324222422332342272
3324223322228293632
3324228422233227264
3324229922232336384
3324239436222332928
3324334833466343424
3324388322329362432
3324479283237224448
3324646633833234432
3324732423243743232
3324733292344246272
3324744644243226624
3324939822227423232
3326282423232233472
3326284642224439296
3326428284224274432
3327223633242292224
3327296222322229248
3327326382743322624
3327433322362232832
3327742226923333632
3327784326722322432
3327794422334226432
3328223389273423872
3328273744429842432
3328874322223693824
3328926623262277632
3329723467276222464
3329923347223732224
3332223264439222272
3332342248436662272
3332622229226422272
3332642272464863232
3332683367248822272
3332727322226233344
3332737233922424832
3332844722243764224
3333222443327422464
3333322232243232768
3333422323274932224
3333462644862222336
3333633222222277632
3333826222287224832
3334224827224424448
3334234287338422272
3334324297222324224
3334344237623476224
3334463244947423232
3334623332292624384
3334943232224722944
3336224322323423232
3336237423328223232
3336282672362422272
3336333264232722432
3336649423243444224
3336762749434232832
3337224632332222464
3338423722423222272
3338674829233422336
3338927888224223232
3338928326232244224
3339239794223284224
3339322329424822272
3342239342234763264
3342242232322228224
3342342826423222272
3342343932272443392
3342464423463223296
3342873932333236224
3342924833243922432
3343343484922232832
3343422222632927232
3343622763372724224
3344743462326239232
3344773222434373632
3344872224644923392
3346363822333722624
3347274223734239232
3347282924333236224
3347288643424223232
3348222268222734336
3349277842327732224
3349434222227423232
3362227372226322432
3362237722423222272
3362243872422887424
3362322244432822272
3362327373322423296
3362466642223693824
3362682763332329472
3363632222272487424
3363824438423322624
3364246263223222272
3364282282933223424
3367486622722424832
3368362938222772224
3369792222722322432
3372224784823222272
3372823869324263424
3373242622263263232
3373372324226322432
3373622263422222336
3373673272222482432
3373727632264249344
3374268722272272384
3376294444224479232
3378337262323236864
3378464372222263296
3379782434243346432
3382243822323892224
3382247324222226432
3382267342322663424
3383423442923323392
3383634486324363264
3384336629234663424
3386286682222362624
3387337226242228224
3392229932222644224
3392322937243333632
3392734623238324224
3392834372273332224
3392992338626322432
3393286784233242624
3396722442362339328
3397243342242742272
3397322232322228224
3397627922434228224
3397726273336722432
3397732322473746432
3398733222632423424
3422232323433234432
3422326222342324224
3422326223287222272
3422372772674322432
3422383838233362432
3422434427437842432
3422493272337334272
3422762972268724224
3422786382383284224
3422834337222623232
3423322323673362432
3423623433324724224
3423822223322382336
3423842662932283392
3424222229274427392
3424226279224246272
3424322422223732736
3424324872222277632
3424423342447263744
3426282292824244224
3426344464992436224
3426829273272287232
3426843864462262272
3427362649322422272
3427434424733663232
3427728432362422272
3428227442364383232
3428424246324363264
3428462282328244224
3428633422243233792
3428832283283423232
3429263627334623232
3429329462423322624
3429463337224372224
3429772734272274432
3432222322229772288
3432233723624423424
3432262447333343232
3432322667344822272
3432342222222262272
3432764424232894464
3432849394922422272
3432938664282292224
3433298372242292736
3433483622223839232
3433738366223327232
3433872397322723328
3434277627283636224
3434433336232722432
3436243868222226432
3436322293443723264
3437326392343732224
3437344662642229248
3439237687444242432
3439372223324233728
3442234342634422272
3442482423344922624
3442694232328372224
3442836227827433472
3442997249423327232
3443223222326329344
3443272232237236224
3443437328224223232
3443828267327422464
3443832722272223232
3444222344426422272
3444324467223822336
3444382762422239232
3444424944327327744
3446264243362332672
3446323322632372224
3446423922224922624
3446483624323448832
3447634427334623232
3447788243232227328
3448839339242422272
3449947622223642624
3462332442344423424
3462336822424633344
3462382423273439232
3462442223742222336
3462846662232244224
3463384322333343744
3463732346293223424
3464237442423324672
3466323624749432832
3466373772224692224
3466439332823826432
3467329632284442624
3467634833292263424
3468398243434463232
3468723444642742272
3469223443236323328
3469378226327322624
3472439632222224384
3473676892226322432
3474744632233426944
3479422324274233344
3482237423324233728
3482238322272632832
3482244743332626432
3482262762432233472
3483242222897332224
3488274273842233344
3488276727222239232
3489422444983222272
3489923923462324224
3492262432663732224
3492433434234322944
3492632782348222464
3492763242234642432
3493832433376223232
3496434232463327232
3497422628234723328
3622222822634422272
3622247337223323648
3622288692432863232
3622334722833383424
3622338226324242432
3622426223272722432
3622627472224223232
3622722422422634496
3622926722743222272
3623239467242422272
3623423983424372736
3623432244742324224
3623466928276242432
3624224724832223232
3624364873384722432
3624423846234292224
3626724242272223232
3626732994422243328
3627227483262222336
3627274282422239232
3627482242273247232
3627693332983222272
3628222633329426432
3628233346323382272
3629442222232436736
3632234382332264448
3632324293224824832
3632334226393227264
3632347696322322432
3632832332722962432
3632924289683423232
3633224487424229376
3633362732344246272
3634232374624223232
3634232982833332224
3634344722272223232
3636242322748342272
3637222743223222272
3637447623222239232
3638294482438324224
3638347433824223232
3639363284392722432
3642292422722322432
3646274232386322432
3646366672323723264
3646423262322229248
3646463643623227392
3647242232262623232
3647247464423227392
3648634682263732224
3649328763232223232
3649384742334234624
3649442333222633472
3662223844423237632
3662422228422623232
3662842232632246272
3663272483783442432
3663342749242294272
3664293432322424832
3666333782326247424
3667722424672223232
3668224648333492224
3672334623322423296
3673239444232372224
3673263224226742272
3673323477472223232
3673476682333323264
3674242226243764224
3676224339623227392
3678322294624223232
3678442334334222336
3679223232423223296
3682344242283282432
3682662422368223232
3683377633282228224
3683483343422226432
3686667423238324224
3692228622462222336
3692846624834322432
3693236833223442432
3693422263333727232
3696394246327222272
3722286222223736832
3722332748363292672
3722446223222243328
3722482382262239232
3722824283244724224
3722826463234228224
3723277289423634432
3724222422634463232
3724223223223222272
3724228243392233472
3724238274626322432
3724284292222943232
3724327732824244224
3724622422232334336
3724629432223924224
3727273223242727424
3727933742272223232
3732222623924293632
3732227267383222272
3732272674844442624
3732273372433342464
3733833382628622336
3736248262248628224
3736424367622324224
3737422382944223232
3737483483343224832
3738222224623337472
3742244632442437632
3743233943883743232
3744236239243444224
3744243623462436864
3744363322722484224
3744427274473439232
3744623427823337472
3747244222662377472
3747922962323226624
3763724433232232448
3764223682686222336
3764237222427623424
3764283422722228224
3764742273263333376
3766643222368223232
3769282222287224832
3772328343272423424
3772632942222262272
3772643274276323328
3773662337632223232
3779634322234294272
3784834832224223232
3789243242622222336
3793386933322463232
3794233682422923264
3794923222247227392
3822228994323382272
3822233342298292224
3822272243432423424
3822277273922322432
3822326648326324224
3822422964226228224
3822429843933364224
3822627237382324224
3822823323623227392
3822882234222772224
3822937232224223232
3822964322743222272
3823339447422222336
3823342842223263744
3824442427343634432
3824463237263327232
3826726633822224384
3827423624426422272
3827426762422222848
3828229322387226624
3828323792232382464
3828729362434228224
3829623246222262272
3832226432233242624
3832242223247327232
3832343624222244864
3832482664632287232
3833293342232346624
3833424722422923264
3833632862229233664
3836234867223822336
3836246333223223296
3836622743392223232
3836633392332343296
3839322222227423232
3839373272664244224
3839726222279442432
3842943474323423232
3843342282346463232
3843844843423924224
3844394742237364224
3846442739322322944
3862263993223348224
3862642383422226432
3863222293429223424
3863344494227226624
3863386632433434624
3863848722232246272
3864323933623222272
3866647226632372224
3872433722362232832
3872929322848223232
3876222333367222272
3884689322233823232
3892394422233464832
3892444224433422336
3892644786242322432
3893363924322484224
3894247643343224832
3896242392928223232
3922686267232223232
3923222423233462272
3923742782423826432
3924323326223843328
3926268638233362432
3926923273272287232
3928342224962322432
3929232436222943232
3929726424322363392
3929742793322422272
3929833772343263232
3932232828342239232
3932424344482873344
3932427742442422272
3932477827732242432
3933222248473362432
3933233422622687232
3933732873236447232
3936222628499423232
3936442322272223232
3937433463673823232
3939276233272246272
3939342262336438272
3939982236343222272
3942234843263926272
3942246393432244224
3942442442422222848
3942488232337342464
3942632922333622272
3943343427232333824
3943343623626473472
3943492222398234624
3943692223224348672
3943922342978322432
3947266397632223232
3948726324226424832
3963722222242234368
3966443623264223232
3969862332482322432
3976477342886264832
3978277234226233344
3979622226323423232
3982223422242422784
3982346462322229248
3983472622222442496
3993224242463244288
3993463623324229632
3996244493233422336
4222233282243723264
4222233768282292224
4222237443447324672
4222242638263222272
4222262943336628224
4222272383823642624
4222273962334224384
4222274223338422272
4222322742324363264
4222374827872223232
4222428272296722432
4222436882434228224
4222442943229722624
4222473642832822272
4222676723322322944
4222723463622623232
4222833272332222464
4222862272336232448
4222886382227423232
4222923382322233344
4222987422362763264
4222992872237432832
4223234272322322432
4223244323622223872
4223248922324238336
4223462268922232832
4223499849322463232
4223762222242332672
4223829223327924224
4223929364273332224
4224223992246239232
4224233326432223232
4224248963433234432
4224273272326324224
4224423322623393792
4224634743223222272
4224932333342687232
4224933838278623232
4226624792322637824
4226939424262324224
4227263284824244224
4227322263242932224
4227426242276622336
4228247442737332224
4228264224268222464
4228376379232223232
4228496322626322432
4228626236722642944
4228772436232372224
4229223676223422464
4229233722423263232
4229249222232244224
4229332444393242624
4229687426282422272
4232222326624223232
4232224372222328832
4232342437233426432
4232364233722232832
4232369424222388224
4232679249922228224
4232734832222797824
4232844624322363392
4233286232723423232
4233322223266332672
4233663429866422272
4233674942626332672
4233724344322228224
4233772343334223872
4233922243732242432
4233926626822324224
4234226387383222272
4234229727226232832
4234286473343926272
4234322324262223872
4234474222462697472
4234499493263327232
4234672724627423232
4236282372222222336
4236383462224822272
4236689336293343232
4236833828238262272
4237237473376223232
4237332382223732736
4237442332362473472
4237449437332242432
4238222667842322432
4238272892422324224
4238278272438239232
4238327742692327424
4238827323232223232
4238929742483423232
4239272242492342272
4239638223323922432
4242333372482322432
4242342382223228928
4242346222628634624
4242363232322322432
4242423267322232832
4242443442233278464
4242782362426933248
4242869624632246272
4243223633722343424
4243268974432223232
4243273382222364672
4243337724922232832
4243348922362232832
4243373483872223232
4243376263823327232
4243473382634422272
4243632667283423232
4243736746423222272
4243832337724342272
4243986327228383232
4244223342227226624
4244392842243342336
4244394273222426624
4244426442223386624
4244764393822224384
4246242423733223424
4246349482423222272
4246388722234294272
4246464262437863424
4246787343422324736
4247224332227444736
4247987227283423232
4248232463362424832
4248762334442422272
4262294239234228224
4262326328226742272
4262472224222478336
4262639433323323392
4262833944232722432
4263232682248372224
4263327872233242624
4263424422234292224
4263674296446222336
4263836432224223232
4264432243272843264
4264623822732263424
4264724344426463232
4267238264326324224
4267373842332647424
4268644829623222272
4268833822822367232
4272222842234339328
4273227232464863232
4273243244983222272
4273482727333822464
4273486223244263424
4274229423482339328
4274232322323382272
4274234923447222272
4274344292232462336
4279244643223732224
4282344962223243264
4282472362933223424
4282476242323636224
4282872243362463744
4283282468238262272
4283363342338228224
4283467222348726272
4283484622232223744
4283992262232244224
4284747442324242432
4284823627276222464
4286223429226463232
4286227337282322432
4287244428726239232
4288244636222226432
4288742929333223424
4292243736724242432
4292333238274228224
4292436242778292224
4292632729722322944
4292944337242423296
4293434222268383232
4293484633322422272
4294333733226872832
4296424832234422272
4298747264234422272
4299334223742222336
4322234223424438272
4322244389423284224
4322282992224436224
4322284424222736384
4322348349442228224
4322622992224223232
4322693272732434432
4322748638322229248
4322766624424722432
4322884336723427328
4322974229222326272
4323422424226332672
4323426642633424896
4323433443223928832
4323434622233739264
4323469422372323328
4323746226242322432
4324223432732442624
4324236494238646272
4324239228922232832
4324242792228323328
4324363363347922944
4324372383933923328
4324394427232223232
4324422262638772224
4324434922828726272
4324627483283423232
4324638342232276992
4326328833329332224
4326763936322322432
4327249223482343424
4327329486732263424
4328333686624223232
4328422832722673664
4329322423729422336
4329437242482229248
4329629222334234624
4332263762323832832
4332287239324434432
4332374834622234624
4332443422244732928
4333233773672423424
4333343424433422336
4333832432296722432
4333942476222234624
4334249223229243392
4334322984224292864
4334963222347333632
4334973322223222784
4336226743232692224
4336477733438226432
4336867322223722496
4337839324226322432
4338237722237927424
4338239242223222784
4342274246232244224
4342377672242233344
4342476422422462464
4342782332422324224
4342832244272922624
4343422473263333376
4343729342492639232
4343824387223322624
4344262262236643328
4344292942672822272
4344428472223924224
4346466444726239232
4348732782227226624
4349242349224722432
4349323636332724224
4349372233222324224
4349843328334823424
4362992447226642432
4363287324373942272
4363826482722373632
4366336222244634624
4366362422462644224
4366432222442422272
4368932236734234624
4373227282426232832
4373266632822226944
4373748822322446336
4374432363722932224
4374747483243282432
4374824462239924224
4376724263392223232
4379233222228967424
4382267332264722432
4382776424222687232
4383364423873462272
4383443226332233728
4392266322223374336
4392426844226322432
4392978747232223232
4393244428622364672
4393348962332442624
4397282322232246272
4422223232234422272
4422227727422324736
4422232482326249472
4422283237238243328
4422327847222247424
4422332442772242432
4422337844786233344
4422366383722463232
4422823892273332224
4422876233722232832
4423223426282422272
4423237322328244224
4423327742347444224
4423424742962233344
4423472322422243328
4423498237344743424
4423723344324329472
4423724233239822336
4424294222263222272
4424343927733223424
4424387372223823872
4424488343392223232
4426223442223693824
4426228279422222336
4426228343632822272
4426742996273332224
4427377883262222336
4428987232322322432
4429222249233383424
4432226222329823232
4432238763462623232
4432482227762233344
4432722487444242432
4432737429224423424
4433428433379262464
4433664272224223232
4434624269233422336
4434726472729362432
4437222442422239232
4437438224224223232
4437882273222623232
4438222643293323264
4438294622229233664
4439274723223732224
4439486334272274432
4442278323724222464
4442422632262926336
4442743224322228224
4442843842332327936
4442872373242232832
4443632422222823424
4443883384426463232
4446323883242422272
4446626962327732224
4446722494323228672
4447236449342324736
4448333827223322624
4449283922422923264
4449436644277223424
4462322432823263232
4462327433223733248
4462442683224293376
4462724427842322432
4462842634234232832
4463622724226383872
4464262422328246272
4466483222368223232
4467442333232922624
4468432472723423232
4472228924444639232
4472242224362422272
4472299443234373632
4472324322333622272
4472384233833234432
4472646293344223232
4474223224672223232
4474484664223924224
4479474243424223232
4483243622223839232
4486733264232382464
4492226434332229632
4492686622242373632
4492923672226332672
4493342473323282432
4494222238232346624
4622224223723323392
4622264442682343424
4622322473224372224
4622362233873334272
4622427438232633344
4622729324368232448
4622744423223263232
4623626282238738432
4623882723322232832
4624343723324473344
4624493993363423232
4626289224239284224
4626323428423237632
4626469423333343232
4627272343222222848
4627722383426322432
4628463823223783424
4629276263223263232
4629348822634463232
4632332246332342272
4632422322242322432
4632442222432223232
4632884264382234624
4632943226243383296
4633223423242272768
4633246472339423232
4633383922223284224
4636824273423433728
4639624722423742464
4642329227243323392
4643396324642783232
4643674672242622464
4648363223232282624
4662262442326228992
4662664234422239232
4663232343438262272
4663243762223284224
4663443877233426432
4664242322666422272
4664387242423222272
4664836223322292224
4664923444249362432
4668242732223823872
4669342383338422272
4672236322972237824
4672468342624223232
4673743824322363392
4682624836432822272
4682924349324263424
4683337324384223232
4686274424242962432
4687242444222234624
4692623742268342272
4697229764243423232
4698722348222644224
4698788898942222336
4722238622722424832
4722324262222823424
4722333372343222272
4722447822442463232
4722623242234232832
4722686724222222336
4722843372223463424
4723228962226962432
4723322424322424832
4723428937222324224
4724226273238843392
4724373222429622272
4726267992232722432
4726283223243423744
4726364383379423232
4727222242822324224
4727362242243723264
4727424422629343232
4728284744339423232
4729422483933364224
4732282673372233728
4732436632833294336
4732442822232244224
4733469223222247424
4733642926272282624
4736743286932242432
4737424443232223232
4738293467262222336
4742223444232372224
4742223922492342272
4742327322627342336
4742423362622324736
4742743272242282496
4743327222463463424
4744438622334222336
4749443742283333632
4762333426272436224
4762828334822326272
4763372292244242432
4767992322246623232
4769723222223224832
4772222229322727424
4772233823832244224
4776264242332434432
4776284843233247232
4779822322234294272
4782393728234422272
4782442982223642624
4786328344222236672
4786422422263824384
4787264332624822272
4792382262274424832
4794226823234322432
4822382232226234368
4823234623927222272
4823322347646222336
4823726236332982272
4823728343243292672
4824322473222733824
4827623224463327232
4828272394223222784
4828443247333343232
4832276432472244224
4832733376232423424
4833229746242322432
4834223727332622336
4834232234233823232
4842292876224233472
4842344362933223424
4842422724326326272
4843449473222836224
4844433922622226432
4846328262722322432
4846423226632372224
4847962266423263232
4848343238232244224
4849232862334943232
4849282396226322432
4862444243383222272
4868437242223263744
4873489332226228224
4876282493323444224
4877464332222332928
4883624823223222272
4887323282434424832
4894244644243636224
4898487232232423424
4922236272634232832
4922463322462224384
4922743962772242432
4923234669493223424
4923339324834373632
4923422222349238272
4923423323962343424
4923432922443743232
4923929263322382336
4924233222292242432
4924322723842228224
4924422622922932224
4924477732243636224
4926972247332323328
4927222724243226624
4927343423226642432
4928334333244342272
4932284838234292224
4932923328374243328
4933222267343634432
4934493224224948224
4937462236226322432
4942223928774623232
4943276323326222336
4949987893268447232
4962224334732263424
4962272233833234432
4964247462249234432
4967284297222324224
4976233622332342272
4982234322784223232
4982634744247222272
4983733824229343232
4983822866272223232
4993282642743263232
4993764222242783232
4996233232743223296
6222266832423223296
6222282662629343232
6222323232262324224
6222427622262964224
6222442262874292224
6222484727484383232
6222632427322343424
6222746326224863232
6222762242427322368
6222778342343442432
6223223764642332672
6223223792232824832
6223227323272372224
6223236943366324224
6223242286223327232
6223274424322228224
6223388432224223232
6223472422327222272
6223633376224223232
6223683462373343232
6223684296322842624
6223722862432223232
6223772422222774272
6224393482333323264
6224672644222943232
6224673898336223232
6224822276324327424
6224924227373236224
6226228242322292736
6226274684422324224
6226423823223226368
6226424222437343232
6226998423242932224
6227282222722842624
6227842493237428224
6228242294932242432
6228272824222482432
6228479262622482432
6228492673273823232
6232276244373774336
6232362222743322624
6232443828226228224
6232462382966243328
6232683422223433728
6233229372222332928
6233437242376372224
6233443343637479424
6233447223362322432
6233843283372343296
6234236292232249344
6234439427624927232
6234462236433973248
6234482772232372224
6237642232283922432
6237762922267333632
6238423326283333632
6242228733233332224
6242288363668242432
6242296248322228224
6242322332222226432
6242422288633823232
6242836942342324224
6242927822424244224
6243273763422732288
6243429248434962432
6243449236277428224
6244329244248244224
6244448832243892224
6244923348832223232
6246782724222222336
6247323633647222784
6247327299232223232
6247332364282232832
6247347624332623872
6248376639328223232
6262322222237663232
6262762622927634432
6263244762263322624
6263822342342836224
6263922224224272384
6264233289322463232
6264942432334774272
6266223933442228224
6266224363423924224
6266624222322229248
6267473632243482624
6272433262243233792
6272723324422324224
6273346644733722624
6273433822662623232
6273922433222836224
6276236272224436224
6277634246232244224
6277734724264722432
6278722273444626432
6279623642226622464
6282237342723342336
6282342243223732224
6282382932232372224
6282974424226332672
6283243484476342272
6283486343234322432
6283723629493223424
6283826283323326464
6284337342367924224
6292222883326328832
6292444733242343424
6296638322364383232
6299228693344223232
6299263248823222272
6322266242762932224
6322336683224334336
6322772438332342272
6322882382263222272
6323227746332442624
6323283437239222272
6323832622223327232
6324234322733236224
6324422933344223232
6324426964422623232
6324932963442622464
6324936492732383232
6324966236286222336
6326226684343222272
6327223299322232832
6327267262263263232
6327376393633247232
6327422272336822272
6328227223273439232
6328244684376244224
6328622724283367424
6332243763347324928
6332424623968223232
6332444967262224384
6332823328222347264
6333283243667423232
6333339227284242432
6333427224232722432
6334237843343327232
6334466844392423424
6334762332328722432
6336429624838324224
6337248433822236672
6337632273376223232
6337844629242642432
6338388222422286336
6338647422268342272
6339394623323363328
6339493244422324224
6339623327322292224
6343282464424722432
6344634248333623296
6346333392382328832
6347262344426422272
6347494326622224384
6348924362422222848
6363223822429323264
6364332723724222464
6364726622646239232
6364842264933433344
6369434433973223424
6369482682434322432
6372322222432223232
6372742872928223232
6373724322472722432
6374222644824244224
6374464223333842944
6377223633232822272
6378342623833227264
6382234227637223424
6382242948239327232
6382646293429223424
6383343263337234432
6383462247334674432
6384423822472249344
6386332822336438272
6392242244243423232
6392242323933364224
6392322279244726272
6392622632477663232
6392624349233332224
6394232236224282624
6398343222422667264
6398642342629343232
6422229223333429248
6422273423222243328
6422464224382943232
6422632222244732928
6422643383422943232
6422843262272274432
6422923834684342272
6423222727223672832
6423262736224223232
6423279842329362432
6423629482423222272
6423982346424287232
6424824884622262272
6424996222624333824
6426224723264274432
6426292222427922432
6426332773428363264
6426334862279442432
6426347244223463424
6427273463232233472
6427692222692622336
6428422662292242432
6432323463882473472
6432333327734243328
6432442322289426432
6433324244273332224
6433448823443423232
6433773224477663232
6437632784224223232
6442432263484342272
6442637473427226624
6442729634366226432
6442832233373663232
6444347273282322432
6447227273363423232
6447363432442232832
6449324472322228224
6466627222423732224
6467429244922232832
6467634227229622272
6468222433282228224
6472737262323892224
6473646243629236224
6476494473342222336
6477223229623222272
6482299226238222336
6484234222222442496
6492277749324939264
6492672438338322432
6622322669224722432
6622327894362292224
6622369322238738432
6622434822847463424
6622474262424846336
6623339332243636224
6623723722442932224
6626272323424223232
6629333322986422272
6632324222632722432
6632434624446332928
6632642326244622336
6633732863236276224
6634232732222226432
6636228277273362432
6636276343422222336
6638436233282322432
6643293262232223744
6644943232284229632
6647443323232223232
6648224322277343232
6648334433423327232
6662442426222772224
6664233726422286336
6666332423222329344
6673722244494262272
6673722326429663232
6677262262322233344
6682334322323423232
6686324283723743232
6722222842273333248
6722426422872244224
6722434226243764224
6722449236223967232
6722622784832274432
6722823223422222336
6722924292244242432
6723333964734234624
6723428222383423488
6723442324636434432
6723939334432223232
6724232262722322432
6724237442282422272
6729223232622772224
6732364422278283264
6732627224224333824
6732929273227444224
6737242424264884224
6738443622362382336
6742242323238223872
6742733237242232832
6743263222727442432
6744282863272722432
6744473463223222272
6746234286426292224
6748223227744223232
6762326332623224832
6762669232276242432
6763222296232722432
6764733962242228224
6768476228243423232
6768772444226322432
6776767273222324224
6778449948362932224
6789223442272223232
6789226222223327232
6797272324247322624
6822236929273823232
6822293293424443392
6822349724222226432
6823782423233298432
6823823766833332224
6824233663224348672
6826338234434322432
6832233223432372224
6832294836226228224
6832322493222223872
6832832829324263424
6834372324322443264
6836334932632338432
6843629862342623232
6862632322223333376
6863327323836383232
6864222382228242432
6867362232322228224
6872266643296223232
6872372264382234624
6872742248237236224
6886722423223222272
6922224442722484224
6922372322722332672
6922463243964383232
6922662733972242432
6927824664232722432
6929237874323423232
6932448322384822272
6933227384242962432
6934373242464632832
6934423324248244224
6934444232442642432
6938348466242322432
6942268433932222464
6942322422433972224
6943892822223224832
6949339322432274432
6962236342733242368
6964278426423263232
6974433922236383232
6983296343232233472
6988333322424287232
6996343236448223232
7222234624422838272
7222273983328223232
7222346322337972224
7222382442244472832
7222443624723382272
7222672869733343232
7222694328322228224
7222723263223824384
7222823477242232832
7223233223223263232
7223233726624333824
7223249322832822272
7223283222462332928
7223342229328232448
7223346634442932224
7223363477623222272
7223424632262623232
7224343224423284736
7224633283936223232
7224728823344922624
7224738422272229376
7224744234223337472
7226223274423222272
7226479369284747264
7226494224823222272
7226739272473362432
7227228232838283264
7227423863232233472
7228234272627228672
7228682426942226432
7228926763324342272
7228972663243333632
7229223263294226432
7229274222227226624
7229626222432223232
7232229222332792832
7232246637263327232
7232322222264287232
7232324468223246336
7232387676424372224
7232773246327222272
7232929243283423232
7233232243322437632
7233433226764222464
7234392623423422464
7234832222233362432
7236632622743322624
7236822324432863232
7237337432232886272
7237427233432338432
7238824334242873344
7239222824334262272
7239494333672423424
7239732226232389632
7242334637222264832
7242982336232423424
7243243384426463232
7243434324232372224
7243623372222332928
7243773642332946432
7243936227334324224
7244228224742326272
7244248344724242432
7244282748922232832
7244328232223244288
7246243223392223232
7246282247384334336
7246333423232483328
7249622293672722432
7249734223282962432
7249934337624244224
7262283332243423232
7262383732372242432
7262422463236276224
7262889732244242432
7263232663222222848
7263922236322332672
7264226233632227328
7264927943622623232
7266922924322783232
7267332323332472832
7268662429272244224
7269363342733492224
7272227976342239232
7272299822642233344
7272322242422243328
7272346922622222336
7272433323242422272
7272828222742462464
7273727223272423424
7273743293232267264
7274462444343263232
7277883247333343232
7278224224322322432
7279222387236323328
7283674324422623232
7284482872323342336
7284493678432223232
7284982623422644224
7286492223322324992
7287323232447627264
7288322243479732224
7292228263232274432
7292282922728423424
7292332432222322688
7292822232462262272
7293836822368223232
7296282343264223232
7296383282327322624
7296883322374324224
7297222928224223232
7322223762263273472
7322244222242783232
7322277383862239232
7322322423222632448
7322322878493622272
7322392264463732736
7322424322323382272
7322672283232223232
7322724823224287232
7322832227442622464
7322984682432233472
7323273623234322432
7323622322743222272
7323664629293236224
7323772672923743232
7323826433232863232
7324272496244293632
7326824224222347264
7327277423426322432
7327366383422324736
7327423447332323328
7327464423226343424
7328387643232223232
7329449283232333824
7332248722327732224
7332322423648223232
7332424342926262272
7332427273222324224
7332622922232889344
7332723232344244224
7333233637463322624
7333892372482228224
7333942424477663232
7334234663472267264
7334846326624223232
7337862243322232832
7338229292337334272
7342398772372242432
7342443222327263232
7342478229227323392
7342833322623762432
7342924973222264832
7343234742274228224
7343396262722322432
7343426342629343232
7343666932222623744
7343992833624244224
7344243224642322432
7346672422222823424
7348244436832223232
7349622272233242624
7362222624262324224
7362239262332387328
7362442233432244224
7363722222347323392
7369772327233247232
7372222334272438272
7372782467433234432
7374334223263924224
7376822326322233344
7379226264239327232
7379322474323423232
7379423293273823232
7379726432237236224
7384242698242228224
7389422828343263232
7392624224382222336
7422233324234932224
7422273322422239232
7422333797332242432
7422622279442399232
7422828222326243328
7422932722922422272
7423264623723282432
7423334323326222336
7423622226823348224
7423623334233243648
7423769228742623232
7423772932222746624
7423822223222243328
7424232222283333632
7424238332323233792
7424363822242332672
7426494224268263424
7426924326932447232
7428396262633242624
7432243899232223232
7432327264322322432
7432394242332229632
7432446442242834432
7432743922223284224
7433466283446239232
7433939322434322432
7434233236422623232
7436726242822324224
7437639372223463424
7437743282243764224
7442246882329362432
7442263723342823424
7442284324243636224
7442824492348342272
7443266379232223232
7443268722682232832
7443397322244882432
7444223922242322432
7444232944723427328
7444338346423222272
7446867244337332224
7462294222222393344
7463393364222738432
7463444342422634496
7463983334224822272
7469493433922322432
7473334427232436224
7474643232894222336
7474737243232272384
7476422289232232448
7479846243223732224
7482484722323423232
7482662264632246272
7492272262972342272
7493362369222367232
7494223222624223232
7622324362336223232
7622366482232377344
7622422933382627328
7622722428342239232
7624634282233823232
7624982223422226432
7626427664224223232
7627222226272223232
7627223242336223232
7627243288222236672
7627693233233332224
7628622362464223232
7629224872224227328
7632349346342633472
7632442232326324224
7633232282223378432
7636374442423222272
7642278262624223232
7642342232322932736
7642443493442322432
7643224262232244224
7643232224346636288
7643329783323623424
7644224342326247424
7647362744422367232
7662338934633234432
7662382222443282432
7662382322772344832
7662923322326286336
7663242644482424832
7663274482238226432
7663743422728372224
7672249342223327232
7673627393248223232
7682392469344223232
7682832228346232832
7686433222332383232
7692633323242463232
7722334242622734336
7723829383432372224
7724238322238226432
7724849326228242432
7726222482393268224
7726332268222267392
7733249824222347264
7736473228444434432
7742472333664223232
7744483932424372224
7762373332332724224
7762446282346463232
7772322424426463232
7782232234933223424
7786729322622222336
7787639223443423232
7822243722232332288
7822487373664223232
7823223337334243328
7823224792272863232
7826843462233227264
7832243944682422272
7832332728322228224
7834342222234386432
7838364422372327424
7842373778272223232
7846422822342623232
7847323242234642432
7863222323762233344
7867223283234373632
7872334823223263232
7876242849222623232
7882924824232722432
7883322222372323328
7888429389686243328
7922224233322463232
7922232228294623232
7922232343422222336
7922347782292242432
7923244262224822272
7923474322264424448
7928242644222738432
7933429892243423232
7937427378323423232
7937436332692242432
7939232323238264832
7942423836362932224
7943428332942262272
7947323448263442432
7948392362622222336
7964292662423322624
7964432262287327232
7966232792723423232
7983433424226484224
7992432222433247232
7992443622322962432
8222232423822262272
8222233263224389632
8222234232222646272
8222244268224282624
8222283343224373248
8222292723322847232
8222329343494324224
8222394322328223744
8222629222284263424
8222962322272223232
8223239272288223232
8223274462372429824
8223473373433823232
8223474272382222336
8223832372222623744
8223834224222797824
8223843842223243264
8224224396663324672
8224264643332276224
8224292727443423232
8224322328232722432
8224662272823263232
8224832832229343232
8226386499424223232
8226473463222239232
8226732623223324672
8227276622263222272
8227736742342426624
8228248227334324224
8228298492343222272
8229964222323228672
8232232232263237632
8232233282234744832
8232333232276242432
8232342247622836224
8232344433299423232
8232672294342623232
8232836224864223232
8233234877223272448
8233733227336372224
8234324972849332224
8236793347326222336
8239223496322842624
8239282322333663232
8242333324224233472
8242626849222426624
8242732443936227328
8243224823429332992
8243247228342239232
8243268822723723264
8243478327642292224
8244322824433434624
8244332796823732224
8244388323322232832
8246822629722292224
8247392223226232832
8247742264636342272
8247842924264423424
8248963634332434432
8262762227432423424
8263292433232822272
8263676322324283392
8266234742622388224
8266293282942222336
8266392332343263232
8267273632227262464
8267623333229223936
8268244322743222272
8268283227232272384
8268664822334226432
8272227293623222272
8272228726322233344
8272337276422324224
8272338932223442944
8272839293323444224
8273229377232863232
8273244242822823936
8273262473282322432
8273473476448223232
8282292623222243328
8282323843333226496
8283446343229243392
8283634262429663232
8283644733343924224
8284822386323226624
8289942276222222336
8292222482434228224
8292642864362422272
8293234227266322432
8293276323334324224
8294782222429323264
8296239283343327232
8296636262224232448
8299772233323282432
8322234794233823232
8322332372273332224
8322332422437863424
8322479346323423232
8322673228223348736
8322726422246326272
8322792223842238464
8322833838426292224
8323949432242962432
8324233624727322624
8324238674623463424
8324394463298322432
8326944792232722432
8328433883343224832
8329426222237876224
8332272286626742272
8332279246342324224
8332334427326644224
8332373422223327232
8332762222422392832
8332933774333722624
8333223222424633344
8333432324243324928
8334423832222236672
8336392232242249728
8337327646242373632
8338242423223222272
8342273626222362624
8343328222262329344
8344242332389343232
8346472222242373632
8347422468222222336
8348262422368223232
8348348342266232832
8349472228423237632
8362232793423839232
8362232948862222336
8362293743329247232
8362323833233342464
8362692423432732672
8362832322277343232
8364339398232244224
8364448232226422784
8366294222424244224
8368422272234422272
8372343397374222336
8372743822734262272
8373262427262222336
8376227723266228224
8379322822224248832
8379888396322996224
8383222226724323328
8383663343226322944
8384228274242322432
8386423622763282432
8392763424242663424
8393336836222943232
8422322783832244224
8422434232822923264
8422443436342247424
8423232884264927232
8423433293239222272
8423633442472722432
8424224329222324224
8424692234242228224
8424922392232722432
8429322323264274432
8432242722223423488
8432634386272223232
8432922832326623232
8432979267424223232
8433394823234322432
8433426793233383424
8433637484264423424
8434342424922292224
8434686832234463232
8434726247223263232
8434792263746322432
8436948343323623424
8438276343384244224
8438743222223634432
8442238224222388224
8442423292232466432
8442424273227743232
8443726232322834432
8444687223223222272
8447322962323832832
8447472942232633344
8448933248234422272
8462232422839222272
8462234326224863232
8476834228372242432
8479333422232436736
8482224337242292224
8482972227232333824
8483328232966324224
8488377433322422272
8492732297282322432
8623249973242232832
8624224222442422272
8624243632276242432
8624423229324263424
8626422244423237632
8629727234232287232
8632863428324622336
8633223422473273344
8636668343232233472
8637472272233742336
8639233424838623232
8639842334722228224
8642272363473272832
8643374274444263424
8643672363236327424
8646223723266834432
8662272736322322432
8662332467229622272
8673322239328223232
8688222672736223232
8693238632237236224
8722323324343222272
8722324922362232832
8722344394226663424
8722432832437223424
8723224234423222272
8723292222443323392
8723342262622224384
8723778422932242432
8724682623223332864
8727483723842322432
8728643242423222272
8729222379232223232
8734229366932242432
8736223262722228224
8736622263228432384
8737634242349236224
8742223423422332928
8772223223776223232
8774433263932342272
8774742242329362432
8776332332222644224
8782663382332342272
8822263474324242432
8823462262443343872
8823682633222324224
8826348222466228224
8826636647223263232
8827447826272223232
8832924229432246272
8833228266622943232
8834243442323226624
8834926622722228224
8842492272332242944
8843627222332342272
8843643262624333824
8862222446833434624
8864236482626322432
8897232322462482432
8898332233222324224
8922444439222222848
8934242973822222336
8939738226323423232
8943342243224223744
8948433262432223232
8964622362234322944
8966262222222262272
8982437648224223232
8984444229472223232
8984634742322233344
8989336234423222272
9222222444622774272
9222227232424722432
9222237232482484224
9222244223337234432
9222249242242842624
9222333842272223232
9222338224932323328
9222342643639222272
9222626226242322432
9222737689322422272
9222882444372344832
9223222222342324224
9223232943422324736
9223422482272223232
9223429222434373632
9223439832232722432
9223442388832223232
9223627494232424448
9223762724232763392
9224227743244222464
9224229263362228224
9224272249922322432
9224294469226463232
9224333797334326272
9224833924262264832
9224993663322292224
9226363644343222272
9226647323262222336
9227372242374623232
9227622822234292224
9227842342222823424
9227943634444222464
9228434476322783232
9229232872427323392
9229322836422623232
9232222432322322432
9232244472467423232
9232332244344373248
9232382424928223232
9232624289632223232
9232684423432372224
9232934922276323328
9233283362727223296
9233423322333622272
9233426474233823232
9233436843242422272
9233949424422223872
9234227382327263232
9234329223223222272
9234643927274422272
9234824442333364224
9236242872322228224
9237222434342633472
9237228222326243328
9238392762822623232
9242382724222943232
9242423732222263296
9242426327233462272
9242938282933223424
9243492873324724224
9243722744262623232
9243963642224443392
9246662822222364672
9247227844734222336
9247442278262243328
9248723242274783232
9248974343622623232
9262336364296372224
9263484434272223232
9264242294927327232
9266239333392233472
9266296242242322432
9267327622782222336
9272237482423222272
9272374663223476224
9274224348267282432
9274323223422222336
9274768243262226432
9282422443748622336
9282422723332276224
9282432294342623232
9282762422822633472
9282823663682322432
9283237328432922624
9283363642722484224
9283424642792423424
9284323783823327232
9284422232432443392
9292224342322446336
9293279422432223232
9294292333672722432
9322222382333263872
9322223722227892224
9322224262428229632
9322249674346463232
9322262372243423232
9322324823322427392
9322338922422239232
9322343239223476224
9322388343443423232
9322446628322279424
9322839824224223232
9322866634442932224
9324324743222329344
9324344663844323328
9324624248262623232
9326346862432223232
9327263627266228224
9327333343423463424
9327432222229266432
9327463334334222336
9328223329427423232
9329262224327442432
9332276493622247424
9332282222268383232
9332424922443743232
9332493249222623232
9332682642722783232
9333287223646224384
9333323364682727424
9334226422727442432
9334332428742623232
9336328243392282624
9336928443232223232
9339223233292222464
9339324333222223872
9342222682443743232
9342262632222277632
9342288334342324224
9342322742373433344
9342448223832244224
9342488242324242432
9343232427236327424
9346392724227342336
9346683272426422272
9349242936263442432
9369277436222226432
9372328432224436224
9372422342233423872
9372623642464223232
9383642428222734336
9392232237222223872
9393224823362322432
9393667746324922368
9422234329434292224
9422632432932323328
9423623222483484672
9423623334726623232
9424447333428363264
9426233222844383232
9426247224322424832
9427222234636222464
9429228722243764224
9432446422424223744
9433323342383284224
9433333247226642432
9437472636224274432
9438423289922322432
9442232332224233472
9443223288727732224
9443324278624223232
9444433639426228224
9448643332222746624
9449338423433232384
9464464622242234368
9472222322332729344
9472348222263263232
9472374462326243328
9474239282622234624
9483936422462226432
9484274436233232384
9487846263223222272
9488243232262324224
9492743222423322624
9493444432273342464
9496224743224246272
9624322367322292224
9624492327262224384
9624723244632244224
9626924223328223232
9632262733634322432
9638832723342262272
9642742344239284224
9643794286432223232
9646222329432244224
9672449322366222336
9677869346882322432
9682348322882322432
9686332263822262272
9693226442422222848
9694226436233232384
9694826423232233472
9722322336439222272
9722364483424223232
9722942226323472384
9724292732422324224
9726322223362332672
9728446932832223232
9733683376233234432
9736622472222277632
9737763234229223424
9739243644224274432
9739392492922896384
9739632764222226432
9742482823742226432
9746434324442382336
9762244643622223872
9768628722323423232
9777724222432223232
9778433262373343232
9832444422292242432
9837232238282932224
9837622247224246272
9842392448234422272
9847232429222264832
9863282822662324224
9872467224724242432
9872733436223422464
9894422263346233344
9922672342223327232
9923433322673332224
9923448233632333824
9932229247322382336
9932372627742222336
9932424432622239744
9932438762622222336
9933262622493622272
9934622963432423424
9963327382334226432
9969343233232223232
9977723222323433472

