22222266236928
22222342324224
22223496462336
22228927967232
22232677243392
22233843892224
22234342883328
22238438326272
22239298289664
22239734243328
22242234728448
22242284273664
22242323423232
22242637283328
22247384334336
22248463269888
22249822224384
22269947922432
22272299384832
22272382992384
22273224293376
22282223222784
22283962638336
22294246367232
22324883226624
22332496822272
22332932278272
22333343348736
22337736228864
22342483279872
22344333262848
22367239679232
22369233383424
22376892432384
22392223967232
22393242934272
22397724647424
22422372327936
22422792978432
22423294623744
22424628363264
22426276626432
22428896329728
22442942398464
22443242422272
22463432884224
22463778742272
22472722363392
22474428383232
22482293686272
22484337426432
22484634697728
22498822324224
22627997263872
22632264732672
22637363922432
22638822948864
22642244222976
22663443382272
22682394427392
22682724728832
22696234463232
22722222974976
22722823323648
22727742234624
22728322842624
22733269622784
22737293236224
22742422327296
22769847926784
22782492278784
22782946443264
22794233462784
22797728722944
22827722932224
22842722746368
22862329823232
22863927324672
22872462262272
22887337439232
22924662239232
22982266847232
23224322322432
23224772293632
23227322323968
23233377339648
23233786232832
23234383429632
23247432843264
23249723922432
23276286738432
23282247647232
23284249362432
23296422223872
23328374243328
23332392382464
23332774477824
23334792973632
23343743227392
23426632276992
23434792722432
23437292239872
23443473973248
23478338322432
23486364647424
23493268242432
23633643269376
23638864822272
23646337247232
23697926372736
23724924862464
23726443732992
23762473362432
23772627228672
23777333298432
23828226637824
23838373343232
23843238838272
23872269238272
23922336227328
23926223978496
23942824722432
23948296372224
23973347284992
24222727323648
24222843666432
24224622772224
24229224382464
24232299282432
24233244622848
24236443828224
24243742236672
24262242729984
24268294324224
24276623228928
24279242932224
24283646263296
24323276242944
24326262226944
24332239233792
24332844662784
24333476364288
24339328892928
24344438243328
24364243943424
24373984223232
24374462644224
24374834233344
24378624442368
24379732242432
24392646623232
24422769229824
24423793422336
24423963623424
24426392223744
24427228299264
24429374226432
24438276882432
24439377739392
24474234322944
24643422388224
24643437428736
24732273936384
24734343223296
24799839289344
24836239927296
24883363233792
24963232333824
24963339829248
26226323472384
26228632633344
26243323674624
26246422462464
26268322332672
26273422393344
26284876627968
26292366222336
26326632628224
26327349264384
26328426872832
26332334364672
26332684222464
26342398623744
26362464436224
26367722422272
26422369247232
26423862239232
26428394962944
26432344424448
26447723237376
26462793498624
26637324263424
26639372648448
26686242422784
26743343284224
26843343224832
26873233422336
26884423286784
26922336436224
26962432229376
27227328823296
27232428883968
27232484622336
27232766797824
27232986267648
27236237672448
27264232267776
27292389433344
27292828372992
27292932882432
27323777682432
27324322292736
27332646469632
27336722337792
27362782347264
27376438247424
27393624244224
27397442322432
27422292344832
27433644392448
27462332233728
27472224632832
27622642747392
27632293323264
27642663272448
27726939684864
27732743442432
27783343429632
27832332229632
27978232633344
27993424822272
28232974393344
28247684677632
28272277942272
28272423223296
28282637279232
28334822326272
28372863762432
28426233249792
28473722339328
28624847634432
28633632233472
28663332323328
28663344267264
28673748762624
28739622223872
28838826344448
28844828393472
28946272223232
29222634373632
29243982292992
29246736863232
29328823222272
29343222964224
29383296362496
29423432466432
29423462326272
29437393434624
29438266834944
29462632464384
29468222226432
29669247627264
29722442932224
29732893876224
29798734823424
29824294846464
29939464249344
29942377823232
29983674728448
32223437438976
32228927668224
32232296293632
32237288423424
32237323477632
32248322629632
32262393332736
32266283323392
32272264249344
32284342222848
32294423734272
32322242322432
32322637799424
32328792244224
32332443397632
32336464398336
32337342277632
32367327342336
32368422223872
32374322942976
32378362232832
32387224633344
32389634322432
32424286224384
32424346386432
32427227363328
32433323747328
32434244923392
32447338463232
32463443367936
32476266676224
32622496284672
32623436869632
32626237722624
32633736274944
32663263924224
32679276263424
32693228273664
32722328927232
32723243384832
32723326992384
32727673423872
32734223843328
32748223463424
32793278644224
32832622964736
32888439963648
32894722473984
32926493343744
32929773633792
32932262264832
32942248722432
32979683423232
33222278283264
33222344638464
33222432724992
33222643236864
33223664443392
33228372344832
33233332732992
33236832632832
33243627239424
33266796982272
33268364623872
33292427922432
33324266723328
33332422938624
33336423783936
33342239734272
33343862243328
33362274484224
33366342223872
33373422738432
33393292222464
33394622478336
33397929222336
33444332393472
33472822247424
33483226742784
33623332429824
33626422923264
33639268626432
33642293428224
33649346322432
33674279288832
33686223224832
33732292478976
33732347346432
33743473247232
33778324242432
33778893238272
33822682693632
33829337332224
33846833332224
33924422633472
34226367823872
34226977462272
34232683677696
34234734772224
34242462277632
34242643427328
34247783743488
34262249398272
34282942267392
34294647324672
34298349944832
34322629727232
34333243967232
34366223227392
34396627636224
34398822334464
34449227237376
34462332223488
34678222774272
34872226873344
34922623647744
36222422482944
36228322787328
36238443282432
36246883663872
36247224287232
36324638687232
36332832227328
36372262477824
36378628263936
36442399924224
36632344338432
36663249272832
36722733433344
36847392293376
36923296239936
36924627382272
36944672292864
36962229878784
36983236276224
37222342262784
37237463327232
37239783763392
37262966243328
37269487632384
37293222887424
37323226386432
37372272666624
37497736249344
37622427623424
37627936722432
37636942823424
37642633362432
37699648487424
37723762734336
37828924342272
38222474379264
38232682463232
38243442622464
38332432244736
38343426637824
38344429928448
38392333323264
38434236383232
38767734964224
38783223263232
38823473332224
38884423237632
38929682792448
39224427282432
39233632822272
39234444263424
39324432863232
39334698676224
39362722229376
39423372323328
39442677829632
39643273248768
39686289334272
39697223634432
39773638324224
39792669493248
39842426437632
39843322232832
39894346727424
39962292233472
42222343274496
42233964724224
42238723387392
42242272837632
42242867724288
42243232223232
42248233746432
42262267428864
42272333623296
42272774627328
42328636342272
42332342943744
42332448227328
42339222277632
42339867623424
42343232827392
42362472628224
42393424232448
42422694838272
42424227643392
42429383442432
42462826463232
42632243232768
42642383634432
42642767333376
42722938847232
42724462362624
42742382247936
42743422697472
42747324383232
42763883323392
42926792638464
42933272223744
42978336694272
43222428942336
43232294633472
43232336437248
43237737833472
43244626747392
43247343992832
43264762232832
43279229822976
43323672462336
43333239974976
43372394763264
43374322962432
43378327222272
43423372726272
43426447884288
43428294623232
43433297639424
43439223324672
43444883423232
43462224248832
43492722868224
43492836667392
43627423924224
43644479864832
43772622372864
43922837274624
43933277332224
44223624732672
44232822226944
44233423847424
44273292263424
44323422732288
44333782327296
44339927482368
44362322362368
44368222224384
44369233422336
44439468244992
44444436922368
44486847627264
44632442437632
44733468229632
44762626363392
44792244338688
44839733428224
44844762267648
44932663222272
44942737932288
46223472379392
46228386742272
46229334239232
46236982837248
46239244222464
46278284967936
46294839263232
46339234873344
46382292762624
46387392823296
46432279627776
46622246436864
46762874339328
46837347766272
46928323233792
46929922228224
46994634473472
47238489833472
47239343327232
47239727399424
47268836278272
47343222226944
47364384227328
47423227428864
47462223642624
47464267382784
47472764387328
47827644383232
47976322996224
48243224346624
48262334644224
48263343243264
48333382483968
48333832372224
48342332473344
48343224287232
48628827684864
48683674238976
48923962343424
49223472463872
49226293223424
49229464338432
49233226678272
49238223224832
49334944223232
49362328682496
49372224233472
49722327373824
49772299433472
49778487263232
49983437242368
49996336693248
62226332946432
62234368229376
62242227339264
62243272433664
62243397844992
62266939342848
62268229287936
62269734223872
62322722832384
62324328628224
62326227382272
62329722642432
62332323434496
62333247223296
62337742774272
62342974439424
62363322427392
62372963423232
62373268242432
62383273279488
62392422334464
62423237689344
62427232272384
62437994422272
62439227633664
62439823337472
62444298829824
62462347444224
62476384223232
62673224269824
62722492342272
62732322422784
62734362292224
62782773387264
62843226292224
62846626332672
62972427829248
63223342926336
63226264338432
63227226488832
63229742263296
63236279328768
63263347273728
63272833247232
63274223222784
63276222836736
63322227892224
63322366367232
63326324662272
63338238738432
63377233823232
63384233342976
63423223824384
63426922463232
63432297234432
63434387423232
63467663228928
63678242783232
63682492833792
63863622623232
64222639423488
64232226422784
64232672329728
64262337334272
64278823698432
64323446243328
64327922233344
64363924242432
64367322292224
64372222623744
64378237722624
64622822326272
64637472227328
64723376374272
64774372626432
64822737272832
64922434633728
64926782226432
64927733262336
66224222797824
66226282463232
66326874292224
66363336329472
66374823223296
66394763624448
66427847442432
66437222326272
66463436777472
66477832372224
66622287642624
66726434783232
66734628323328
67278328233984
67327233426432
67344242337792
67383929797632
67434627326976
67632723228672
67633242292224
67643672334336
67742628839424
67822223228928
67833294262272
67838498832384
67967239439232
67972383263232
68223372263424
68226437873664
68236247826432
68444932276224
69232236724224
69262936372224
69363273272832
69479882293248
72222349344768
72223282962432
72223436242944
72223733223936
72233664233472
72236862222336
72237492762624
72238262648832
72242329227264
72262926876672
72277948366848
72322894393344
72324378427392
72332683444224
72344862277632
72366443476992
72374222462976
72622247749632
72664922437632
72726642229248
72744373223424
72823233337344
72868273422336
72944746463232
73224497332224
73224962399232
73264733466624
73276237343232
73279437944832
73292386664448
73324246367232
73339737278976
73344223346688
73344334823424
73423232483328
73424226484224
73428388282368
73823336423424
73829429323776
73978449334272
74323647933696
74324438286336
74327442932736
74347727634432
74362823442432
74372243226624
74433629749248
74462892392448
74628323868672
74636333646336
74687629492224
74732368822272
74928233447424
74939288223744
74964746723328
76277932222464
76283223883776
76322324348928
76324874379264
76344322424832
76622496362496
76628327989248
76633344442368
76823226482688
76832234422272
76846432223232
77332423762944
77342336483328
77363332429824
77372327263392
77422223499264
77428433682432
77624233279488
77634773927424
77739284238336
78233828327424
78293372387328
78324892434432
78422843326464
78472264679424
79243922322432
79248233336832
79346242289664
79428842422272
79437322266624
79623422226432
79662278836224
79823223373824
79826344722432
82227637223424
82266727237632
82277824462848
82344297627648
82372292222976
82374633234432
82376827932672
82423334633472
82492388278272
82622989467648
82624933343232
82732222734336
82768633823232
82773873229824
82827326324736
82866242322432
82922973364224
83223733243392
83226772242432
83232268222464
83232739344384
83233374239232
83283724468224
83294334222336
83383279967232
83434242834432
83434938236928
83642927284224
83744222478336
83747343826944
83824824287232
83934624743424
83964326326272
84228233232384
84262366347264
84332692242432
84343346233344
84369288462336
84383826444288
84423264436224
84427426234368
84642326839296
84763342798848
84842268327936
86233662222336
86264934432768
86323348242432
86333444849664
86382282276864
86392686772224
86476294324224
86862449737728
87242387226624
87637336722432
87727273627392
87824246243328
87826426232832
87892397236224
87922342674432
88272432267264
88442223722496
88733698228224
89276373946368
89332244692992
89379744233472
89383448346624
89683862224896
89942233448448
92228633247744
92229873426432
92239243444224
92272722296832
92282374324224
92292422326272
92293222943232
92328822964224
92329327222272
92342367387648
92363232697344
92383932284928
92388277223424
92422463422464
92462276293632
92464983834624
92492932644864
92633384374272
92677346923392
92743222247424
92938447429632
92968922382336
92987232436224
93226266427392
93282283487232
93333272663232
93372292242432
93442332229632
93474246426624
93638242639872
93742487322624
93793333342464
93823224348672
94223223779328
94238228348928
94243324428288
94264672223232
94329432244224
94363786363392
94432633823232
94463323766784
94647223222272
94783782223872
94922329227264
96222432632832
96224934887424
96233763322368
96237737293824
96322436969472
96329444327424
97223293972224
97232228222976
97326472223232
97342642446336
97422392293632
97428883636224
97623689232384
97783243794432
98229237829632
98332796233728
98333224722432
98467623862272
98493777349632
99329722232832
99636823222272

