
346496
282432
934976
262464
748224
383872
986624
434432
463424
732224
247296
343424
483328
249664
743232
496832
328832
292224
692224
727232
934464
832384
222272
336448
222336
482432
774784
689728
263232
993472
363264
862336
334336
922432
434432
672448
929728
224768
263232
442432
244224
423232
272832
262272
879232
422784
622272
466432
723328
274432
228224
263424
222272
343232
823424
327488
383232
462976
733248
622336
699392
268288
378432
729728
342336
633344
246272
793472
734272
684288
822336
636288
463232
943232
268672
263424
246272
263232
644928
243328
783232
642432
324224
287232
222464
223232
634432
487424
334336
423232
422272
492224
363392
228992
222272
927296
396288
666432
433472
423424
732224
847232
222272
324736
623424
972928
372224
673728
274368
239872
423232
736448
372288
248832
922432
633472
436288
948224
382848
292672
322432
242432
999424
963392
622336
687296
342272
342976
722432
222976
627392
422272
237248
337728
322432
424832
277824
336384
429824
687232
324224
232832
283264
463424
923968
484224
487872
836992
244224
423232
682432
223232
323264
332224
323328
299392
879232
826432
223232
332928
236288
379392
226624
334464
423424
324224
432384
422976
927232
834432
222272
233728
228224
322432
333824
338624
279232
696832
223744
636992
982272
733696
223872
439424
692288
383424
332224
322432
842624
244224
247424
623232
942272
372224
266624
327232
727296
344448
727232
372224
473472
232832
482496
243328
234432
834368
333888
246336
337472
663232
333824
242624
226432
476672
239936
243968
844224
339328
349824
627264
272384
222784
226944
324224
272448
474432
622976
328832
677632
392832
363264
283648
622336
432448
244224
674624
393728
222336
947328
222272
627328
927232
344832
337344
444288
343424
228288
962432
392832
336832
234432
468224
962944
322944
327424
242624
663232
326272
642432
828672
273472
692864
824832
622336
344384
263232
932224
872832
927232
243328
364672
496832
467776
333824
722624
863872
226944
923264
223232
239232
244224
723328
222272
482432
726272
324928
282624
923264
223424
396672
293824
683392
729344
876928
999936
233472
779328
266624
624768
842432
722944
228864
343424
332928
236224
422272
679232
267328
827392
473344
242432
939392
724672
424384
342336
323328
732224
634432
292224
334272
364224
263424
823296
362624
738624
826432
483392
386944
763392
962432
243776
986624
223232
663232
622336
738432
943232
383232
646976
332224
437632
334272
322432
867392
238272
994624
429824
623872
864448
233472
747392
284224
332672
322624
222784
678272
223232
927232
639296
822272
976384
236288
662272
926272
374272
623232
374272
462272
243776
292864
623232
732672
829248
348224
239232
924992
326272
424832
369792
674432
479232
762624
643392
276224
982272
844288
392832
324992
726272
632832
423232
737344
223232
223872
397632
277824
892224
364224
222272
246272
222336
242624
624768
472832
322432
924224
666432
748224
796224
323968
243392
429248
644224
428928
342272
639232
948224
263872
343424
623232
334272
837824
422272
324224
442368
293824
247232
922368
677632
732224
283776
447232
374272
242432
623424
427264
422272
222272
782336
232832
322944
662272
332672
292992
246272
333632
448448
947392
438272
332736
384384
436224
724736
887232
437632
372224
294272
246784
242432
428672
332928
628224
327936
233344
776832
223232
729344
643328
292672
424832
282432
377344
332224
246272
283392
772224
949632
722432
332224
232768
932736
283264
783424
272768
493824
443776
282624
868224
476288
246784
289728
823232
282432
722432
678784
433344
226432
638848
337472
223232
233984
444224
788864
432896
622272
639232
424832
623232
629248
446336
493376
228864
343296
222272
332224
263872
423232
974784
462464
643328
222336
738432
242944
223232
364224
287424
249984
322432
247744
622336
277376
263424
937728
327232
479232
743424
429632
469824
382272
932224
927232
444288
222336
793344
323648
422272
624832
642432
273472
726336
776448
373824
294784
787648
284224
332224
993728
783424
722432
222272
824384
942272
622336
267392
787328
397632
728832
822272
924672
422336
422272
267264
979392
684928
692736
674432
222336
423232
478336
639232
724288
362688
242624
774272
263232
832384
932672
244224
249664
994944
293248
634624
378432
223424
446848
342464
229376
423744
464384
367232
263232
494272
236672
434944
374272
794368
472896
333632
432832
743744
222464
438272
223872
323328
727232
283648
228736
242432
842432
463232
943744
323264
222272
382272
229632
372992
244224
423488
429248
732224
743232
224768
276224
923392
239232
436224
293824
793472
922496
462272
332224
323776
442368
632448
823424
666944
223232
242432
324672
468928
242432
326336
223872
742272
399232
923648
234432
482368
247424
662848
333824
239232
972736
462272
226432
644224
647232
322432
429632
288832
323328
344832
642432
732736
462336
223744
336832
932992
442624
794624
236224
924672
247872
242432
233664
263424
937472
224384
734336
247424
783744
927232
338368
483328
224384
472832
244224
364224
698368
892992
264832
267392
232448
268672
822272
276224
422272
326272
883392
277824
644224
266944
299392
978432
394368
338432
833792
222336
233984
872384
633472
236224
322432
393728
647232
234432
642688
237888
974336
333632
832832
362432
223232
428928
262336
423232
677632
262272
294272
483328
392448
728832
264448
484224
462464
338432
868224
323648
732224
673792
427776
243328
322688
722432
398464
239232
962432
737472
932224
634432
249984
383232
233344
278464
964992
446272
623232
424448
922624
244992
333824
328832
783424
674624
222272
447232
392832
822784
227328
442432
228224
783232
223232
768384
427392
626432
223232
932224
642624
722432
296832
249472
262848
238272
244672
342272
262336
347328
633728
322496
324224
244864
722432
742272
322368
278464
977728
742272
428928
472832
297344
446976
342272
327744
723392
724224
327424
822272
969728
277632
738944
437632
839232
833792
234624
329792
628672
224832
363968
289472
344768
243264
447232
634432
347392
293632
224448
746496
423232
262464
292224
774336
324224
698624
484672
284224
348672
234432
942272
229632
836224
264832
629248
267648
332928
372736
223424
424384
246272
293632
834432
724224
492992
776448
929344
428864
282432
292224
332224
237824
372224
776384
324736
382336
379392
286336
732224
943424
484224
339392
663744
363392
274432
334976
729344
324672
242432
223872
237824
228672
234624
943232
742272
677248
346368
426432
267392
327424
726336
646784
367424
423424
363392
639424
898432
327424
282432
794432
472832
246272
483328
322496
844224
664832
328832
372224
226944
238976
333632
268928
323264
292224
943232
789824
263232
249664
482432
326272
874624
469632
233472
467328
433344
438272
932672
289792
229632
934976
732224
463232
473984
294464
464832
247424
293632
476928
433664
363264
283392
284224
234624
444672
222464
743232
332224
447232
222464
239232
647424
967232
889344
723264
222272
293248
327232
697472
384832
233344
833472
724672
227392
386432
337792
442624
268288
423232
223232
623232
229696
622784
286848
233728
786624
366848
932224
492864
433472
232448
248448
226432
629376
839232
728832
428224
427264
823296
287232
337472
973632
779392
262464
226944
622336
232448
333632
843392
863232
222784
842624
223232
762624
324224
872832
832832
933632
332224
242624
272448
822272
876224
628224
644224
476736
776448
833344
624832
233664
649472
269632
422976
263232
236224
343232
962624
343488
348224
626432
383232
373824
623424
684224
434432
326272
668672
248384
327232
342784
829824
884224
327424
392832
273344
724224
362432
924288
677632
428288
823232
462336
279232
273792
437824
727424
943232
343744
384832
943296
224768
292224
267392
489472
244864
232832
779264
329472
243392
642624
932224
237824
637824
724224
322432
234624
296832
244224
322432
633344
222336
339264
927232
698624
222272
344448
494464
324224
369472
663232
662272
623232
422272
243328
492928
223232
847232
973824
372736
323392
422272
284224
939392
443392
634432
446336
776832
722624
437632
644224
222272
332736
347328
382336
383232
233984
244224
722944
266496
223232
632768
244224
426624
436224
822272
226432
679232
263232
326272
282624
292736
262336
364672
449664
239232
376832
926336
322432
228224
332224
333248
224448
634496
222272
322624
224384
239424
433664
227328
226624
227392
663424
862336
743232
383232
323264
294272
772224
223232
227264
333824
623232
742464
984384
373632
223232
843328
222976
823744
962624
487424
267392
222272
334976
277248
424832
372224
324992
927232
748672
294272
633344
293248
666624
273664
249344
324736
333696
246272
226432
423296
647232
479744
442624
329664
223232
922624
224832
332672
482624
342336
726272
774272
723328
223872
286464
844672
236288
929472
237376
989248
823232
242432
323264
723328
822784
347392
922624
423424
224832
732224
382336
292224
373824
683264
463232
442944
846272
274432
974464
383424
297344
623424
492672
332224
482624
334336
437632
826432
223744
676864
799232
322624
383424
286272
722432
279424
642496
972224
346624
272448
224768
862336
742272
372224
292224
232832
844224
796736
426624
339328
343424
387264
326464
336384
464832
623232
422272
343232
228672
338432
834624
223232
928384
934336
823232
287232
229632
224384
343744
942272
647232
336832
442432
227328
323328
422784
239232
272768
884224
927296
322944
242432
322432
822336
239232
843328
247232
963392
223232
734784
982272
823936
964224
922624
476224
234944
423872
847232
447424
226432
324224
994624
643328
223232
436672
224832
244224
364928
682496
223232
674624
448832
247424
424832
638272
327232
264448
437248
349824
233984
627328
383424
433728
732224
282688
887424
233792
343424
272384
329344
726272
233664
222784
272832
934272
799424
277632
262272
724224
732672
227392
822272
222464
444224
347328
746368
969344
383872
327936
223232
439488
447232
222272
284672
276224
322944
487424
443328
623232
372224
242432
396224
444992
262272
233344
679232
724224
699392
222272
282368
787328
833344
842624
322432
233728
742272
276736
332864
222272
623936
223232
226432
263488
823424
236224
622464
223232
337472
327744
732224
332672
232384
226624
773632
223232
367232
244224
742336
342272
343424
922432
436864
432384
882624
263232
339968
263232
628224
978432
723328
346624
433664
223872
793728
433472
879232
223232
923776
244224
223872
222336
722944
932224
238336
846464
293888
932736
233728
322432
497728
637248
743232
729472
242432
382336
282496
622272
726784
224384
426624
223424
623872
833344
228992
322624
338432
484224
626944
442496
322432
443392
774272
372288
722432
922432
343872
934272
848768
983232
633344
333632
236864
264832
223232
292736
873984
233344
748224
934336
473344
823232
292224
293632
378944
623744
763392
249472
924736
383872
972224
437696
939264
422336
282624
279424
337344
222336
843968
663232
228864
272384
463872
382336
927424
242432
284288
462272
832832
263936
483392
492224
924672
472832
342272
223872
422272
742272
372928
332224
949632
934272
666624
343232
287232
743424
322944
262272
962624
276224
264384
943232
292928
626432
449344
436224
622272
222272
227328
496832
322688
922624
243328
627264
324224
639232
428672
383936
977344
463424
322432
372224
867328
622336
239424
233472
223232
244736
626624
347392
238336
333824
327424
378368
792832
934784
422784
687872
239232
847424
943232
632384
367232
432896
429824
324224
333632
263232
234432
723328
372224
733824
276224
924736
234432
628224
773248
382976
743232
924224
923264
923392
223296
332928
637824
323776
662784
623424
634624
268224
883264
623232
326272
422272
943232
626432
326336
223872
399232
674944
293376
428224
494272
893824
276224
239232
294336
622336
447232
367232
374272
424384
484736
236672
634496
262272
343232
332224
467264
964224
378432
336384
233472
292224
343296
964928
274432
424768
238464
838272
932224
822336
226624
223424
276224
863232
492672
487424
226944
942336
436224
322432
392832
262336
373632
244992
832832
674432
283648
443264
767232
629632
247232
284672
284736
746432
923392
428672
442368
776832
476224
232832
962432
246272
923264
363264
327232
733824
274368
423232
222976
338432
862848
433792
332672
887232
388224
826432
237248
682496
693248
297984
223232
994688
239872
486464
687232
223232
846272
329792
682368
862272
483264
239232
447232
633472
476224
263232
343232
234624
422848
232768
684224
747392
239232
249344
247232
227328
986944
924224
822784
324992
222272
622464
234496
842624
628672
772736
942272
447232
474368
372224
244224
932224
233984
299264
427776
237632
642432
446464
423424
482624
743232
463232
436224
234624
694336
222336
242944
333248
879424
766336
228736
442432
267328
823744
366464
646272
227328
439232
823424
442624
322432
744832
846336
229248
228928
227264
324224
372224
222272
223232
874496
244224
322432
343424
223744
647296
634432
282432
663232
297472
292224
662784
637824
362688
239296
223232
223488
873344
222336
726848
722432
934336
323328
622272
323328
239232
223232
446464
387328
428288
239744
322432
222336
723648
436736
292224
762496
833792
623744
239232
276224
782336
327232
242944
222784
244224
372224
834624
369728
472832
884224
329344
223232
227392
383232
224832
243328
246848
846784
423232
223232
367232
272768
777344
322432
922944
479744
323328
922432
722624
633472
347264
693376
332864
743424
223232
322624
692224
373696
432896
324736
822848
826432
644224
244224
377664
626432
732864
724224
492672
428736
462272
263232
982464
324224
623232
623232
444672
634432
724864
322432
676672
262464
328448
264832
372928
943744
624896
223232
663936
383232
436224
327232
332864
827264
837632
243264
222272
348288
343424
367488
364672
239232
839232
222272
278272
489792
966272
743424
323264
327232
479232
422272
836736
272448
443264
222464
332672
246272
223424
323264
973824
233344
422272
362432
326272
222464
743872
224832
733824
263296
226944
279872
927872
322432
262272
966272
846464
383232
222336
696832
223424
722432
923776
237632
433984
342272
474624
238784
492224
229696
322432
222336
726848
326848
234624
683264
623232
489792
676736
282624
722432
222272
333824
297472
926272
233344
886272
226624
383232
223232
793728
632448
427392
223232
327232
292672
222336
647232
322432
922368
468224
324224
277248
333696
633664
337472
292224
327424
423232
994624
364672
367232
322432
223424
483264
236224
364288
233472
234432
327232
226432
236224
399424
782336
322432
229632
223232
734272
226944
273344
328832
286336
222272
242432
327232
383232
233472
249472
433472
943232
223872
724928
729344
843392
438848
249728
386432
743296
228224
226368
226688
438272
239232
938432
222336
927424
223744
974272
242432
229632
782272
222336
287232
239232
383488
332672
383296
729728
223232
242432
433344
442432
242432
932224
924224
273344
923264
623232
623872
277632
282624
724992
234624
263424
828224
363328
473344
686272
286272
622464
722432
627392
247936
237376
862464
623232
286784
964992
727232
386432
348224
642432
228224
423744
332224
433344
347328
446464
922368
322432
233472
482432
382272
399424
222336
222336
392832
439296
242496
988224
332864
674432
372224
293248
426368
327744
334336
377728
443264
476736
493248
388864
427328
428288
623424
334336
223232
326272
927232
393472
399232
794624
342336
484224
283328
279232
226432
743232
343232
324224
933824
339232
332992
422272
373248
277824
332224
342272
233472
728768
337792
372672
422272
933632
923328
327232
922432
223232
743424
967232
268224
223744
479232
282624
232832
246272
324864
236224
823232
632832
272832
932224
463232
232768
282368
222336
834432
329344
829632
732224
334272
222464
832384
447424
232832
322624
222272
663744
343936
283776
284736
323328
427264
232384
838272
342784
626432
343936
374976
444224
223232
434624
443328
388224
647424
223232
247936
932224
372992
623232
244288
223488
222336
226496
423872
297472
479232
739328
232448
434432
343232
829632
733824
223872
429632
223744
233664
222272
322432
438464
262272
882624
836928
649472
742336
239936
297472
466432
234624
683392
447232
372224
424832
233472
694272
223232
383488
332928
639424
634368
728832
982272
326272
922624
327232
326272
322496
273472
844928
223232
732288
773376
732288
372992
226496
223872
693632
422336
847232
722432
644224
927232
222272
834432
626624
363392
338432
826432
722944
622976
982464
932736
223424
424384
833344
462272
632832
222272
692224
436224
223296
642432
233472
284224
234624
642496
823424
866432
323392
242432
332288
929472
926272
422272
642496
738688
774272
224384
722432
248832
423424
323328
923264
927936
447872
234496
297792
226944
263424
247232
239232
322432
476288
299264
374272
274432
442368
623936
694272
426432
944384
326336
232448
222336
227328
283392
233664
823424
448896
393664
638336
327232
223232
227328
276224
374784
628736
222272
863744
367232
822272
383232
222784
823232
428224
694272
327936
883328
327232
633728
622272
624448
367232
922944
733632
236224
387328
464768
223232
937728
228288
222784
783232
823232
622336
229248
274432
377472
878336
343424
422272
664384
222336
333824
943232
342272
342272
724224
223872
434432
884224
644224
322432
222272
247424
733632
223296
662336
922432
236928
223232
863232
242432
674432
228224
726272
626944
236224
423424
334464
322944
277248
226432
692224
287232
343232
724224
222272
447232
663488
239232
498496
279296
449472
239232
982272
292224
262848
244736
372224
272384
428672
832768
646336
224832
674624
486272
364224
234368
343232
622272
422336
223872
392832
293632
372736
934464
263296
786624
638272
828736
437632
272384
783232
466432
892224
263424
249472
962432
222848
622976
626624
346368
232448
332672
934272
923264
476224
724224
337344
268928
443776
476224
629248
426432
663296
247232
222272
238272
333632
749248
826368
279232
222464
233472
822272
223936
222272
748672
224832
349248
723328
996224
223232
423232
462464
627968
463872
723264
242432
622272
646272
229632
764672
382272
238336
332288
932224
223232
886848
847744
462784
243264
343232
224832
282432
332224
622336
342976
479232
292224
274432
272832
484224
877632
282624
442944
943232
332864
422272
267392
484224
323392
293632
232832
246272
327296
423936
268224
673344
448384
372224
923264
933632
734336
773632
223424
324224
294272
422976
386432
272448
228672
826944
273728
324224
724224
426432
324224
423424
472384
739328
722432
232832
364672
892992
846272
336832
423424
432448
739328
638272
284224
223232
248832
233792
623744
292224
327424
224384
622464
922432
446976
878464
922944
294272
643328
843264
322624
864832
368448
983424
736832
446336
462464
223232
382336
633664
922432
222272
437376
683328
332928
932864
836224
883264
423232
342272
246336
443264
323328
268224
437632
222272
327232
266432
327424
324224
772224
242368
232448
633728
967232
263296
373824
242432
342272
846272
423296
693632
447872
322944
893824
322432
288448
234432
937792
847424
923328
269632
228224
486336
923264
224448
364224
862272
427392
822272
364672
494464
374336
323328
222272
282624
343232
422784
228224
234432
222336
834432
429632
224832
823296
222272
242624
222464
222272
383232
242432
423424
292224
337664
923392
228224
223232
263424
322432
639232
436224
337472
724224
729344
486272
436224
443392
338432
723392
732736
424384
282432
247232
478272
837632
424832
262464
929664
887232
448832
423424
422272
433344
343488
289472
662848
244224
383232
923392
232384
237248
223232
843392
424832
472832
426496
243328
622848
229632
327296
772672
343424
267392
326336
442624
242368
344832
832896
863744
372224
647232
983232
222272
243264
674432
462464
334464
262272
982272
443392
234432
327232
223232
249472
873344
823296
272448
439232
433664
972672
348224
722944
482432
228224
282432
722624
226432
239232
282944
243328
822272
422272
346688
733696
793728
339328
332224
222272
774272
433792
298432
228224
322624
262272
264832
276224
322432
222336
324736
223424
884224
324224
362368
492224
823424
222272
233344
777344
762624
428736
248832
447232
634624
663232
236672
422272
832832
324224
223232
772224
228224
332672
434432
348224
288384
324224
964928
222272
284992
642432
292672
224384
347392
336896
222464
423232
227328
244736
667264
222784
333632
263424
339328
398336
622272
264832
244224
678464
328448
638336
243264
378624
296832
962432
423936
439744
223232
836224
424832
223232
262464
822272
263232
327424
833984
463744
982272
379264
342272
642624
322432
332224
722432
326272
647424
374272
622848
644224
444288
423424
422272
284672
322624
282432
292224
429248
824448
426432
372224
442496
274432
986624
884224
647232
238464
337344
473344
276224
963328
734272
292992
822272
326272
332224
424448
367232
337984
643328
833664
244224
432384
732736
223232
223232
228224
442368
724288
737664
226432
324224
278336
479232
822272
627968
962432
262784
442432
223744
244736
333632
224768
234432
642432
447232
843392
322432
236224
247424
263232
837824
327424
847232
493824
249728
322624
446336
282432
223232
263232
239232
923648
422272
223872
463424
237248
373632
738944
642432
742784
363264
493632
363328
227328
926272
246336
366464
223232
827648
244736
242688
324224
342464
323328
322624
368448
239232
942336
329472
222848
942336
422336
327744
233472
437248
682624
268224
922624
836224
667264
238272
362944
322432
638336
926272
223232
332992
326272
447232
742272
473728
432832
622336
446336
923392
827392
284224
283264
633984
622272
372224
243328
364224
396224
773632
286336
973632
342272
239232
463232
943232
223232
242432
292736
723264
772224
423232
374272
472448
327424
263424
939648
387328
773632
742272
222272
422272
744832
444224
292224
932992
732672
244224
372224
492224
282368
223744
222272
664832
223232
628224
723328
239232
866432
484224
323392
424832
388224
487232
228288
333824
442368
232832
324992
724992
426432
727232
484672
224768
622336
342272
384384
847424
234368
383488
343488
244864
722432
334272
233728
422272
343936
278272
932224
427392
294272
343232
628224
333248
363328
737792
773632
484736
647232
426368
792832
327232
748864
436224
293632
442496
929472
232832
262272
224384
233472
243328
988672
872832
767232
742336
283392
378496
332224
284224
438272
842432
629376
226432
249344
237632
832384
279232
623936
228224
322496
323264
244672
374272
428224
263232
632448
223232
239232
322432
673664
783232
644864
277824
486336
372224
244864
223232
232768
884288
222272
222848
229632
362624
322624
287744
442624
226432
432448
842688
839232
232832
662272
343424
693248
292992
423232
343232
674944
479296
239232
722432
743232
792832
747392
842624
662272
334336
927424
237696
239232
726272
279744
343232
263232
294272
972224
344448
436224
863232
234432
473344
742272
636224
222272
242432
222272
273728
422272
324224
772224
324224
222784
842624
439424
739328
423744
334464
692224
388224
343424
283392
322432
322432
284224
623232
272832
332224
828224
773248
262464
243776
844224
223232
327424
223232
622336
282432
823424
373632
422272
422976
232832
222848
338624
234432
228928
323648
476224
273344
926464
687232
429696
429376
442624
324992
386944
874624
234624
944384
333824
927232
294848
623232
324928
284224
724224
223424
373632
832384
393728
327232
347264
438464
379264
327424
242432
434432
438272
332288
466432
362432
232448
823872
328448
622272
926336
222336
322944
742272
348224
224896
237632
423424
393344
222336
423744
324736
443392
628736
939328
722432
263296
292224
932224
292224
343424
828224
372224
222464
227648
886272
829824
326272
322432
783424
234432
234432
422272
332992
228928
233344
323264
242944
327232
224448
622464
324224
782464
487424
722432
242432
474624
264832
474432
342336
372224
932992
247232
429248
447232
372224
324992
638784
422784
763264
924224
348224
783232
732288
762368
676992
473664
468992
223744
466432
694272
343424
373248
229248
283392
436224
343936
233344
443392
332672
222336
347264
422272
839296
642432
232832
232448
242432
663232
823296
264448
836224
766272
827968
282432
694848
843392
242496
286272
844224
367872
743424
623232
343424
226624
223232
742336
324224
322432
469248
279232
743232
222272
263232
627328
423424
272384
343424
627328
926336
863872
938432
623232
437632
263232
388224
222336
623232
222272
337472
732928
722496
662272
383232
943744
242432
437248
489344
262272
244224
433472
843264
342272
323328
228224
637632
467328
833344
292736
434624
926336
273792
232832
237248
922368
322624
423424
442624
284736
822272
783232
399232
322432
634368
322432
423232
232448
363392
772288
933248
388992
372992
246272
228224
999232
228992
332928
284736
423424
222464
722432
247296
234432
646336
244672
384832
322432
273984
622272
382464
232832
923264
326272
262336
926272
996224
242432
322432
484224
296832
399232
342336
247424
324736
364224
382336
882624
246336
232384
439744
292736
388224
223232
796224
223232
232832
432384
828224
943232
629632
329344
432384
222336
286784
822272
239872
373248
623232
343232
339328
324224
223232
332672
943744
823232
922432
274496
346624
373824
923264
422272
327232
463232
282432
733824
227392
383872
763392
267392
462336
226432
332672
327872
228224
373248
229632
334336
882432
272448
223872
633344
723392
329728
346496
323264
323328
373632
246272
232448
282624
887424
382272
797632
238464
683392
846464
443264
647424
286272
823232
848384
232384
469632
243264
324224
244224
432448
223232
822464
239232
427328
436928
969344
387264
623488
223232
943232
246272
273344
843328
623744
634432
269824
724736
344384
443776
322624
463232
636224
262784
727232
228928
934272
243328
242496
444992
492672
236224
277248
343424
223424
324864
236928
239232
422272
223232
322432
438784
247232
642432
292736
226432
383232
426432
493632
284736
723264
293824
482432
248384
924864
278464
262272
274432
432832
794432
322432
884224
932224
634432
823936
398464
762432
442624
222272
672896
623232
322432
232448
638272
278272
234624
222336
727232
623232
822272
664832
682432
372224
222336
296832
223232
393472
382336
932224
363328
696832
322432
282432
724224
393728
426624
437824
346432
343232
722368
844672
442624
422272
222464
232384
433472
222272
239232
472384
423232
982272
444736
446336
623232
642432
273472
282432
492672
392832
432384
322432
426944
286976
467328
623232
263232
236224
633344
274368
229632
243328
463232
728832
376832
737664
264384
272896
333376
369984
326272
226368
274624
937344
424832
248832
436224
322432
828224
236672
623232
766784
422272
243648
324224
437632
832832
276224
484224
663232
224896
666624
234624
736832
479232
223232
292992
423744
722432
222272
732224
284224
862272
324736
333824
332224
243264
724224
226432
827392
333696
423232
329344
343232
372288
322432
342848
742272
673664
666368
463424
228864
423232
223872
842624
428672
342272
223744
448384
272896
284672
238272
373376
627264
324224
292224
324224
626496
382464
639232
672384
333632
963264
633472
269824
223232
862272
324736
249344
463424
622272
243264
393344
342272
222336
423424
632832
293632
329792
233472
632448
423232
476672
268928
627264
423744
347392
623232
722432
324672
292224
964224
232448
633472
343424
662336
824832
227328
632832
824384
343296
242432
332224
623232
244224
422272
423424
334464
349632
228928
442432
228224
373824
638336
874624
722624
447296
294272
722432
223232
476224
463232
323648
444992
228224
766336
727424
679424
222976
244288
226432
474432
433728
363264
992768
374464
287232
227264
324224
373632
242432
244672
262272
342464
943232
287232
743424
342464
232832
423488
343424
732224
224832
233472
239936
236992
272384
332224
263424
488832
222272
242688
222464
483392
244864
423744
366336
273472
223232
222336
236672
726272
229632
382272
463232
327424
333248
234624
377664
474624
233472
823296
642624
766272
492224
248832
642432
324224
344448
743424
996224
222336
382336
273792
323392
468224
266432
248832
262272
867392
682432
347264
722432
223232
432832
722624
287424
463232
692224
724224
423232
467264
636224
723328
282432
244224
223232
824832
342272
732224
939264
362432
344384
978432
732672
623232
278272
472832
233344
342272
327232
323392
426432
232832
223936
223232
362496
322368
426496
223232
843392
362624
233472
263232
638336
442432
746624
743424
223232
622464
233344
636928
333824
933376
274496
732736
342272
263232
442624
423232
623232
266624
422336
423232
223232
334336
727424
847424
847232
642432
667648
229248
894464
222336
623744
623296
767232
332672
267392
823872
622336
293376
233344
324928
342272
326784
323328
734336
239232
232832
622272
274432
423424
827264
692736
838272
349632
443264
637632
284224
226432
222336
422272
493888
268672
239232
227392
422272
263488
223424
723264
922944
432896
226368
296896
282432
424832
768448
329344
444224
383232
937728
922624
283392
622336
883328
622272
346432
329664
326464
242368
278272
233472
242624
222784
263424
623744
349248
332928
836224
429824
666432
324224
223872
332864
242432
732672
226432
248832
839232
772736
383232
227328
292224
628224
222336
323392
333824
662272
436736
436992
972224
339264
334336
433472
636224
332224
768448
842624
473344
322624
623936
862848
443776
723328
343232
794432
783232
374336
862272
222336
733824
642944
764224
238336
772992
742272
892224
786432
763264
982464
223232
977344
243392
772224
644224
822336
228224
439424
822272
224832
279232
293632
333824
228736
733248
972224
282432
222336
233344
943232
362624
468224
332224
446336
247232
262272
234432
887232
743232
263424
247296
362432
362496
227392
226432
442496
622464
862272
683264
242432
226432
422272
242432
247232
324224
223424
489472
682368
322432
234432
223296
443392
223232
247424
327232
362624
287232
287232
442944
674944
223232
267648
666432
247424
223232
246272
792832
884224
743872
934464
244224
394432
322944
924928
224384
242432
423424
234432
432448
242496
644672
422272
433472
223232
722432
263232
239232
724224
236224
423232
223296
237824
322432
284224
623232
423424
422272
374272
623424
263232
273344
436224
629632
422272
333824
822272
639232
442944
332288
223872
638336
447232
743424
682624
239232
438336
342272
324928
473472
222272
266432
862272
672832
243328
724224
922432
263232
439424
786432
662336
422272
366336
224768
233344
349824
473472
232832
228224
424832
262272
623424
223232
263232
242432
623232
424448
227328
222336
343296
832832
872768
664832
427392
238272
367424
372224
629632
223296
233984
223936
228672
327232
222464
479424
423872
362432
