47488
23232
24832
72224
78496
62432
66432
47232
26976
33472
23232
27296
23424
72928
97472
93728
26944
77376
92448
37792
33728
43232
28832
29664
28224
79328
34368
63424
77728
99392
48832
43232
22624
49632
79936
47232
32832
66432
62336
27648
48672
26272
72224
23232
36224
93632
32832
23744
22432
73728
86784
28928
72832
32448
33344
42624
47232
42368
69472
24992
27424
22432
22784
92736
22944
29888
42272
34432
23424
68224
42432
82624
23232
42944
62272
42272
79232
83328
86432
63744
62272
44832
34336
27872
69664
38464
74336
43328
49248
44224
36224
43264
66464
32832
63872
42336
43232
34336
79232
23232
36224
37984
37632
26624
29376
44928
64224
92224
24832
62624
83264
79424
23328
27328
32928
32224
23872
72384
92224
83424
33664
33824
68224
62432
37248
42784
27328
43264
68672
27264
62272
69248
42272
29824
93632
73824
28448
22848
73984
33472
22432
87232
37632
48672
74688
97344
62624
87872
77632
42848
33728
92288
37632
43264
24224
82624
38336
44224
23232
72448
22336
29248
72224
67264
62784
34432
24224
29472
32768
23424
44384
73664
39232
88768
87744
23232
77696
87424
23296
34624
72864
72288
77248
62272
32992
23424
88224
97344
97632
33984
22336
43936
39232
23296
72832
23232
39232
24448
28224
24224
46272
63296
22432
87232
26432
69632
24832
22336
68832
34624
42432
64288
92224
26624
22624
28224
78368
22336
42624
82432
42368
24768
26272
72224
34624
32832
22272
88672
42432
23232
36672
37472
26432
23232
48832
28992
24224
72992
74272
22944
47424
46272
42272
24448
44928
42464
92224
22336
74624
23232
22464
63936
38272
48224
49728
47232
23264
23744
83232
66432
27232
86848
63936
62624
34432
47232
96832
42944
32992
22272
34432
23232
67392
49728
77632
94784
23232
92224
78336
38272
23232
63424
24224
94464
66336
38784
22336
88224
62976
72288
26272
44832
62336
38336
82272
34432
46464
26624
33376
38272
87232
62432
74496
92992
22432
33248
92384
24896
98944
78432
36928
23488
44224
66432
32832
89664
26976
23232
73472
37344
32224
22624
78432
62432
94976
63424
32224
82432
43264
23232
34432
33344
22432
62272
34336
47424
76224
22688
43392
38368
24448
27328
89472
32384
67296
23424
62688
28224
68224
23392
74944
72224
47872
44992
96448
26272
42464
32224
32832
33472
47392
24224
22464
67232
22464
23232
22432
23232
42272
38944
38432
74272
23232
43232
64832
32384
66272
44736
33472
27232
63232
27424
63424
94272
38688
83392
89664
62272
44224
23936
62464
23232
22624
63744
42432
62336
23232
73824
42432
22272
77344
62944
68448
82336
63744
47392
94432
63296
37632
72224
28224
63424
43392
22464
68384
64224
42464
63232
93248
46624
72864
47232
68992
43392
34368
92224
77632
27936
33728
26368
44224
82624
68864
24224
76832
32384
33792
73632
23328
84288
42272
92992
74432
46272
23264
72384
74336
27232
22432
42624
32928
87232
44224
48736
32384
23232
82272
28224
23744
42272
32288
73344
64736
44224
62432
24224
24672
39296
62432
37632
23424
23232
33472
72224
33824
37376
22336
23232
33824
82432
22944
22464
72224
43232
69472
43744
43328
42432
94464
74976
27264
34496
42432
67232
27424
23232
24448
86944
22432
26432
49248
64768
24288
76224
62272
33792
76384
27936
39232
26368
68672
86336
34432
39232
72224
49376
83232
22432
62272
23424
22272
44672
37664
63232
67264
27232
28832
92224
43424
64224
77632
72832
32832
73344
83296
22944
22272
26272
24224
28672
63264
23424
32288
23392
42848
42496
33344
32832
22432
22432
73472
86464
47744
42624
87232
27232
46944
22336
32224
76224
72224
22272
32672
72224
62624
22272
44832
72224
42432
43936
93824
28224
82432
43232
23872
27264
44224
64832
33472
36864
63264
32832
96928
86272
89472
68224
36672
46336
64384
34336
22336
28224
22464
22432
98432
44224
23232
28832
62336
38624
73664
72832
44224
82272
79424
47424
24224
22272
26272
63424
27392
63232
32672
23264
22464
22624
94432
49248
22272
88672
42944
22272
67872
23232
23264
72224
44224
23232
24768
36224
36224
24832
88864
22272
22272
76224
22624
37472
24384
82848
27328
88224
22272
84832
76832
92224
28224
93344
22336
24288
63232
39392
27744
22272
24224
27392
27392
32768
33344
96384
74432
23232
27328
36864
22432
82944
42336
32768
34976
92992
36224
66496
22336
29696
27264
32224
23392
28832
93632
63392
66432
39296
33472
47424
44448
23232
39488
28224
92224
76992
24224
33344
23328
79744
22624
49792
23424
23648
66368
23232
22432
22464
43424
38624
27264
44736
26944
22784
43392
27424
44224
43872
36384
23872
76224
23264
23232
26272
28224
33344
37632
32832
42432
34624
44224
47264
42464
42464
73344
39232
23264
86272
22336
84224
34624
62272
27328
37696
87328
24896
47232
79296
23232
29472
23232
43424
22272
22464
82272
42336
42432
28928
27328
22944
67392
22624
23776
26368
47424
46432
82272
23296
22272
44672
24224
32224
68992
22464
42432
67424
74432
44224
89664
22624
43232
33344
68736
82624
98496
97376
26432
72672
42624
32832
67232
27296
24672
23936
86272
29632
24224
76672
74272
37984
64736
74432
22336
84224
29376
62848
24224
78432
43232
43392
27328
78624
24768
22432
44224
62272
29984
46272
73344
76736
46432
63296
44448
23232
49632
89824
92288
24896
22272
89984
42944
42432
87744
42432
87424
96224
23232
42496
22272
62272
42624
44672
34688
46432
28288
33344
23392
43328
26272
97792
23232
22272
47232
92384
24832
93248
22976
33888
66336
82272
34624
42432
43328
88224
82624
84384
46624
32224
64928
24224
23232
73664
67232
88384
23232
22464
94432
69344
46272
36384
24896
23392
23264
39424
43232
42432
27424
73248
32928
73376
62432
66432
82432
27264
36224
23232
29632
23232
62368
33696
22336
42336
27424
96672
36224
23936
23232
84224
43392
47424
42272
82944
34432
42624
82624
38784
74272
47648
92224
22432
39232
42784
29376
22272
44224
92832
42432
83296
74272
23744
22624
39232
22432
38432
46272
36224
23936
38464
36384
72736
33824
43232
29472
43232
64832
23328
82368
22624
43328
62624
49344
23232
22272
43392
34496
27936
23232
22624
33248
23936
79392
47232
26432
93248
43936
92224
83872
76224
74432
76224
26432
23392
44224
38976
42432
22432
62272
43232
33984
23232
36672
32384
87776
94272
84384
47232
24448
32224
27232
77632
22272
23232
24832
32896
23232
76224
46336
23232
26624
22336
32384
28672
24448
29344
83232
22464
38272
26272
86336
46272
77632
36224
24736
48224
32672
62272
73728
62784
43936
96832
22336
92224
44896
38336
42464
33664
82688
37248
76672
28992
22848
23424
42432
36672
92224
46272
22432
32832
23232
26336
32672
42272
22688
66432
44864
83296
26432
34432
34432
27328
47488
42624
39232
74368
36832
22464
32672
67264
34624
98432
34624
62624
64672
67648
39328
28448
27264
33344
73472
38272
62848
24288
22368
23232
72224
24224
73632
34624
36448
83232
34272
27328
42336
98944
74272
27424
23232
22944
29472
39296
26272
44224
22272
43328
24224
22432
69632
78272
22272
44224
26432
46624
32288
42272
23232
92864
49984
29376
32672
22272
22464
34944
23232
42368
34368
22272
93984
82848
63392
37472
26784
28672
62272
42464
22624
64224
72896
24384
92992
74432
63232
33472
22432
42336
24224
36672
34432
62464
89632
22976
47296
43744
37824
62464
28224
47232
38976
33248
84224
23872
46368
37824
24928
63328
42272
84384
32832
42432
42944
48224
37248
92224
72864
24224
23296
42496
26368
69248
23424
63424
22496
22272
43232
33344
44224
84224
64224
49728
32672
32672
47232
33824
24448
23424
26464
47424
39232
24224
32384
66432
22624
26336
92288
63232
28224
38432
37792
26944
62432
32224
67232
33824
24672
32832
49344
33792
62272
37792
44928
92224
47744
92224
92448
26272
39392
23264
72384
27328
22336
34336
23328
49472
26432
33984
46688
28224
49472
94272
29792
24448
29248
97824
62272
23328
84736
24832
42432
22272
36224
24992
42432
73248
92864
22432
82272
32928
23232
74432
42336
22336
29376
84224
28832
76224
46272
26464
38464
24224
82944
32672
22432
22848
47424
23392
77376
82272
34784
39328
23424
42432
22432
39232
83424
47936
34944
63424
82432
63392
46336
23232
32384
23232
42272
97728
33632
43232
98336
28224
33344
24448
22336
23232
63296
23232
44224
23744
43424
47424
86336
38432
24896
24736
34432
67264
88384
26368
29248
63936
43392
63232
66432
34336
39232
28224
44928
23232
26272
62272
39648
43296
76832
23648
23264
44992
42784
22496
66624
22336
27872
32832
39232
63744
66272
83296
93248
43936
34624
27424
74432
46336
23232
24448
68864
93344
22432
74432
32928
23424
27424
76992
79232
28928
84384
33728
78944
77632
48224
92224
34624
43392
73824
93888
26368
29472
42944
26432
22272
34624
63232
32224
82432
43232
22336
49344
34272
98432
38624
33632
33344
92224
23232
32672
44384
23424
43232
64224
27392
94976
23872
22272
44288
39296
62272
43872
86464
43232
62272
22432
22432
93248
89472
84832
96832
83232
47424
39392
89696
43424
27392
26368
44832
99232
44224
74272
93632
36928
23232
22624
42272
73984
64384
33824
32672
67232
23232
39232
46944
24224
67392
92928
24384
23872
76864
72224
26432
22432
22464
33632
97472
22848
62272
33632
63232
76896
22432
36832
47232
24224
27232
43392
33376
39232
32224
34432
99264
22464
73728
63296
39232
42976
37728
42432
79424
33664
27424
23232
32832
33728
37632
22976
78272
38272
33472
22464
43744
46496
32224
48992
23936
24224
36832
22848
22624
43776
23232
32224
34624
23232
82272
74432
83232
28448
62624
92224
26624
48672
32224
48992
46272
79296
87488
92224
22272
24736
28224
26432
63776
23232
24224
83872
43232
26432
72384
32448
88224
93632
23232
43424
82432
27328
32384
32928
63872
32768
62976
34368
32832
23232
22272
24224
27968
33344
76224
38624
68224
63296
92288
42496
33344
26272
22272
62272
37824
73728
78464
29344
37248
42944
29824
38336
99264
32832
94496
22432
27264
36288
72448
27744
62848
32448
63648
23328
22624
42432
62432
23232
73728
43328
82432

