24288768
72443392
34783232
98768384
62286336
22364672
26377728
27284736
33424384
77242624
32338432
23687424
46293248
73379328
23926272
22386432
32779776
28428288
47924224
22266624
68476928
92283392
27469824
43263232
24423424
36799232
38347264
74463232
43444992
32884224
47273472
78239232
72692992
88272896
74783232
34233344
27273728
24747264
42324224
92447744
47374336
22836224
43738624
32342784
62222336
62322432
62262272
32782336
42793984
42229248
46327296
66232832
83278336
24383744
66866688
29297664
93372928
22623232
32223744
63327232
43326464
93236224
63284224
43282432
26776832
42727424
78263296
92332288
22329344
44244224
76639232
32397824
87623424
73343232
38222336
73662464
22674432
23382272
24827648
82292224
33236224
44277248
73733632
94893824
29262336
44726272
23363328
22266368
72398336
34484224
73972224
77343744
44233472
42222336
46463488
43262464
22646272
39647232
26422272
23374336
23636224
24762624
87446272
23843328
49767936
94283264
43239936
43399424
32232448
44372224
68327424
23324672
44287232
22923264
46672384
24232448
62689792
43423232
24474624
86422272
76346368
22247424
42932224
24822272
67339776
44342272
47767296
43487232
64372224
23732992
66247424
44233728
46239488
74222336
47998464
33372672
24244736
33972224
42239232
82233344
37748224
43367424
32227328
92233472
38622464
27226624
97243392
34293248
47286272
37273344
23743232
33227264
22486272
43476224
22629632
73266688
43222272
33379328
84362496
42294272
93238272
43262464
24242432
26997248
83476736
23367424
77622272
66427392
22644224
28634624
72373248
63282944
46443264
74436864
33242368
83444992
43222272
97227264
77972992
23226624
36242432
62623232
28468224
42267392
26272768
33726336
39474432
73294336
47288832
44297728
84747264
66783232
42232832
42984448
32223232
37332224
39327232
72282624
24222976
89326336
98343424
93343232
39732224
82443264
27623424
49628672
28722432
96223232
22682624
32823296
72329472
24842496
87926272
47343872
23327232
42742272
37724672
23932672
72722432
26234368
93449472
26962432
22326272
29236736
44293376
24287232
72447232
34373632
88632832
26362368
22422272
33924864
33232384
22462464
38742272
32622336
23648768
68436224
98962944
24428288
74222848
47322624
92433664
27873792
49447424
27962624
62324992
26282496
84232448
36882432
34322432
23226368
83292672
62267648
72442368
22347776
22373632
68948224
28664832
22262784
72342272
32292864
32472832
73334272
32722432
22746624
86243328
23323648
34638336
27399424
22226432
63743232
28242432
92447232
44446464
47743232
28397824
64424448
74228224
88724736
22362624
72223232
73823232
69343232
32442624
62422272
34222336
63284736
32932864
74377728
73438464
62393344
92374272
27794432
74776832
22887424
32237824
27382784
67442432
28622336
43483648
62299392
28342272
43833344
39442432
27422976
32662272
22226432
93823232
33247232
27333632
23244288
67627264
48379392
74836224
84276224
22482432
26233344
36223232
82486272
27623424
27292672
28923648
36276224
23237632
28348928
22628864
62772736
43666944
37277696
24636928
26646272
72274432
46324224
82879232
23824896
92837632
42642432
27732224
23924224
44926464
34322432
28346624
37332224
42772992
26623232
96272384
23327232
28622336
93328384
22322432
23464448
48722432
23233792
99327232
38244864
24286464
29667328
22222336
42633472
42623232
47322624
43474432
92276224
78794496
22232832
34422272
26233344
92229632
62393344
23934464
92479232
23324672
22226432
98327296
94932224
23222272
62444288
42324224
23647232
96224768
24223232
93332992
74424832
64244224
22327296
22928384
22983424
23832832
27423232
28336896
29339392
22644224
48223232
44423424
82642688
99384832
22226432
74292224
42288896
23237632
82292224
72223232
37272832
22268672
23227392
27892224
32629248
22746624
67644672
36626432
86322432
23734272
29836288
72244224
27469824
23243264
66983424
84824832
82463232
37242624
83493376
64283392
72479232
24967424
29993472
22623232
94239232
63342336
33722624
76743424
22376448
94393344
32233472
34239232
29283328
23796224
88327424
64362496
22443264
28342272
83897344
48367872
22228224
24223232
84338944
44284672
34422272
66623232
34264832
86223872
34868224
23324672
42332672
32244224
93263872
22326272
36822272
22787328
76882432
23222272
34622464
84246272
26232832
43787264
23724288
63733248
37223424
73462272
23327232
33622272
47263232
26223872
29343232
22796288
22226432
22422272
76728832
22239232
92434432
76944384
33432832
33236224
27826432
66294272
62443264
46232832
22326272
96223744
29646336
43223296
32423424
42723328
43922432
22932224
66343424
62972672
42292224
64628224
44223232
33823232
33492224
93443328
63263232
23847424
98344448
63783936
24334336
83679232
49332224
29362432
34296832
33466368
22223872
73942272
46863872
27326464
63329792
32232448
98932992
46389248
43839744
34424832
46266624
22364672
23823872
24628224
92822272
37342464
27327232
42642432
23222272
23423232
47924224
66736384
44373248
33483264
73844224
38772224
62376448
76238336
23277824
34394624
32368896
22249472
34232832
33334784
63722496
33739264
29343232
63387392
37477632
23826432
22664448
62326784
42228224
49294848
37264896
76248832
42996224
92428288
42879232
42382336
34687744
33773824
32222976
86243328
32434432
22623232
23476224
77266432
27723264
26938368
32743424
38262272
49228288
27382272
87422464
47322624
64647424
96272384
32732928
22222336
72922624
39284224
22262272
48377344
33223424
62482688
23749376
26399232
23327232
76639232
46347264
22339328
23323392
84922368
42442496
23448832
43283968
33437696
44223232
42322688
43723264
48824832
33332224
98424832
88323328
93223424
29384448
34422272
32479232
92344832
43743232
34226432
23483648
74322432
72379392
43248384
64222464
73262336
32433664
33384448
37328384
73334272
32274432
47433472
87647232
72722432
72287232
46889472
92263424
38392832
26322432
29247232
42437632
22373376
36274432
32223232
22224384
83882496
72767232
94293248
42723328
28223744
68472832
94324224
87762432
46422784
49362432
22222848
42772224
86322432
28732928
24272384
63992832
32722944
93938432
96982272
23442432
44343296
23344384
74228224
74294272
42279424
44274432
66239232
99374336
73489664
26382336
44287232
72383232
33247744
26346496
26392832
94292736
34644224
33227264
23733248
33462272
24284672
62623232
82228224
63329792
23326464
93334272
28233728
44483328
32223744
67278336
22423296
32287232
94647296
66234368
96372224
84228864
46926336
42623232
24826368
32793392
34844672
83922432
83243264
24263424
69343232
93323264
33362432
32223232
27883264
62236928
72836864
33637376
72633344
94386432
92299264
73343232
46222336
67732736
36722432
36799744
64648448
97322496
34422272
66263296
37324288
62687232
27222272
83469824
84882432
72466944
42324224
63833344
22492928
23442432
49724928
63282944
29483264
76342784
22484736
83333632
72927232
42234624
23224832
47263232
32373248
22424832
79839232
82823424
34878464
22326784
62623232
26226432
92824832
94232832
32937472
23294464
47342336
63742464
83636224
26367488
23742464
32624384
27239424
82232832
39644672
78932224
92263424
32384768
27323392
29882368
24844288
34942976
24292864
32722432
43632384
36393472
23924224
66469632
33642496
86294272
22738432
62373632
37326336
22388224
72274432
96233472
24223488
49247232
32276224
46744832
46262272
49223424
23922432
72334336
43382272
42834432
32246272
24743936
34687232
38742272
33723392
62367232
24333824
74423296
23762432
22676224
63623424
22729728
22239232
27723264
22773248
82424832
28923392
72242432
33332224
42733824
88249344
32372736
24378368
62473472
22727424
83482624
27222784
62989824
23333632
47423232
38277632
92323328
32786432
29343232
22777344
42226432
42322432
79472384
76242432
76223232
46362624
23474432
47423232
26349824
43973632
68743424
22943232
94264832
66232832
27732224
44293376
33342976
34324224
32767232
46463232
93622272
22322432
76662272
62838272
76223232
24233472
43444224
32232448
34676224
93622272
23337472
44223232
67836672
49273344
33287424
22826496
44347392
42283264
74932736
22234624
23236864
34266624
72332288
32287232
22262272
26247424
32223744
32229632
92734976
26486272
32447232
46422272
64722944
36223232
23243264
32372224
22772224
44338432
47322624
94294272
39244288
27442432
22633472
22837248
92423424
44472832
47228928
23343872
42492672
47423232
43222272
74293248
22328832
42232832
22384384
22324224
27674624
23634432
68946432
24333824
44427264
38862336
92767232
92943872
73362432
76233472
82229248
43483392
83828224
23328768
44274432
22239744
62277632
32633344
63333888
23892224
94478848
73672448
68229632
67689472
43323392
24924672
34324224
28833792
24342784
23262464
49276928
22234368
62674432
33432832
47376384
39423744
27797248
22322432
83382272
42223872
42232832
48236288
33968384
67423232
22298624
26862336
33234944
24747776
93338624
32232448
86932224
38422272
24223232
42687232
32244224
72223232
62223872
64393728
28924928
42262272
22332928
22329344
76462848
22868224
24863232
33727744
22843648
32886272
42847744
39839232
34984448
27296768
23274496
39393792
82823424
28249344
89247232
44472832
42732288
72287232
32372224
34836224
48726272
62422272
74292224
23894272
43636224
92244224
96626432
29767936
87222272
32348672
67922432
42692864
33722368
44447232
22742272
46292224
48972288
92478464
33739264
32374272
84223232
73373696
32692224
42297344
32788224
44222464
34648832
84372224
32287232
23348224
23224832
23222272
26228224
73233664
43342336
69624832
82327296
39932672
46386432
43227648
94232832
24643328
33332224
22797824
22324736
23222272
23244288
42642432
93823744
24863232
69236224
94326784
47822336
42237696
62633472
32332288
34394624
98746624
23243264
99292672
72232448
76222464
86646272
89362432
36267264
26298368
37422848
43222272
89833472
43742464
22266624
22222848
36324864
44788992
72237824
24249344
27944448
22344448
22423296
24238336
77434368
37432832
27732224
33278464
28468224
78399232
26232832
28484864
22844928
33223424
92237824
37339392
72372224
24334336
22627328
22823424
86226432
42934272
64323328
63222272
84243968
92863232
73223424
92242432
37428224
34324224
22377472
47922432
72234496
82388224
23723392
24677632
27487232
43378432
48223232
66949632
47368448
42243328
34284288
24223232
22249728
26367232
42742272
83774464
29343232
33323264
44223232
22222336
64976384
22262272
62826496
76342272
36274432
39282432
72276992
43346432
22623232
78623232
32937472
82228992
67623424
24628736
43624448
36843264
23222272
44724992
82229248
26428672
29767936
26473728
37439488
28726272
38699264
27323392
23327232
97298432
23642624
29287424
72882432
72368384
33622272
36628224
32284672
33833472
24282624
26322432
64223232
94324224
89748224
33772736
32227328
22247424
36849664
24927488
32623232
89722368
22646272
42463744
62783232
26348288
32923392
93492992
22373376
26322432
93433344
22262272
87924736
43372288
22347264
24342272
23239424
73323264
26727424
43243264
37364224
44237824
63877632
77264384
23628288
43239936
22279424
29223424
36263424
23892224
46738432
73332224
32463872
46843392
73334272
26339328
76242944
49234432
94328832
63246336
26799232
92223232
64242944
22362624
28943872
84793344
67764224
64436224
22742272
48494336
72442368
44843776
78623232
23289344
24383232
76662272
26239232
72223232
86642432
63422464
86223872
37393664
43892224
72223232
22943232
22393344
74983424
22429696
29328384
32383232
22689792
23892224
36693632
26228224
72364288
62674432
32244224
27423232
22324224
83348224
73274624
72223232
23387392
46226432
24439296
22263296
43992832
48287232
23926272
24242432
34847232
28372992
38222848
22623232
33444864
43736832
62482432
83384832
72233472
64632832
26239232
42329344
26422272
39926272
63223296
32932864
82292224
62279424
23342336
33823232
22783232
34839296
22943744
33893376
34422272
37972224
28242432
23222272
22232832
26842624
22364672
84434432
92246272
78773248
62928896
36237824
99333632
74622464
22373376
29432832
94663424
66324736
22396928
62676224
28462848
22834432
37223424
24333824
82829824
84468992
67738624
84434432
43497472
38329344
62776832
44429824
22623232
22422784
74428672
73323264
36862464
28434432
78772224
73333248
32229376
82463232
67263232
42422272
86228992
24438272
62636288
27467264
83323392
26226432
44338432
62324224
22222336
69624832
32372224
36372224
23327232
83224832
32342272
77663232
63342336
92434432
72479232
79222272
93364224
63222272
38332672
23472384
22426624
28824832
82279424
77226496
33669632
46623232
72762624
92863232
22932992
29422336
83423232
64489472
72393472
22324736
69364224
93983232
23237376
72942336
22384896
43723264
24222464
27963392
62239232
49426432
62382336
23747328
93323264
92233728
32223232
22442496
98646272
22732288
27227648
28679424
77374464
24223232
92662784
47263232
43647232
24927232
82222336
24242944
79349248
22949376
26332672
82847232
27647232
62836224
23224832
42667264
28733696
46462464
33343488
43943424
89934336
63243264
22247424
86774272
74792448
76244224
74827264
62482432
74363648
23337472
87322624
39422976
89274624
43623936
24822272
43237376
48333824
29289472
32372224
46836224
44273664
38382336
32242432
96662272
49432832
82433792
32324864
34222336
27249664
93767424
39222272
37623296
44224768
22294272
48444928
27484672
46226432
38223872
32297728
86324736
22838272
82226944
83423744
66444288
47478272
96666624
27638272
33223424
43732992
23342336
33942272
72246272
27433472
32633344
69733376
38478336
98623232
62968832
22492672
42232832
32784384
69496832
43346688
23693824
34462464
42623232
32242432
64229632
93839872
34376448
97262336
33823232
92283392
66322432
23327744
23386624
39222272
82962432
42373632
62292224
22783232
27226624
38343424
88227328
26783232
64436224
28284928
42743296
22437376
23243264
86293248
62222336
62693376
63423232
64328448
84822272
22224384
33242624
62396672
76383232
23284224
67764224
24372224
29293824
36342272
93374976
22672384
44623872
24822784
62972672
46226432
26832384
33422336
36628736
27322624
33236736
22362624
23364864
97332736
46934272
37686272
38843392
29362432
44662272
23772672
43282944
36263424
87226624
93223424
24848384
22243328
46962432
22267392
26322432
64342272
63999232
32423424
33437696
33274624
32927232
36963328
38239232
72638464
42972672
69444864
24863232
32836864
93343232
43732224
82484224
83476224
26932224
48474624
82932224
34829824
77332736
33422336
82266624
22244864
67467264
33428224
49432832
92342272
23222272
27683328
28346368
92298496
38367232
42627328
24338432
24233472
74443264
92223232
72393728
22262272
63333376
42623232
33279232
27327232
66723328
23282432
26343424
43222784
84493824
22747392
22644736
32223232
42362624
62966272
82477824
44668928
73842432
22644224
26667264
73328384
32223232
82222336
42367232
42322432
32263424
29627392
74932224
32244224
62233344
22234624
44447232
24244224
46738432
24348672
27922432
77364224
22442496
34367232
34292224
22392832
94264832
22328832
38224384
22733824
23332864
72692224
24794624
32622336
23222272
32722944
24722432
82232832
84327424
32884224
74243328
46247424
24223232
97677824
82292736
23227392
74229248
62247424
62329344
82283264
23327232
72427264
49844224
73462272
34834432
62234624
63432448
47626496
26883328
74223872
22727424
22649344
23273472
26863872
86322432
44287232
29428224
32342272
24239872
28822272
22277632
62923264
24722944
34343424
24639232
23463424
39732224
33236224
38872832
43222272
27367424
22836224
22326272
26232832
86273792
83332864
92643328
66676224
24274432
34232832
22844672
27829248
39339264
72722432
63947264
64284928
26232832
46823936
24374272
26243328
62482432
26362624
24489472
24837632
23327232
29733376
28827648
28434432
63999232
87437824
23243264
27793664
22422272
92634624
67627264
24948224
27223296
26262272
29672448
23433728
64922368
26332672
73227264
92432896
98623488
47429632
22324224
32223232
78324224
24438272
83423488
84223232
22444288
73467392
23222272
39637248
92287232
27243264
67224832
34322944
36264448
32287232
46234624
43627264
66472448
39333632
43423744
32332288
32634624
28223232
66422272
47222272
43487744
76622336
32292864
36788224
24928768
37234432
26272768
46499328
32223232
69433344
74893824
67342848
93362432
32344832
26672384
79322368
42932736
22729472
34324224
96283648
33394688
28428288
33342464
22322432
43469824
62664448
42332672
23444736
62932224
22377472
74422272
33436928
23442432
43833344
26236928
27779328
87924224
22633472
62228224
32822272
62223872
33332224
22222336
78623232
28724224
26222848
36822784
83922432
84739328
46322432
23382272
42792448
32372736
66332672
73234432
22322432
64223232
43623936
23647232
62482944
24372736
22633472
34332672
42723328
43423232
24922368
24927232
83423232
22633984
43723264
96373248
22469632
44229632
74262784
62623232
77364224
28786432
78627328
23232768
93433344
22847232
22827264
42426624
29742336
34642432
43728896
82484224
42324224
72223744
33466368
62226432
28222464
23224832
73874432
73428224
48274944
22267392
28739328
32229376
77432832
86262272
62224384
22947328
37883392
22322432
84626432
32244224
82823424
74243328
22623232
38646272
22324992
26994944
27724288
37974272
62224384
48423424
22326784
23742464
27427328
72323328
27636224
73733632
44624384
44927232
29944832
24437248
63348992
28223744
62329344
23683328
72233728
92227328
23227392
22443264
38262272
62267392
28442624
42423296
43226624
37337344
73744384
27732224
63836672
48293632
43288832
47732224
43267328
74642432
43988224
42322432
44862464
76662272
33242624
94343424
32284672
32634368
28383488
44982784
76223232
38928896
22687232
33837824
73333248
22422272
79482368
23734272
62948864
22887936
33422336
62842368
74484224
68732928
46426624
22943232
24722944
44244224
32223232
33622272
34279424
42288384
23327232
34379264
24447232
23327744
24823296
64383232
23427328
92679424
76374272
34228224
47722496
26482432
72223232
23322624
27222272
37332224
22222848
22228992
82422272
42277632
46232832
22322432
66823424
32732736
83733248
44634624
34228224
33223424
82238464
48223232
46388736
22968832
32242432
72223232
29422336
77332224
23222272
22393344
32233984
78463232
84882432
47423232
22243328
43638272
32442624
26232832
27894272
28283648
22383872
42962432
46223872
86329344
22326784
88223232
36246784
79399424
92722432
43692288
27322624
33622784
84722944
64222464
42232832
62277632
94226944
72242432
83732224
39222784
93983232
63227392
32342272
78776832
22232832
24423424
87224832
32223744
22224384
36363264
44383232
26322432
32276224
22393344
46239232
43444224
84882432
39493632
38927872
32237824
92682496
62292224
96722432
73334272
22343424
38943744
29332224
63883776
62236672
93492224
22222336
23634432
43636224
22367744
62926336
33727232
38226432
42623232
23423744
23642624
37669376
84639232
62332928
92793344
39284224
33423872
84434432
42239232
72372224
66226432
87732224
23779328
87992832
63286272
32423424
76223232
26362368
43332864
63227392
64336384
39924224
27892992
78866432
24948224
72922624
66228224
36483328
82322432
92773632
44863232
24284672
32232448
72622848
34223872
42422784
92223232
22324224
83743232
62623232
86236672
44242944
39224832
82492672
24242432
32342272
39272448
26648832
62423296
49439232
46332928
33234432
44246272
32927232
27423744
22622976
99248384
32664832
42932224
32342272
22386944
24227328
49432832
72922624
23444224
32233472
29428224
22332928
29663232
23242496
62324224
92423424
64383232
66622464
76329472
32223232
96327424
63822336
33276928
43327232
24372224
62228224
74228224
22927872
76242432
83248384
26924288
46262272
62292224
73232384
27222272
24423424
92242432
29294336
64223488
22366464
26678784
26486272
73223424
22623232
63226624
92474624
82343424
93723648
22229248
28462848
72639232
22286848
62622464
24822272
22427392
82228224
43222272
83346432
42473728
23733248
23693824
34772224
94292224
36822272
78222336
33247488
42423296
24949248
22727424
62923264
24863232
42233344
34226432
46226432
22422272
64922624
27299328
22226432
82236672
74268928
27226624
39924224
32847872
73332224
92632832
62238976
43333632
32223232
27222272
94324224
72946432
32329472
37243392
93844224
22239232
32332288
37992448
28363264
27762432
92323328
39223296
73332224
44323328
83228928
32927232
26422272
62223872
26926336
29667328
34663424
23339264
24632832
33468928
24223232
24244224
66222336
26367232
26772736
69844224
42437376
22422272
78322432
34642432
34239232
74742272
48442624
83346944
82364672
96434432
48223232
76663936
22362624
23423232
42842624
34484224
33242624
72743424
22934272
24447232
34228736
29279232
37622272
36762368
32274432
86226432
33274368
33322496
33239296
64223232
32278272
24223232
22249472
87327232
38623232
78623744
72423424
36447232
38644224
23922944
62324224
26322944
74829824
24442368
28432384
36423424
22727936
42322432
43743232
33229824
32342272
97434624
94843392
48267264
24223232
22326272
22482432
33344768
38644736
49244672
29622272
23724288
23243264
22742272
33287424
22233344
47269632
84344832
23446272
34332672
64649472
24679424
26674432
23924224
93334272
22636288
22223872
33386496
43333632
29242368
76443648
23222272
94228224
62247424
67832832
78222848
36342272
42422784
67342336
37343232
27372288
27346432
93276672
46226432
84466432
62823424
69224448
22262272
42693632
33724672
24242944
28223232
24923392
82367744
23393792
49272832
38424832
28238336
96927232
33332224
22427392
44722944
33422336
36342272
27444736
32372224
63348736
36242432
22226432
23439872
26373632
26922496
26422784
84722432
73822464
26623232
62322432
24223232
83243776
49293824
64342272
43824384
38723328
47474432
72442624
68327424
23322624
83922432
32223232
28732672
46283264
42844672
34463232
72822272
32242432
82283264
46263296
46727424
27486464
23638272
28683264
76377344
24372224
27834624
43829248
24729344
23263232
27623424
94734336
29364224
22268928
28792832
46774272
33842432
22363392
64384768
28743936
63222272
23924224
24378368
84393984
42296832
82332672
74633728
24636672
28342272
47222272
76223232
29722624
84244224
22366464
24822272
27444224
63624448
92483328
72344832
22273792
92222464
22292992
24329728
72744448
46293248
22233344
49929472
42766336
22226688
33332736
42783232
79327232
42332672
74928384
37323264
73887232
73223424
92242944
46644224
26222336
32274432
32233728
22932224
44927232
34326784
32372224
68724224
48476672
47228928
47237632
73244672
23732736
84434432
29362432
28438272
32223232
48636672
38262272
62262272
22687232
24382464
47323648
42322432
92229632
24229888
72274432
62222848
42233344
22393344
72436224
22277632
26386432
93793792
42224384
32223232
37837824
84434432
23348224
33823232
99423232
33223424
26226432
32434432
64272896
42322432
83638272
22887424
88223232
29332224
49238272
89823232
27482624
44242432
39222272
39433984
36432384
62243328
34292992
22873344
34298368
39226624
72496384
34232832
26463232
33462272
22666496
38923264
34682624
36726272
39239424
82382336
83342336
22222336
43279232
88229632
47224832
77942272
22326272
66239232
23937792
78644224
34262272
22727424
44724224
68342272
93242624
99432448
98883328
33332224
43636736
34294784
22226432
27299328
42742784
26332928
24223232
47348224
84639232
33297664
29236224
32276992
49326336
24223232
42923264
32927232
83924736
23736832
32273664
42962432
28782336
23922432
36662272
62239232
28342272
36323328
36726272
22994432
24263424
22362368
22727424
64424448
26678272
46222848
24496384
86633728
92822272
23333632
28967424
29332992
74279424
63272448
42422272
64223232
33279232
27344896
27323392
76223232
33622272
22773248
94838272
72223232
82766336
23463424
87762432
24476672
23373824
29229824
83342336
22322432
42332672
64246272
32744448
23384832
23327232
64372224
82296832
67242496
62224384
32722432
42936832
48229632
42332928
74326272
62644224
23826432
64249344
76722432
46228224
82842624
23663872
72293632
87822336
68342272
82238464
62324224
28473344
37237248
73239296
46433792
23322624
34232832
33724928
68729344
33223936
28323328
26667264
96282624
43342336
33938432
27282432
32722432
27386624
33782272
62484224
42223872
74746624
42748928
49272832
47237632
88223232
43634432
22926336
22664448
23222272
22292736
47222272
26437632
33364224
33434624
48242432
72436224
78292224
72242688
26873344
42489344
44227328
22324224
22482432
24434432
49223424
44423424
22263296

