928
224
336
232
392
224
328
272
664
328
448
664
232
328
336
888
384
432
832
384
376
784
336
232
624
272
272
736
864
872
848
232
424
384
232
272
424
936
432
744
264
432
728
464
272
224
272
392
232
272
432
728
224
872
672
432
864
976
272
392
832
232
976
648
624
624
784
224
296
784
784
264
784
944
224
368
232
672
272
232
232
232
432
632
968
648
832
632
264
432
432
232
432
872
328
464
824
632
392
992
432
872
248
432
424
432
376
272
232
736
464
992
432
672
432
824
232
272
272
328
496
432
224
992
648
432
224
464
432
848
224
672
984
224
928
224
296
944
944
792
784
288
928
328
424
232
224
344
368
432
232
824
336
424
744
264
432
432
392
944
224
736
384
296
344
296
792
824
248
384
344
624
464
672
344
968
336
224
384
832
672
464
744
224
272
232
232
944
448
376
624
424
448
784
224
832
336
784
224
376
296
968
336
824
648
448
776
344
992
432
432
736
632
792
264
424
224
432
832
448
728
832
392
264
448
864
432
632
632
344
272
344
632
272
296
232
272
432
792
328
432
472
328
264
624
872
448
472
232
632
992
232
272
224
496
432
272
624
944
384
432
264
224
224
424
464
344
232
448
976
224
632
424
632
632
736
392
344
848
272
432
424
224
632
336
632
336
872
976
832
344
432
384
432
328
328
392
232
936
224
672
632
624
944
224
424
664
232
832
384
872
328
424
224
736
648
984
744
792
832
432
232
264
464
992
864
392
832
992
832
424
272
872
432
328
624
936
272
328
224
872
432
464
336
336
472
424
784
824
264
432
224
432
832
832
976
432
232
432
272
632
224
224
472
872
272
696
224
632
328
488
272
392
672
832
232
232
392
224
464
376
488
272
344
744
944
328
432
872
232
232
328
824
936
224
432
832
344
376
936
272
864
784
224
784
232
392
328
384
424
432
624
344
424
432
424
432
424
336
272
264
232
464
736
824
448
264
232
224
232
224
632
448
432
272
424
232
224
376
328
632
768
272
432
224
248
632
832
424
472
496
224
392
632
288
232
432
864
296
328
272
744
328
632
424
392
224
448
272
392
432
232
768
432
376
232
624
936
472
232
392
464
744
272
336
472
248
472
392
832
832
976
336
976
264
432
272
272
288
232
424
672
232
832
224
392
224
832
864
624
224
672
944
424
424
288
296
368
368
384
336
992
368
264
632
632
392
688
224
648
272
288
392
272
232
248
464
936
232
344
624
296
776
864
328
272
792
224
472
472
232
424
272
944
328
864
624
784
328
232
224
624
224
264
968
224
344
232
864
976
424
872
424
432
272
832
232
496
472
824
472
232
368
248
432
376
264
664
992
848
936
872
384
224
272
432
496
296
272
424
392
232
432
488
464
344
384
272
664
472
824
224
232
824
272
784
224
264
224
672
248
336
432
832
296
768
728
232
784
736
224
232
272
432
232
976
384
232
432
232
928
232
792
232
488
784
728
272
432
328
344
432
224
744
624
272
328
272
432
832
728
432
336
824
232
224
472
296
448
432
272
472
224
624
232
328
984
432
792
632
976
672
224
336
424
928
272
384
232
232
424
664
432
224
224
224
832
248
768
432
944
936
472
336
624
832
264
672
848
344
392
224
632
992
976
632
632
248
424
344
336
232
224
232
624
232
832
448
232
976
688
424
328
224
368
424
776
272
696
336
736
432
432
624
248
448
672
336
224
272
424
744
328
464
776
928
264
832
496
248
368
688
272
232
944
328
824
392
264
432
488
424
336
424
328
432
464
424
432
832
664
272
624
432
224
824
432
424
632
848
648
976
432
672
472
272
648
232
336
232
824
736
432
224
392
432
464
384
232
224
336
232
432
928
224
336
944
232
424
272
384
264
432
344
336
288
224
368
296
848
936
336
768
432
664
864
224
224
728
624
432
392
328
832
224
432
264
496
224
368
992
472
624
896
448
744
432
224
832
224
272
232
224
272
648
344
928
424
464
632
624
864
272
392
424
632
336
224
392
232
232
432
632
624
872
624
464
672
328
928
288
232
224
392
232
784
272
872
264
832
424
368
824
472
424
224
976
232
336
632
224
384
432
632
728
432
272
632
832
272

