24
32
32
32
48
28
24
32
36
84
24
72
32
24
32
32
32
84
64
64
36
24
72
28
28
48
32
32
72
44
28
44
32
64
28
72
48
64
96
32
48
32
32
68
32
88
36
72
24
36
72
76
72
84
64
64
96
32
76
64
72
32
72
28
32
28
76
44
24
36
72
44
32
44
24
96
32
24
32
44
44
88
72
28
96
68
68
96
64
48
64
44
28
24
96
32
88
72
28
32
32
84
24
24
28
84
48
28
64
24
44
72
44
24
32
72
28
28
48
72
44
32
24
24
84
48
24
92
24
32
32
96
92
36
32
32
72
32
24
72
76
72
64
72
64
72
92
24
88
32
28
44
72
32
36
48
32
72
72
24
96
96
28
36
32
72
72
32
92
32
44
92
24
48
96
24
72
72
32
48
48
96
48
32
44
72
68
64
32
24
96
84
84
24
72
32
28
72
24
36
48
32
84
36
84
32
84
64
88
84
36
32
36
32
24
32
28
32
32
44
28
32
72
84
68
32
32
24
28
32
48
88
24
32
72
24
72
